src/nupyprop/models/beta_tau_pn_bdhm_rock.ecsv
# %ECSV 1.0
# ---
# datatype:
# - {name: energy, datatype: float64}
# - {name: beta_pn_bdhm_cut, datatype: float64}
# - {name: beta_pn_bdhm_total, datatype: float64}
# meta: !!omap
# - {Description: Model/parameterization dependent photonuclear energy loss lookup table for Tau in rock}
# - {energy: 'Tau energy, in GeV'}
# - {beta_pn_bdhm_cut: 'Photonuclear BDHM energy loss model beta values integrated from y_min to y_max=1e-3, in cm^2/g'}
# - {beta_pn_bdhm_total: 'Photonuclear BDHM energy loss model beta values integrated from y_min to y_max, in cm^2/g'}
# schema: astropy-2.0
energy beta_pn_bdhm_cut beta_pn_bdhm_total
1.0 0.0 0.0
1.2589254117941673 0.0 0.0
1.5848931924611136 0.0 0.0
1.9952623149688797 0.0 2.4087116864522736e-09
2.51188643150958 0.0 2.549196700496905e-10
3.1622776601683795 0.0 0.0
3.981071705534973 0.0 6.829404347162383e-10
5.011872336272724 0.0 2.2450516454134365e-09
6.309573444801933 0.0 4.423574847086068e-09
7.943282347242816 0.0 7.202314491439106e-09
10.0 0.0 1.0322438452144768e-08
12.589254117941675 0.0 1.3619387455941135e-08
15.848931924611142 0.0 1.7103775837692652e-08
19.952623149688797 0.0 2.0621017492683095e-08
25.11886431509581 0.0 2.419127736157753e-08
31.622776601683793 0.0 2.7650421461335384e-08
39.810717055349734 0.0 3.1104087499183505e-08
50.11872336272725 0.0 3.4382324940114384e-08
63.09573444801933 0.0 3.742118335810005e-08
79.43282347242817 0.0 4.028267609181281e-08
100.0 0.0 4.294938841335954e-08
125.89254117941675 0.0 4.5387560432998e-08
158.48931924611142 3.496828809256169e-11 4.7635254789526766e-08
199.52623149688807 1.9229400107464637e-10 4.9720122881568086e-08
251.18864315095823 3.280108926595661e-10 5.161931917224623e-08
316.22776601683796 4.444277946311715e-10 5.3390139424443166e-08
398.1071705534973 5.445803492911713e-10 5.505658985863405e-08
501.18723362727246 6.307959457870339e-10 5.6636596635439726e-08
630.9573444801937 7.054065233479651e-10 5.815114174591831e-08
794.3282347242822 7.699691250106269e-10 5.965494680872254e-08
1000.0 8.262737881476863e-10 6.114247071655875e-08
1258.9254117941675 8.756753275666525e-10 6.265040275595106e-08
1584.893192461114 9.193327220920565e-10 6.41955794453151e-08
1995.262314968881 9.58048872231385e-10 6.580153040436094e-08
2511.886431509582 9.927571598975946e-10 6.74611305379182e-08
3162.2776601683795 1.0261744299304702e-09 6.920440683695715e-08
3981.0717055349733 1.0524748869003634e-09 7.102438440381709e-08
5011.872336272725 1.078532213809659e-09 7.294429825653403e-08
6309.573444801937 1.1025561280922364e-09 7.495987505112574e-08
7943.282347242822 1.1249378765474545e-09 7.707483174175513e-08
10000.0 1.1459382103655282e-09 7.929146340748427e-08
12589.254117941688 1.1659607817998604e-09 8.161888165557476e-08
15848.93192461114 1.1849009058760152e-09 8.405475170867602e-08
19952.62314968879 1.2032361551284417e-09 8.660052648001643e-08
25118.864315095823 1.2211669780675084e-09 8.92595245924365e-08
31622.776601683792 1.2389499740880972e-09 9.202874434814471e-08
39810.71705534977 1.2565382399101602e-09 9.491186089250715e-08
50118.72336272725 1.27437879721013e-09 9.791174172716304e-08
63095.73444801943 1.2923869112375989e-09 1.0102521737708465e-07
79432.82347242821 1.3107955932443393e-09 1.0425529561123204e-07
100000.0 1.329889178090565e-09 1.0759966905710225e-07
125892.54117941688 1.3494320209991813e-09 1.1105973125890054e-07
158489.3192461114 1.3698952436763867e-09 1.1463747743538561e-07
199526.2314968883 1.3912278797127678e-09 1.1833174337721725e-07
251188.6431509582 1.4134368492629025e-09 1.2214188338114196e-07
316227.7660168379 1.436674596558641e-09 1.2606879015411417e-07
398107.17055349774 1.4609374625839811e-09 1.301131070733691e-07
501187.2336272725 1.4863561441980622e-09 1.3427446872342824e-07
630957.3444801943 1.5128240132270378e-09 1.385529079570513e-07
794328.2347242822 1.5405082178577631e-09 1.4294889933791016e-07
1000000.0 1.5693838198454672e-09 1.4746208667356713e-07
1258925.4117941686 1.5994983437026976e-09 1.520927408580418e-07
1584893.1924611141 1.6308418495030395e-09 1.5684074652637145e-07
1995262.3149688828 1.663439175077519e-09 1.6170655167565597e-07
2511886.4315095823 1.6972921136445236e-09 1.6668990703078594e-07
3162277.6601683795 1.7324240570937977e-09 1.7179089500764389e-07
3981071.7055349774 1.7688463002267002e-09 1.770096192110905e-07
5011872.336272725 1.8065695031225958e-09 1.823460023371732e-07
6309573.444801942 1.8455645770689245e-09 1.8780012416809035e-07
7943282.347242822 1.885890432308246e-09 1.9337203450349678e-07
10000000.0 1.9275072390593577e-09 1.9906179516789724e-07
12589254.117941687 1.970408475647295e-09 2.048693383890222e-07
15848931.924611142 2.014654415054693e-09 2.1079471778193503e-07
19952623.14968883 2.060232815108126e-09 2.1683801882257872e-07
25118864.315095823 2.107114206305027e-09 2.2299912006042903e-07
31622776.60168379 2.1553208348111047e-09 2.292781521814525e-07
39810717.055349775 2.204844221040371e-09 2.356750750158303e-07
50118723.36272725 2.255693780705046e-09 2.4218995324279063e-07
63095734.44801943 2.3078563386127935e-09 2.488227126059991e-07
79432823.47242822 2.361348827872334e-09 2.5557342732670696e-07
100000000.0 2.4161668301697045e-09 2.624421180332927e-07
125892541.17941661 2.4723076806403128e-09 2.69428685422828e-07
158489319.24611175 2.529773980417098e-09 2.7653323839809585e-07
199526231.49688828 2.5885666416548553e-09 2.8375578845508615e-07
251188643.1509582 2.6486807608668986e-09 2.910962528365709e-07
316227766.01683795 2.7101234786774147e-09 2.9855469792856927e-07
398107170.5534969 2.7728922193523394e-09 3.061311097868603e-07
501187233.6272735 2.8369864035578228e-09 3.1382548770526254e-07
630957344.4801943 2.902407186951325e-09 3.2163783508524126e-07
794328234.7242821 2.9691541535309763e-09 3.2956814419803413e-07
1000000000.0 3.037227617589341e-09 3.3761643257460725e-07
1258925411.794166 3.1066277819191046e-09 3.4578273093045465e-07
1584893192.4611173 3.1773544176170513e-09 3.5406699541046523e-07
1995262314.9688828 3.2494080690608147e-09 3.6246925803893196e-07
2511886431.509582 3.3227887946378926e-09 3.7098948750633476e-07
3162277660.1683793 3.3974959974081034e-09 3.7962769208203145e-07
3981071705.5349855 3.473530501817465e-09 3.88383748480692e-07
5011872336.272736 3.550892055703204e-09 3.972581021654374e-07
6309573444.801943 3.6295806908111604e-09 4.062502328789555e-07
7943282347.242822 3.709596525139708e-09 4.1536038350783717e-07
10000000000.0 3.790935579672551e-09 4.245885035332112e-07
12589254117.941713 3.873602860781918e-09 4.3393462620307643e-07
15848931924.611174 3.9576074231499915e-09 4.433987861915691e-07
19952623149.688828 4.042932303187913e-09 4.529808788291033e-07
25118864315.09582 4.1295484752100625e-09 4.626809642725481e-07
31622776601.683792 4.217563900173392e-09 4.7249902943576457e-07
39810717055.34985 4.306870723007302e-09 4.824350753317471e-07
50118723362.72735 4.397504900951622e-09 4.924891097531537e-07
63095734448.019424 4.489466439575407e-09 5.026611282135428e-07
79432823472.42822 4.582755365855561e-09 5.12955736885683e-07
100000000000.0 4.677333202601019e-09 5.233638686396255e-07
125892541179.41713 4.7733153988287085e-09 5.338900173673421e-07
158489319246.11172 4.8705865130166075e-09 5.445343852603529e-07
199526231496.88828 4.9691850515067574e-09 5.552966092267024e-07
251188643150.95822 5.0691110211633e-09 5.66176805132504e-07
316227766016.83795 5.170364407877476e-09 5.771750153627092e-07
398107170553.49854 5.272945228597648e-09 5.88291217357199e-07
501187233627.2735 5.376853481126947e-09 5.995254157600024e-07
630957344480.1943 5.482089177373601e-09 6.108776036512276e-07
794328234724.2821 5.588652315409921e-09 6.223478074922889e-07
1000000000000.0 5.696542879567982e-09 6.339353843602676e-07
