src/nupyprop/models/beta_tau_pn_bdhm_water.ecsv
# %ECSV 1.0
# ---
# datatype:
# - {name: energy, datatype: float64}
# - {name: beta_pn_bdhm_cut, datatype: float64}
# - {name: beta_pn_bdhm_total, datatype: float64}
# meta: !!omap
# - {Description: Model/parameterization dependent photonuclear energy loss lookup table for Tau in water}
# - {energy: 'Tau energy, in GeV'}
# - {beta_pn_bdhm_cut: 'Photonuclear BDHM energy loss model beta values integrated from y_min to y_max=1e-3, in cm^2/g'}
# - {beta_pn_bdhm_total: 'Photonuclear BDHM energy loss model beta values integrated from y_min to y_max, in cm^2/g'}
# schema: astropy-2.0
energy beta_pn_bdhm_cut beta_pn_bdhm_total
1.0 0.0 0.0
1.2589254117941673 0.0 0.0
1.5848931924611136 0.0 0.0
1.9952623149688797 0.0 2.5085393599408435e-09
2.51188643150958 0.0 2.6886903370788874e-10
3.1622776601683795 0.0 0.0
3.981071705534973 0.0 6.87458812700717e-10
5.011872336272724 0.0 2.260835030574104e-09
6.309573444801933 0.0 4.4594126205330245e-09
7.943282347242816 0.0 7.269333100839638e-09
10.0 0.0 1.043238261921835e-08
12.589254117941675 0.0 1.3783622764154767e-08
15.848931924611142 0.0 1.733503929108612e-08
19.952623149688797 0.0 2.0933386129599638e-08
25.11886431509581 0.0 2.4593522492235166e-08
31.622776601683793 0.0 2.8156069541541257e-08
39.810717055349734 0.0 3.172622159408635e-08
50.11872336272725 0.0 3.513251121884038e-08
63.09573444801933 0.0 3.83099163012693e-08
79.43282347242817 0.0 4.132143957999061e-08
100.0 0.0 4.414627477906976e-08
125.89254117941675 0.0 4.675187597251242e-08
158.48931924611142 3.6790315184347285e-11 4.9174695505016674e-08
199.52623149688807 2.0152919350308313e-10 5.144115608059895e-08
251.18864315095823 3.4379529323585477e-10 5.353257720567205e-08
316.22776601683796 4.660239010813581e-10 5.549112963474473e-08
398.1071705534973 5.713016680583743e-10 5.73463539096074e-08
501.18723362727246 6.620434590997273e-10 5.9118781152540854e-08
630.9573444801937 7.406561464175868e-10 6.082458609268017e-08
794.3282347242822 8.087885282527466e-10 6.25176824935571e-08
1000.0 8.682848546100997e-10 6.419502836274311e-08
1258.9254117941675 9.205903289823683e-10 6.588974627756134e-08
1584.893192461114 9.668525394055644e-10 6.761753983069046e-08
1995.262314968881 1.0079371538231234e-09 6.940292185431887e-08
2511.886431509582 1.0449475123369026e-09 7.124087409328889e-08
3162.2776601683795 1.0782944187534027e-09 7.316085102968605e-08
3981.0717055349733 1.1100036031759062e-09 7.515821656710357e-08
5011.872336272725 1.136821211620574e-09 7.724711555461594e-08
6309.573444801937 1.1624702515651243e-09 7.943792247211948e-08
7943.282347242822 1.1867705539243262e-09 8.172704998996673e-08
10000.0 1.2097672486297313e-09 8.411883764727765e-08
12589.254117941688 1.2310181267204354e-09 8.662454324355933e-08
15848.93192461114 1.2516254165998613e-09 8.924109329312755e-08
19952.62314968879 1.2716637273050658e-09 9.197031190838866e-08
25118.864315095823 1.2912393526361146e-09 9.48187296285077e-08
31622.776601683792 1.3106529314508703e-09 9.777814619800685e-08
39810.71705534977 1.3299190230599126e-09 1.0085981909203783e-07
50118.72336272725 1.3493087274573577e-09 1.0406233905952786e-07
63095.73444801943 1.3690582577089204e-09 1.0738431769583299e-07
79432.82347242821 1.389128085835032e-09 1.1082756721734097e-07
100000.0 1.4099234661506323e-09 1.1439183807452199e-07
125892.54117941688 1.4311614344860867e-09 1.1807804970525804e-07
158489.3192461114 1.453343453973497e-09 1.2188766469589372e-07
199526.2314968883 1.4764182891025655e-09 1.2582061114587055e-07
251188.6431509582 1.5004171366178634e-09 1.298760521208875e-07
316227.7660168379 1.5254480136036582e-09 1.3405556634157306e-07
398107.17055349774 1.5515485944721762e-09 1.383591417415398e-07
501187.2336272725 1.57883809865514e-09 1.4278667078891988e-07
630957.3444801943 1.607243444018165e-09 1.4733815189178515e-07
794328.2347242822 1.6368810316923897e-09 1.5201487607390577e-07
1000000.0 1.667794876407985e-09 1.5681569254044917e-07
1258925.4117941686 1.6999702083496884e-09 1.6174122092160014e-07
1584893.1924611141 1.7334229339813808e-09 1.667914073906636e-07
1995262.3149688828 1.7682318839634197e-09 1.7196667464389918e-07
2511886.4315095823 1.8043568249498009e-09 1.772668503811766e-07
3162277.6601683795 1.8418018717195816e-09 1.8269200281074083e-07
3981071.7055349774 1.880615166554236e-09 1.8824232208339918e-07
5011872.336272725 1.920792408260588e-09 1.939176501195157e-07
6309573.444801942 1.9623405127906283e-09 1.9971821162761972e-07
7943282.347242822 2.0052890563059625e-09 2.056439597936658e-07
10000000.0 2.0495905552316844e-09 2.116949888737914e-07
12589254.117941687 2.095252235531196e-09 2.17871254502354e-07
15848931.924611142 2.142351013246829e-09 2.2417281175287815e-07
19952623.14968883 2.190842260851845e-09 2.3059973613613784e-07
25118864.315095823 2.2407206989471917e-09 2.3715195249872608e-07
31622776.60168379 2.292005692609154e-09 2.438295537181529e-07
39810717.055349775 2.344693376368659e-09 2.506325189329001e-07
50118723.36272725 2.3987784128638432e-09 2.5756091460296704e-07
63095734.44801943 2.4542630095131287e-09 2.646146676383371e-07
79432823.47242822 2.5111684017664136e-09 2.717938549873856e-07
100000000.0 2.5694737541621352e-09 2.790985015994619e-07
125892541.17941661 2.6291848101656147e-09 2.865285014078405e-07
158489319.24611175 2.6903032349915948e-09 2.9408397159993364e-07
199526231.49688828 2.7528330599672857e-09 3.017649253866762e-07
251188643.1509582 2.816766625644721e-09 3.095712754857656e-07
316227766.01683795 2.8821121938937667e-09 3.1750309174466893e-07
398107170.5534969 2.9488673535332035e-09 3.255603627054805e-07
501187233.6272735 3.0170317743610047e-09 3.3374308288597516e-07
630957344.4801943 3.0866064449794484e-09 3.420512628891394e-07
794328234.7242821 3.1575911764327968e-09 3.504848886552184e-07
1000000000.0 3.2299865339353477e-09 3.590439764530429e-07
1258925411.794166 3.3037921211650183e-09 3.677285725717125e-07
1584893192.4611173 3.3790084531397297e-09 3.765386170603631e-07
1995262314.9688828 3.455635825512395e-09 3.854741484043709e-07
2511886431.509582 3.533674335444852e-09 3.945351333779027e-07
3162277660.1683793 3.6131235055067183e-09 4.037215809256203e-07
3981071705.5349855 3.6939840711501283e-09 4.130333601469134e-07
5011872336.272736 3.776255845526467e-09 4.2247094412758585e-07
6309573444.801943 3.8599388794716775e-09 4.320337791279749e-07
7943282347.242822 3.945033291476408e-09 4.4172212604977006e-07
10000000000.0 4.031534864596187e-09 4.515359277718191e-07
12589254117.941713 4.119448934239264e-09 4.6147522381972795e-07
15848931924.611174 4.208785122132194e-09 4.7154004724641137e-07
19952623149.688828 4.2995254028542e-09 4.8173028814096e-07
25118864315.09582 4.391638928032699e-09 4.920460104824758e-07
31622776601.683792 4.4852404913758305e-09 5.024872003528011e-07
39810717055.34985 4.580215404018185e-09 5.130538588297141e-07
50118723362.72735 4.676601907433651e-09 5.237504143206272e-07
63095734448.019424 4.774400010974786e-09 5.345682596396006e-07
79432823472.42822 4.873609741026669e-09 5.455115797364601e-07
100000000000.0 4.974190179252554e-09 5.56580273284067e-07
125892541179.41713 5.076264108273763e-09 5.67774499523432e-07
158489319246.11172 5.179708757954139e-09 5.790944352014767e-07
199526231496.88828 5.284565074935372e-09 5.905396990934297e-07
251188643150.95822 5.390833066327571e-09 6.021104384145682e-07
316227766016.83795 5.498512723266247e-09 6.138066733434023e-07
398107170553.49854 5.607604062110403e-09 6.256283892750652e-07
501187233627.2735 5.718107079621538e-09 6.375755794015043e-07
630957344480.1943 5.830021789233603e-09 6.496482691345165e-07
794328234724.2821 5.943348181085866e-09 6.618464542167839e-07
1000000000000.0 6.058086262385284e-09 6.741694591352046e-07
