src/nupyprop/models/beta_tau_pn_ckmt_water.ecsv
# %ECSV 1.0
# ---
# datatype:
# - {name: energy, datatype: float64}
# - {name: beta_pn_ckmt_cut, datatype: float64}
# - {name: beta_pn_ckmt_total, datatype: float64}
# meta: !!omap
# - {Description: Model/parameterization dependent photonuclear energy loss lookup table for Tau in water}
# - {energy: 'Tau energy, in GeV'}
# - {beta_pn_ckmt_cut: 'Photonuclear CKMT energy loss model beta values integrated from y_min to y_max=1e-3, in cm^2/g'}
# - {beta_pn_ckmt_total: 'Photonuclear CKMT energy loss model beta values integrated from y_min to y_max, in cm^2/g'}
# schema: astropy-2.0
energy beta_pn_ckmt_cut beta_pn_ckmt_total
1.0 0.0 0.0
1.2589254117941673 0.0 0.0
1.5848931924611136 0.0 0.0
1.9952623149688797 0.0 inf
2.51188643150958 0.0 0.0
3.1622776601683795 0.0 7.316327043832791e-09
3.981071705534973 0.0 2.1670575028587974e-08
5.011872336272724 0.0 3.6134929952929264e-08
6.309573444801933 0.0 4.9023548386127074e-08
7.943282347242816 0.0 5.983434087173242e-08
10.0 0.0 6.848765610636592e-08
12.589254117941675 0.0 7.512801594447509e-08
15.848931924611142 0.0 8.036369719949971e-08
19.952623149688797 0.0 8.329692768309449e-08
25.11886431509581 0.0 8.536453823497271e-08
31.622776601683793 0.0 8.663332488405386e-08
39.810717055349734 0.0 8.668535883527657e-08
50.11872336272725 0.0 8.645035675588002e-08
63.09573444801933 0.0 8.556349820356437e-08
79.43282347242817 0.0 8.451882012951383e-08
100.0 0.0 8.322847449563962e-08
125.89254117941675 0.0 8.18300681825972e-08
158.48931924611142 1.5966995642581824e-10 8.036421540421605e-08
199.52623149688807 8.974558983801301e-10 7.89531891438237e-08
251.18864315095823 1.4900066697447355e-09 7.761516986939438e-08
316.22776601683796 1.928597040834396e-09 7.636827217766329e-08
398.1071705534973 2.2376268751208694e-09 7.527400598049863e-08
501.18723362727246 2.4430578588543135e-09 7.434015396751525e-08
630.9573444801937 2.5671496145043883e-09 7.358021788957034e-08
794.3282347242822 2.628829365460242e-09 7.30068928420839e-08
1000.0 2.64339878503422e-09 7.262617644347562e-08
1258.9254117941675 2.623462082472325e-09 7.244167070343608e-08
1584.893192461114 2.578914338971821e-09 7.243613753220083e-08
1995.262314968881 2.5176376902052416e-09 7.263477539158617e-08
2511.886431509582 2.445742708742566e-09 7.302141342478568e-08
3162.2776601683795 2.368000865711465e-09 7.359642969428222e-08
3981.0717055349733 2.2880913621675796e-09 7.434994612912185e-08
5011.872336272725 2.2086977444561e-09 7.52789305851399e-08
6309.573444801937 2.131829435189485e-09 7.637345939828473e-08
7943.282347242822 2.058927056048471e-09 7.762886105772242e-08
10000.0 1.9909610400666017e-09 7.903849728394238e-08
12589.254117941688 1.9285794878277463e-09 8.059821709647583e-08
15848.93192461114 1.871836158698777e-09 8.229675497034328e-08
19952.62314968879 1.8214216788335038e-09 8.41340564583779e-08
25118.864315095823 1.7770730651780554e-09 8.610461245751935e-08
31622.776601683792 1.7386962563255112e-09 8.820455287975234e-08
39810.71705534977 1.7060775691982183e-09 9.043201894548471e-08
50118.72336272725 1.6789473741208897e-09 9.27826526739937e-08
63095.73444801943 1.656959206932353e-09 9.52567121252833e-08
79432.82347242821 1.6399385127836098e-09 9.78541986392968e-08
100000.0 1.6275095363364817e-09 1.0057370217672222e-07
125892.54117941688 1.6193696474017573e-09 1.034162116649647e-07
158489.3192461114 1.6152131706930765e-09 1.0638278855954131e-07
199526.2314968883 1.614760015385598e-09 1.0947406110004211e-07
251188.6431509582 1.6177199411796479e-09 1.1269212315021173e-07
316227.7660168379 1.6238485476242243e-09 1.1604004385119373e-07
398107.17055349774 1.6329741396094535e-09 1.1952038222246511e-07
501187.2336272725 1.6447129006938923e-09 1.2313607072377143e-07
630957.3444801943 1.6590131447307274e-09 1.2689075396597924e-07
794328.2347242822 1.6756794038538055e-09 1.3078836948753436e-07
1000000.0 1.694531857169026e-09 1.3483335567475972e-07
1258925.4117941686 1.7154074531812241e-09 1.3903037523846456e-07
1584893.1924611141 1.7381616944713591e-09 1.4337484387410548e-07
1995262.3149688828 1.762688547074326e-09 1.4789154956657358e-07
2511886.4315095823 1.788866583906771e-09 1.5257609378550661e-07
3162277.6601683795 1.8165959647289576e-09 1.5743451496053215e-07
3981071.7055349774 1.8458371372830661e-09 1.6247324993945078e-07
5011872.336272725 1.8764333721177195e-09 1.676988708015719e-07
6309573.444801942 1.9083918358393967e-09 1.7311862161695927e-07
7943282.347242822 1.941634388049925e-09 1.7873975245970243e-07
10000000.0 1.976124732492652e-09 1.8457034889465278e-07
12589254.117941687 2.011802549746081e-09 1.9061835033222977e-07
15848931.924611142 2.0486441646471164e-09 1.9689234426403125e-07
19952623.14968883 2.0866299814670856e-09 2.034015453119744e-07
25118864.315095823 2.1257388962300845e-09 2.1015494044808454e-07
31622776.60168379 2.165956255052573e-09 2.171628331611893e-07
39810717.055349775 2.2072658152893747e-09 2.244352620101772e-07
50118723.36272725 2.2496742763747145e-09 2.319828900983294e-07
63095734.44801943 2.2931713010254743e-09 2.3981718975425484e-07
79432823.47242822 2.3376696210056872e-09 2.479498180796693e-07
100000000.0 2.3833862572443357e-09 2.5639286431643875e-07
125892541.17941661 2.430225191506016e-09 2.6515964433720133e-07
158489319.24611175 2.478182320157842e-09 2.7426312671657736e-07
199526231.49688828 2.5272429850124516e-09 2.8371751242989524e-07
251188643.1509582 2.5774907933820875e-09 2.9353731198290503e-07
316227766.01683795 2.628886349927273e-09 3.037380185068152e-07
398107170.5534969 2.6814684724820475e-09 3.1433498854128653e-07
501187233.6272735 2.7352587168415147e-09 3.2534635503668394e-07
630957344.4801943 2.790279929716573e-09 3.367881555345157e-07
794328234.7242821 2.846528524412935e-09 3.486791065793278e-07
1000000000.0 2.9041162840568813e-09 3.6103826914266574e-07
1258925411.794166 2.962985066780543e-09 3.738838175142563e-07
1584893192.4611173 3.023192866153856e-09 3.8724155158384687e-07
1995262314.9688828 3.0847703453895252e-09 4.011282932486476e-07
2511886431.509582 3.1477516180783074e-09 4.15568315195736e-07
3162277660.1683793 3.2121354775180497e-09 4.30585302758106e-07
3981071705.5349855 3.2780478344395697e-09 4.46204291657292e-07
5011872336.272736 3.345438178635917e-09 4.624509805337338e-07
6309573444.801943 3.414372262631985e-09 4.793525536085644e-07
7943282347.242822 3.48488915039911e-09 4.969371512114898e-07
10000000000.0 3.5570293223226044e-09 5.152348977439474e-07
12589254117.941713 3.6308346988761583e-09 5.342762190157671e-07
15848931924.611174 3.706348711568604e-09 5.540863775102808e-07
19952623149.688828 3.7836162978844065e-09 5.747208653470246e-07
25118864315.09582 3.86268402528342e-09 5.961940476053931e-07
31622776601.683792 3.943354099089573e-09 6.185492636560551e-07
39810717055.34985 4.026413926801397e-09 6.418315243991293e-07
50118723362.72735 4.111177380570382e-09 6.660692727049562e-07
63095734448.019424 4.197943565586707e-09 6.91311018192384e-07
79432823472.42822 4.286767536777934e-09 7.176008143663071e-07
100000000000.0 4.377706222930812e-09 7.44984092734764e-07
125892541179.41713 4.470483485509278e-09 7.735120439452702e-07
158489319246.11172 4.5661653000117525e-09 8.032325452724898e-07
199526231496.88828 4.663809498195057e-09 8.341993342852907e-07
251188643150.95822 4.763816240294675e-09 8.664684657926869e-07
316227766016.83795 4.866252912661413e-09 9.000973565394949e-07
398107170553.49854 4.971189209400267e-09 9.351468451268063e-07
501187233627.2735 5.078697072738535e-09 9.71680472272565e-07
630957344480.1943 5.18885131084196e-09 1.009764198881131e-06
794328234724.2821 5.301728915842109e-09 1.0494689402662016e-06
1000000000000.0 5.4174097227057915e-09 1.0908661159753235e-06
