src/nupyprop/models/beta_tau_pn_ckmt_rock.ecsv
# %ECSV 1.0
# ---
# datatype:
# - {name: energy, datatype: float64}
# - {name: beta_pn_ckmt_cut, datatype: float64}
# - {name: beta_pn_ckmt_total, datatype: float64}
# meta: !!omap
# - {Description: Model/parameterization dependent photonuclear energy loss lookup table for Tau in rock}
# - {energy: 'Tau energy, in GeV'}
# - {beta_pn_ckmt_cut: 'Photonuclear CKMT energy loss model beta values integrated from y_min to y_max=1e-3, in cm^2/g'}
# - {beta_pn_ckmt_total: 'Photonuclear CKMT energy loss model beta values integrated from y_min to y_max, in cm^2/g'}
# schema: astropy-2.0
energy beta_pn_ckmt_cut beta_pn_ckmt_total
1.0 0.0 0.0
1.2589254117941673 0.0 0.0
1.5848931924611136 0.0 0.0
1.9952623149688797 0.0 inf
2.51188643150958 0.0 0.0
3.1622776601683795 0.0 7.1259906165557436e-09
3.981071705534973 0.0 2.127190921737519e-08
5.011872336272724 0.0 3.555951097394866e-08
6.309573444801933 0.0 4.830307581514713e-08
7.943282347242816 0.0 5.8986709722742655e-08
10.0 0.0 6.752137382441978e-08
12.589254117941675 0.0 7.404517941650438e-08
15.848931924611142 0.0 7.916085192762036e-08
19.952623149688797 0.0 8.197754468793836e-08
25.11886431509581 0.0 8.392526185126753e-08
31.622776601683793 0.0 8.507304315177103e-08
39.810717055349734 0.0 8.500881967709353e-08
50.11872336272725 0.0 8.465639971390345e-08
63.09573444801933 0.0 8.365339823462994e-08
79.43282347242817 0.0 8.249301522014863e-08
100.0 0.0 8.108802948030984e-08
125.89254117941675 0.0 7.95720971440482e-08
158.48931924611142 1.5192838531293548e-10 7.799051442983722e-08
199.52623149688807 8.595558694143349e-10 7.646128652136776e-08
251.18864315095823 1.4278838019806676e-09 7.500307599328124e-08
316.22776601683796 1.8478185189404643e-09 7.363647994483062e-08
398.1071705534973 2.143000940636917e-09 7.24210819499168e-08
501.18723362727246 2.338596493610535e-09 7.136559620079421e-08
630.9573444801937 2.4560550807258513e-09 7.048391830696762e-08
794.3282347242822 2.5137714845719282e-09 6.978984672671119e-08
1000.0 2.526351347264415e-09 6.928842483094603e-08
1258.9254117941675 2.505878974782886e-09 6.897666027162966e-08
1584.893192461114 2.461925069624605e-09 6.886111932924641e-08
1995.262314968881 2.4020741069743856e-09 6.894191353711364e-08
2511.886431509582 2.3321185464238996e-09 6.921256319210599e-08
3162.2776601683795 2.256648774433934e-09 6.967082771938585e-08
3981.0717055349733 2.1791671103908844e-09 7.030700456893196e-08
5011.872336272725 2.1022366476246766e-09 7.111924024318655e-08
6309.573444801937 2.027768741773408e-09 7.209514712029338e-08
7943.282347242822 1.9571545185573473e-09 7.323083661987293e-08
10000.0 1.891275208016203e-09 7.451665612375215e-08
12589.254117941688 1.8307868237935904e-09 7.595045857011512e-08
15848.93192461114 1.7759719840985378e-09 7.752061611007329e-08
19952.62314968879 1.7267017087379612e-09 7.922483941199241e-08
25118.864315095823 1.683535453029161e-09 8.105837134946357e-08
31622.776601683792 1.6460898584443738e-09 8.301616521697854e-08
39810.71705534977 1.6141848037914516e-09 8.509826569388144e-08
50118.72336272725 1.5875423579273863e-09 8.72969216679605e-08
63095.73444801943 1.5658397429630965e-09 8.961406029722029e-08
79432.82347242821 1.5489024459180784e-09 9.20489301850759e-08
100000.0 1.5363745251188782e-09 9.460006122727087e-08
125892.54117941688 1.5279668376490183e-09 9.726755796213999e-08
158489.3192461114 1.5234078947108427e-09 1.0005272584374451e-07
199526.2314968883 1.5223532173178618e-09 1.0295592069559816e-07
251188.6431509582 1.524606309797675e-09 1.0597907450072346e-07
316227.7660168379 1.5299009137365082e-09 1.0912494297447969e-07
398107.17055349774 1.538053531911878e-09 1.123960254694649e-07
501187.2336272725 1.5487232849322473e-09 1.1579403511290828e-07
630957.3444801943 1.5618588202644889e-09 1.1932336249245877e-07
794328.2347242822 1.5772481599761737e-09 1.2298732614820451e-07
1000000.0 1.5947503090352944e-09 1.2679007313266787e-07
1258925.4117941686 1.6141764464503854e-09 1.3072648764951817e-07
1584893.1924611141 1.6353963027146192e-09 1.348204549404018e-07
1995262.3149688828 1.6583001893876036e-09 1.3906717998573324e-07
2511886.4315095823 1.68278814482087e-09 1.4347180099480279e-07
3162277.6601683795 1.7087456790512901e-09 1.4804002055387038e-07
3981071.7055349774 1.7361281190025715e-09 1.527778030676013e-07
5011872.336272725 1.7648452112932734e-09 1.5769142087938367e-07
6309573.444801942 1.7948285549771321e-09 1.6278753986297094e-07
7943282.347242822 1.8260324064490157e-09 1.6807307219757924e-07
10000000.0 1.858410524897311e-09 1.7355561786723244e-07
12589254.117941687 1.8919148736878647e-09 1.7924262621097966e-07
15848931.924611142 1.9265314546061433e-09 1.8514213350086759e-07
19952623.14968883 1.962223679124752e-09 1.9126282133745917e-07
25118864.315095823 1.9989769017295953e-09 1.9761314003236917e-07
31622776.60168379 2.0367751004664585e-09 2.0420277709813094e-07
39810717.055349775 2.0756055936034337e-09 2.1104116843846395e-07
50118723.36272725 2.1154660788564363e-09 2.1813833996025767e-07
63095734.44801943 2.1563614171291443e-09 2.2550507890157435e-07
79432823.47242822 2.1981943040346338e-09 2.3315234406522347e-07
100000000.0 2.2411758121843715e-09 2.41091504812114e-07
125892541.17941661 2.285209677869833e-09 2.4933508087852534e-07
158489319.24611175 2.330303959005314e-09 2.5789526719932325e-07
199526231.49688828 2.3764331814312796e-09 2.6678541612335575e-07
251188643.1509582 2.423679256933738e-09 2.7601917206683245e-07
316227766.01683795 2.472005530497723e-09 2.8561110331577595e-07
398107170.5534969 2.5214474819744393e-09 2.9557564974819595e-07
501187233.6272735 2.5720258726091083e-09 3.0592986230154173e-07
630957344.4801943 2.6237622250992686e-09 3.166888208763866e-07
794328234.7242821 2.6766529848770204e-09 3.2787012524947827e-07
1000000000.0 2.7308031987295977e-09 3.39491698754419e-07
1258925411.794166 2.786158088757108e-09 3.5157060169034215e-07
1584893192.4611173 2.842772196058029e-09 3.641311818938489e-07
1995262314.9688828 2.900674390332915e-09 3.771891697595978e-07
2511886431.509582 2.9598965929615055e-09 3.9076741877933887e-07
3162277660.1683793 3.0204378709761445e-09 4.0488819959854006e-07
3981071705.5349855 3.0824164056727508e-09 4.195750557069117e-07
5011872336.272736 3.1457847781390257e-09 4.3485215054431314e-07
6309573444.801943 3.2106047848823126e-09 4.507450465582814e-07
7943282347.242822 3.27691316336106e-09 4.6728020477175955e-07
10000000000.0 3.3447479654747793e-09 4.844859324580262e-07
12589254117.941713 3.414148621706731e-09 5.023908966332752e-07
15848931924.611174 3.485155950236833e-09 5.210187953257385e-07
19952623149.688828 3.557812212108178e-09 5.404218278250728e-07
25118864315.09582 3.6321611902282474e-09 5.60613501872713e-07
31622776601.683792 3.7080168931943418e-09 5.816345690911863e-07
39810717055.34985 3.786119735805397e-09 6.035217248779997e-07
50118723362.72735 3.865824538002915e-09 6.263129460316039e-07
63095734448.019424 3.9474125521772185e-09 6.50048166938821e-07
79432823472.42822 4.030935547099758e-09 6.74769065840059e-07
100000000000.0 4.116447053457571e-09 7.005180974047555e-07
125892541179.41713 4.2036874134365395e-09 7.273434760488168e-07
158489319246.11172 4.2936589827682206e-09 7.552902685259151e-07
199526231496.88828 4.385475824634615e-09 7.844089271823176e-07
251188643150.95822 4.479514213127249e-09 8.147523259650782e-07
316227766016.83795 4.575837517789339e-09 8.463742113610087e-07
398107170553.49854 4.674511269385683e-09 8.793319813694078e-07
501187233627.2735 4.775603118929189e-09 9.136852898962182e-07
630957344480.1943 4.879183409290374e-09 9.49496204492378e-07
794328234724.2821 4.985324537668088e-09 9.868314171380917e-07
1000000000000.0 5.094101574475933e-09 1.0257580248308025e-06
