src/nupyprop/models/beta_muon_pn_ckmt_rock.ecsv
# %ECSV 1.0
# ---
# datatype:
# - {name: energy, datatype: float64}
# - {name: beta_pn_ckmt_cut, datatype: float64}
# - {name: beta_pn_ckmt_total, datatype: float64}
# meta: !!omap
# - {Description: Model/parameterization dependent photonuclear energy loss lookup table for Muon in rock}
# - {energy: 'Muon energy, in GeV'}
# - {beta_pn_ckmt_cut: 'Photonuclear CKMT energy loss model beta values integrated from y_min to y_max=1e-3, in cm^2/g'}
# - {beta_pn_ckmt_total: 'Photonuclear CKMT energy loss model beta values integrated from y_min to y_max, in cm^2/g'}
# schema: astropy-2.0
energy beta_pn_ckmt_cut beta_pn_ckmt_total
1.0 -0.0 4.178091368495415e-07
1.2589254117941673 -0.0 4.609788570782155e-07
1.5848931924611136 -0.0 4.925687955882868e-07
1.9952623149688797 -0.0 5.139399863487353e-07
2.51188643150958 -0.0 5.265965952634405e-07
3.1622776601683795 -0.0 5.32057568595547e-07
3.981071705534973 -0.0 5.317330246310523e-07
5.011872336272724 -0.0 5.269528747552175e-07
6.309573444801933 -0.0 5.188188874285874e-07
7.943282347242816 -0.0 5.083052265054234e-07
10.0 -0.0 4.962281829710846e-07
12.589254117941675 -0.0 4.837075898531155e-07
15.848931924611142 -0.0 4.699507615958469e-07
19.952623149688797 -0.0 4.5671914350621166e-07
25.11886431509581 -0.0 4.4413154174952397e-07
31.622776601683793 -0.0 4.3176883830304147e-07
39.810717055349734 -0.0 4.2060597268950155e-07
50.11872336272725 -0.0 4.103208989904763e-07
63.09573444801933 -0.0 4.0097402424439427e-07
79.43282347242817 -0.0 3.9293473014456784e-07
100.0 -0.0 3.859710581969075e-07
125.89254117941675 -0.0 3.80108963483771e-07
158.48931924611142 2.765337726916112e-10 3.7539683293979103e-07
199.52623149688807 1.4026711664438183e-09 3.717652899441362e-07
251.18864315095823 2.2586348015987598e-09 3.69156096407531e-07
316.22776601683796 2.8680515885343663e-09 3.675572430408546e-07
398.1071705534973 3.2801298894363956e-09 3.669030584379657e-07
501.18723362727246 3.5389750603812687e-09 3.671377196747763e-07
630.9573444801937 3.68132038565233e-09 3.6821127059367156e-07
794.3282347242822 3.736677619947329e-09 3.700785064175139e-07
1000.0 3.728436305362715e-09 3.7268301448838745e-07
1258.9254117941675 3.675017860889203e-09 3.7597663397021184e-07
1584.893192461114 3.5907481921712005e-09 3.7992052862745584e-07
1995.262314968881 3.486742720134977e-09 3.844771078340822e-07
2511.886431509582 3.3713615531658505e-09 3.8957754470207454e-07
3162.2776601683795 3.250995179845553e-09 3.952331478501391e-07
3981.0717055349733 3.1304103101540414e-09 4.013994838139379e-07
5011.872336272725 3.012918154173656e-09 4.080538899548697e-07
6309.573444801937 2.9011805901241925e-09 4.1517407348980075e-07
7943.282347242822 2.796656517581175e-09 4.227345010432355e-07
10000.0 2.7000678622964206e-09 4.307173344310387e-07
12589.254117941688 2.6124256024829332e-09 4.3910762296050907e-07
15848.93192461114 2.5335823779789977e-09 4.4789057764018215e-07
19952.62314968879 2.464117843045646e-09 4.570581634396015e-07
25118.864315095823 2.4035497827207744e-09 4.666051627949345e-07
31622.776601683792 2.351561848743207e-09 4.765199257769088e-07
39810.71705534977 2.3077373784414367e-09 4.868007763194695e-07
50118.72336272725 2.271650785215027e-09 4.974425820115205e-07
63095.73444801943 2.2428232139069522e-09 5.084450469769445e-07
79432.82347242821 2.2207125171336375e-09 5.198062630561028e-07
100000.0 2.2048988131944185e-09 5.315290861540817e-07
125892.54117941688 2.194892470333517e-09 5.436157585389475e-07
158489.3192461114 2.1902438653434316e-09 5.560698663579695e-07
199526.2314968883 2.1905219158941044e-09 5.688968959699339e-07
251188.6431509582 2.1953613137246222e-09 5.82101296505e-07
316227.7660168379 2.2045299427419393e-09 5.956907421231553e-07
398107.17055349774 2.2173567817895904e-09 6.096723052252415e-07
501187.2336272725 2.2337671352425806e-09 6.240407554664636e-07
630957.3444801943 2.2534891949836136e-09 6.388341362661122e-07
794328.2347242822 2.276284767493852e-09 6.540471550811407e-07
1000000.0 2.301949324791857e-09 6.696895281263885e-07
1258925.4117941686 2.330169356047177e-09 6.857733978972691e-07
1584893.1924611141 2.3608669264510057e-09 7.02298807998902e-07
1995262.3149688828 2.393808940157852e-09 7.193025627195973e-07
2511886.4315095823 2.4289030958194887e-09 7.367849094062718e-07
3162277.6601683795 2.4659722316400234e-09 7.547598542494616e-07
3981071.7055349774 2.504917873345739e-09 7.73243472325343e-07
5011872.336272725 2.5456452646028996e-09 7.922490492624998e-07
6309573.444801942 2.588063313976841e-09 8.117931872959378e-07
7943282.347242822 2.6321009003655343e-09 8.31895966817396e-07
10000000.0 2.6777294741132598e-09 8.525679599481976e-07
12589254.117941687 2.7248549462149113e-09 8.738349321867174e-07
15848931.924611142 2.7734617084715456e-09 8.95710649254522e-07
19952623.14968883 2.823498645573213e-09 9.182158389397327e-07
25118864.315095823 2.874951113014228e-09 9.413713745122533e-07
31622776.60168379 2.927801147557263e-09 9.65198779846919e-07
39810717.055349775 2.9820362241484757e-09 9.897188558368827e-07
50118723.36272725 3.037637923529568e-09 1.0149579721122594e-06
63095734.44801943 3.094613390846869e-09 1.0409363192253476e-06
79432823.47242822 3.1529506248823986e-09 1.0676764585416724e-06
100000000.0 3.2126718501005368e-09 1.0952144595367772e-06
125892541.17941661 3.2736928257930914e-09 1.1235682671471198e-06
158489319.24611175 3.3362108820014836e-09 1.1527670048873165e-06
199526231.49688828 3.400105035595541e-09 1.1828404968436476e-06
251188643.1509582 3.4654326756819584e-09 1.2138139869153591e-06
316227766.01683795 3.532202531568401e-09 1.2457373366968806e-06
398107170.5534969 3.600478656450472e-09 1.2786201408771629e-06
501187233.6272735 3.6701625117372194e-09 1.3125051860213813e-06
630957344.4801943 3.741401475388009e-09 1.3473712617381789e-06
794328234.7242821 3.8141814472518556e-09 1.3833622715341627e-06
1000000000.0 3.88853245722818e-09 1.4204740801836825e-06
1258925411.794166 3.964486571356202e-09 1.458732335192276e-06
1584893192.4611173 4.042075902460822e-09 1.4981192025065855e-06
1995262314.9688828 4.121334942396924e-09 1.5388672182476715e-06
2511886431.509582 4.202299854954094e-09 1.5808306082600197e-06
3162277660.1683793 4.285008098961471e-09 1.6241188649175773e-06
3981071705.5349855 4.3694986023007055e-09 1.6687799280122075e-06
5011872336.272736 4.455812230664528e-09 1.7148635339527143e-06
6309573444.801943 4.543990843027988e-09 1.762421420302892e-06
7943282347.242822 4.634077909682237e-09 1.8115075754286355e-06
10000000000.0 4.726089409643054e-09 1.8621777902449704e-06
12589254117.941713 4.820128921338999e-09 1.9144911086576025e-06
15848931924.611174 4.916217606842871e-09 1.9685081180349468e-06
19952623149.688828 5.014372518537573e-09 2.0242914743257744e-06
25118864315.09582 5.114680614383959e-09 2.0819073034674206e-06
31622776601.683792 5.217375018321292e-09 2.1414892218829543e-06
39810717055.34985 5.322082122249371e-09 2.2029611199845005e-06
50118723362.72735 5.429196329672274e-09 2.2664987372405076e-06
63095734448.019424 5.538684064844615e-09 2.332177992442114e-06
79432823472.42822 5.650605512792382e-09 2.400043647150643e-06
100000000000.0 5.765028266676535e-09 2.4701985772756604e-06
125892541179.41713 5.882001586751549e-09 2.5427293016803772e-06
158489319246.11172 6.001607125408476e-09 2.6177205297318443e-06
199526231496.88828 6.123907892846043e-09 2.695286587159444e-06
251188643150.95822 6.248974796934997e-09 2.7755078089845397e-06
316227766016.83795 6.376880899963374e-09 2.858492326151503e-06
398107170553.49854 6.507701508738284e-09 2.9443128068163072e-06
501187233627.2735 6.64151441258949e-09 3.033188734456532e-06
630957344480.1943 6.77840005874983e-09 3.1251283704323537e-06
794328234724.2821 6.91844130958339e-09 3.220289212580212e-06
1000000000000.0 7.0617238949250545e-09 3.3187992572059803e-06
