src/nupyprop/models/beta_muon_pn_bdhm_water.ecsv
# %ECSV 1.0
# ---
# datatype:
# - {name: energy, datatype: float64}
# - {name: beta_pn_bdhm_cut, datatype: float64}
# - {name: beta_pn_bdhm_total, datatype: float64}
# meta: !!omap
# - {Description: Model/parameterization dependent photonuclear energy loss lookup table for Muon in water}
# - {energy: 'Muon energy, in GeV'}
# - {beta_pn_bdhm_cut: 'Photonuclear BDHM energy loss model beta values integrated from y_min to y_max=1e-3, in cm^2/g'}
# - {beta_pn_bdhm_total: 'Photonuclear BDHM energy loss model beta values integrated from y_min to y_max, in cm^2/g'}
# schema: astropy-2.0
energy beta_pn_bdhm_cut beta_pn_bdhm_total
1.0 -0.0 7.915469583180083e-08
1.2589254117941673 -0.0 9.832766191075412e-08
1.5848931924611136 -0.0 1.172427309706251e-07
1.9952623149688797 -0.0 1.3556797407233656e-07
2.51188643150958 -0.0 1.5315080219993505e-07
3.1622776601683795 -0.0 1.698102700686789e-07
3.981071705534973 -0.0 1.8548382222728775e-07
5.011872336272724 -0.0 2.0033894308387152e-07
6.309573444801933 -0.0 2.1382559878117671e-07
7.943282347242816 -0.0 2.266547188973191e-07
10.0 -0.0 2.38288807046506e-07
12.589254117941675 -0.0 2.491112664453917e-07
15.848931924611142 -0.0 2.591163046353136e-07
19.952623149688797 -0.0 2.6844083895580263e-07
25.11886431509581 -0.0 2.769369468884405e-07
31.622776601683793 -0.0 2.8494929915947404e-07
39.810717055349734 -0.0 2.924463764469029e-07
50.11872336272725 -0.0 2.99521638179454e-07
63.09573444801933 -0.0 3.0627796563783237e-07
79.43282347242817 -0.0 3.128028184057301e-07
100.0 -0.0 3.1915059925069645e-07
125.89254117941675 -0.0 3.254253433634247e-07
158.48931924611142 6.853533136308068e-11 3.316412823601277e-07
199.52623149688807 3.473864736219599e-10 3.379055905832818e-07
251.18864315095823 5.793837625036981e-10 3.4431699733227987e-07
316.22776601683796 7.72288220575485e-10 3.5079850311103275e-07
398.1071705534973 9.330382757539875e-10 3.574626623808858e-07
501.18723362727246 1.0674828537126951e-09 3.6432459128380146e-07
630.9573444801937 1.1802008111105262e-09 3.714662636628997e-07
794.3282347242822 1.275457420143751e-09 3.788929424275761e-07
1000.0 1.3557328935082435e-09 3.865960662947149e-07
1258.9254117941675 1.4249094057707253e-09 3.946334127045359e-07
1584.893192461114 1.4849771235534688e-09 4.029874702755824e-07
1995.262314968881 1.5361763357835647e-09 4.1169396389014484e-07
2511.886431509582 1.5814560333220803e-09 4.207633130518805e-07
3162.2776601683795 1.6219376230516494e-09 4.3021304209331874e-07
3981.0717055349733 1.6585569031635415e-09 4.400517507613151e-07
5011.872336272725 1.6920431476284418e-09 4.502598180369187e-07
6309.573444801937 1.7239767396970245e-09 4.6086034742483647e-07
7943.282347242822 1.75138062131117e-09 4.718621320801387e-07
10000.0 1.7787353861561514e-09 4.832753336539797e-07
12589.254117941688 1.8048048859454225e-09 4.950941811009529e-07
15848.93192461114 1.8304093763100716e-09 5.073140768861616e-07
19952.62314968879 1.8555140947831429e-09 5.199429904351295e-07
25118.864315095823 1.8801708925703953e-09 5.329926579495668e-07
31622.776601683792 1.9050857948503168e-09 5.464573094435813e-07
39810.71705534977 1.9303112803537194e-09 5.603392753068879e-07
50118.72336272725 1.9561462911184846e-09 5.746419980493445e-07
63095.73444801943 1.9827221629328033e-09 5.893640609852538e-07
79432.82347242821 2.010082123232469e-09 6.045069530372266e-07
100000.0 2.0382765824615673e-09 6.200709174249552e-07
125892.54117941688 2.0679147468327982e-09 6.360583151822379e-07
158489.3192461114 2.0986150751459515e-09 6.52458206940294e-07
199526.2314968883 2.130880777902527e-09 6.692928349812969e-07
251188.6431509582 2.1645561205894848e-09 6.865503500110951e-07
316227.7660168379 2.1997321121217384e-09 7.042318222609502e-07
398107.17055349774 2.236524440595834e-09 7.223400292923937e-07
501187.2336272725 2.27488201605199e-09 7.408726546643091e-07
630957.3444801943 2.314909450151148e-09 7.598300130998597e-07
794328.2347242822 2.356690810541446e-09 7.792129090298614e-07
1000000.0 2.400288499701522e-09 7.990213309495433e-07
1258925.4117941686 2.4456775131945166e-09 8.192555382182585e-07
1584893.1924611141 2.4928922882269898e-09 8.399052107351953e-07
1995262.3149688828 2.541926126769014e-09 8.609918324671483e-07
2511886.4315095823 2.5928311268983112e-09 8.825045032871638e-07
3162277.6601683795 2.645607377016154e-09 9.044437473387553e-07
3981071.7055349774 2.7002622216108043e-09 9.268078150638331e-07
5011872.336272725 2.756795764857581e-09 9.49598917481747e-07
6309573.444801942 2.8152285451739135e-09 9.72815756547255e-07
7943282.347242822 2.875535574963538e-09 9.964589633461968e-07
10000000.0 2.9377646166296876e-09 1.0205284460546233e-06
12589254.117941687 3.001898420274556e-09 1.045015357108049e-06
15848931.924611142 3.0679479654503335e-09 1.0699385866692968e-06
19952623.14968883 3.1359198004739857e-09 1.0952881799346872e-06
25118864.315095823 3.205805191463498e-09 1.1210630388993897e-06
31622776.60168379 3.277614207431574e-09 1.147264910905126e-06
39810717.055349775 3.351328440682134e-09 1.1738931230949922e-06
50118723.36272725 3.426995248837178e-09 1.2009478988751118e-06
63095734.44801943 3.5045894550165146e-09 1.2284335734343272e-06
79432823.47242822 3.5841128863674068e-09 1.2563406363499385e-06
100000000.0 3.665575507044084e-09 1.2846740906901269e-06
125892541.17941661 3.748957080832402e-09 1.3134336345158588e-06
158489319.24611175 3.834271979575915e-09 1.3426205021816823e-06
199526231.49688828 3.921517270309942e-09 1.3722333670993949e-06
251188643.1509582 4.010695228931017e-09 1.402270400295611e-06
316227766.01683795 4.101805867059059e-09 1.4327368413931505e-06
398107170.5534969 4.194849034637014e-09 1.463629106978444e-06
501187233.6272735 4.289820409362518e-09 1.4949468315140546e-06
630957344.4801943 4.386738624129506e-09 1.5266935362055776e-06
794328234.7242821 4.485583982424732e-09 1.5588651690731142e-06
1000000000.0 4.586363623891303e-09 1.5914639950730092e-06
1258925411.794166 4.689077824934741e-09 1.6244890247695547e-06
1584893192.4611173 4.79371723129989e-09 1.6579405564643913e-06
1995262314.9688828 4.900309979070298e-09 1.6918179542166585e-06
2511886431.509582 5.0088282847666206e-09 1.726123401896641e-06
3162277660.1683793 5.119281627275344e-09 1.7608546792306564e-06
3981071705.5349855 5.231670008872236e-09 1.7960126779905538e-06
5011872336.272736 5.34599346467975e-09 1.8315968212454064e-06
6309573444.801943 5.462252352856265e-09 1.8676075660441438e-06
7943282347.242822 5.580413910848566e-09 1.9040454041643562e-06
10000000000.0 5.7005756444996795e-09 1.9409089671363515e-06
12589254117.941713 5.822640274211102e-09 1.9781993035935834e-06
15848931924.611174 5.946640324980889e-09 2.0159172109304102e-06
19952623149.688828 6.072575763761072e-09 2.0540588858467075e-06
25118864315.09582 6.200446647455983e-09 2.0926267680024744e-06
31622776601.683792 6.3302530020949315e-09 2.131624348878633e-06
39810717055.34985 6.461994831230689e-09 2.1710491964597036e-06
50118723362.72735 6.595642610359812e-09 2.2108958058693178e-06
63095734448.019424 6.731285003070244e-09 2.2511760029293494e-06
79432823472.42822 6.868833379855126e-09 2.291876778198802e-06
100000000000.0 7.00824602916458e-09 2.333007693407132e-06
125892541179.41713 7.149736778841901e-09 2.3745661921474857e-06
158489319246.11172 7.293091782955789e-09 2.416548861507296e-06
199526231496.88828 7.43830351299039e-09 2.4589559010175904e-06
251188643150.95822 7.585608525197085e-09 2.501794439003456e-06
316227766016.83795 7.734770264660615e-09 2.545054553927575e-06
398107170553.49854 7.8858676162613e-09 2.5887448341096447e-06
501187233627.2735 8.038900514781472e-09 2.63285841882236e-06
630957344480.1943 8.193868991603364e-09 2.677403250320972e-06
794328234724.2821 8.350773062744489e-09 2.7223699735737113e-06
1000000000000.0 8.509612758440958e-09 2.7677662660967763e-06
