src/nupyprop/models/beta_muon_pn_bdhm_rock.ecsv
# %ECSV 1.0
# ---
# datatype:
# - {name: energy, datatype: float64}
# - {name: beta_pn_bdhm_cut, datatype: float64}
# - {name: beta_pn_bdhm_total, datatype: float64}
# meta: !!omap
# - {Description: Model/parameterization dependent photonuclear energy loss lookup table for Muon in rock}
# - {energy: 'Muon energy, in GeV'}
# - {beta_pn_bdhm_cut: 'Photonuclear BDHM energy loss model beta values integrated from y_min to y_max=1e-3, in cm^2/g'}
# - {beta_pn_bdhm_total: 'Photonuclear BDHM energy loss model beta values integrated from y_min to y_max, in cm^2/g'}
# schema: astropy-2.0
energy beta_pn_bdhm_cut beta_pn_bdhm_total
1.0 -0.0 7.780514908544058e-08
1.2589254117941673 -0.0 9.643473374496316e-08
1.5848931924611136 -0.0 1.1469905234105992e-07
1.9952623149688797 -0.0 1.3233799055077462e-07
2.51188643150958 -0.0 1.4921333145772923e-07
3.1622776601683795 -0.0 1.6510137648804546e-07
3.981071705534973 -0.0 1.800144546897373e-07
5.011872336272724 -0.0 1.940442806929618e-07
6.309573444801933 -0.0 2.067610256553332e-07
7.943282347242816 -0.0 2.1879453727814302e-07
10.0 -0.0 2.2964771999336615e-07
12.589254117941675 -0.0 2.396654995270924e-07
15.848931924611142 -0.0 2.488940449963481e-07
19.952623149688797 -0.0 2.5743411017451073e-07
25.11886431509581 -0.0 2.6516622631194916e-07
31.622776601683793 -0.0 2.724311794754947e-07
39.810717055349734 -0.0 2.7919091966911156e-07
50.11872336272725 -0.0 2.855420795007716e-07
63.09573444801933 -0.0 2.9159022002695114e-07
79.43282347242817 -0.0 2.974379022999162e-07
100.0 -0.0 3.0309898037526144e-07
125.89254117941675 -0.0 3.0872757069470944e-07
158.48931924611142 6.481941206344687e-11 3.1429544975071324e-07
199.52623149688807 3.2944344348028464e-10 3.200025448522416e-07
251.18864315095823 5.495104139201877e-10 3.2569488418678107e-07
316.22776601683796 7.324151696066912e-10 3.3158069685284496e-07
398.1071705534973 8.848608392972223e-10 3.376350872286512e-07
501.18723362727246 1.0120986935555283e-09 3.4393645178128846e-07
630.9573444801937 1.118650663407937e-09 3.5047282515364687e-07
794.3282347242822 1.208532338408906e-09 3.573147144065972e-07
1000.0 1.2845902621536155e-09 3.6441684392221365e-07
1258.9254117941675 1.3501123829150398e-09 3.7186645456008466e-07
1584.893192461114 1.4058153866822509e-09 3.7961294927024803e-07
1995.262314968881 1.454430381626689e-09 3.8770997423630544e-07
2511.886431509582 1.4972198711459191e-09 3.961528748285298e-07
3162.2776601683795 1.5351305750512422e-09 4.049664821640976e-07
3981.0717055349733 1.569401388699037e-09 4.1415438769287805e-07
5011.872336272725 1.6008110635129444e-09 4.2370660637350336e-07
6309.573444801937 1.631374085601148e-09 4.336244803465097e-07
7943.282347242822 1.65600546911229e-09 4.4392923706077595e-07
10000.0 1.6813362321961925e-09 4.5462860920019346e-07
12589.254117941688 1.7054519224614964e-09 4.657124789160098e-07
15848.93192461114 1.729132345049311e-09 4.77179195229706e-07
19952.62314968879 1.7522674053455683e-09 4.890346681877722e-07
25118.864315095823 1.7749418944937424e-09 5.012811919508315e-07
31622.776601683792 1.797823174059826e-09 5.139287924727217e-07
39810.71705534977 1.821104436893707e-09 5.269683455863992e-07
50118.72336272725 1.8449073094168544e-09 5.404070561492886e-07
63095.73444801943 1.8694054699857948e-09 5.542407887063523e-07
79432.82347242821 1.8946358615799966e-09 5.684716135181908e-07
100000.0 1.9208609787697386e-09 5.830995893883322e-07
125892.54117941688 1.9481798985328345e-09 5.981171678281144e-07
158489.3192461114 1.9767142842210046e-09 6.135437280803575e-07
199526.2314968883 2.0066702694323277e-09 6.293694108402497e-07
251188.6431509582 2.037993229265224e-09 6.45593463832551e-07
316227.7660168379 2.070767525312177e-09 6.622166550986842e-07
398107.17055349774 2.1049823351066902e-09 6.792420332397908e-07
501187.2336272725 2.140802867051707e-09 6.966672750466122e-07
630957.3444801943 2.1782318246119704e-09 7.14491115951135e-07
794328.2347242822 2.2173622928173908e-09 7.327159161967108e-07
1000000.0 2.258178206527748e-09 7.513296801340396e-07
1258925.4117941686 2.300723366828016e-09 7.703563826430491e-07
1584893.1924611141 2.3449610506761842e-09 7.897832171931662e-07
1995262.3149688828 2.390963821824424e-09 8.096111072827622e-07
2511886.4315095823 2.438710900887531e-09 8.298393495443489e-07
3162277.6601683795 2.4882499103513398e-09 8.504687805103123e-07
3981071.7055349774 2.539568397902587e-09 8.714977935402926e-07
5011872.336272725 2.5926565962902874e-09 8.92928469030955e-07
6309573.444801942 2.6475489062559025e-09 9.147482801035426e-07
7943282.347242822 2.704214456601687e-09 9.369813486063002e-07
10000000.0 2.7626761015284662e-09 9.596151830108026e-07
12589254.117941687 2.822939333385669e-09 9.826498313076891e-07
15848931.924611142 2.885022995478447e-09 1.006085568508448e-06
19952623.14968883 2.948910127007956e-09 1.0299222326822135e-06
25118864.315095823 3.0146021089416245e-09 1.0541588134575128e-06
31622776.60168379 3.0821044326536066e-09 1.0787969275939127e-06
39810717.055349775 3.1514023496569186e-09 1.1038359462332554e-06
50118723.36272725 3.222539762368962e-09 1.1292760774712634e-06
63095734.44801943 3.2954895391036855e-09 1.1551169166442943e-06
79432823.47242822 3.3702593744337706e-09 1.1813586809023025e-06
100000000.0 3.446853788388156e-09 1.2080013710603504e-06
125892541.17941661 3.525252437180678e-09 1.2350486596320596e-06
158489319.24611175 3.6054706880961424e-09 1.2624936559756332e-06
199526231.49688828 3.687504719091626e-09 1.290339233074029e-06
251188643.1509582 3.771356919620118e-09 1.3185858706686245e-06
316227766.01683795 3.857026981191714e-09 1.3472336665529384e-06
398107170.5534969 3.944514888010584e-09 1.3762805108205353e-06
501187233.6272735 4.033816216442973e-09 1.4057292064563816e-06
630957344.4801943 4.1249485853727045e-09 1.4355812821519867e-06
794328234.7242821 4.217893551546873e-09 1.465832926983662e-06
1000000000.0 4.312657363785697e-09 1.4964862706030946e-06
1258925411.794166 4.409240655060636e-09 1.5275403826443362e-06
1584893192.4611173 4.507634374997025e-09 1.558995543584054e-06
1995262314.9688828 4.607865039961238e-09 1.5908511553545615e-06
2511886431.509582 4.70990645529341e-09 1.6231094280158332e-06
3162277660.1683793 4.813767538890516e-09 1.6557678195879691e-06
3981071705.5349855 4.9194482570088244e-09 1.6888275291745397e-06
5011872336.272736 5.026948622156446e-09 1.7222880908550804e-06
6309573444.801943 5.136269028702599e-09 1.7561475827142396e-06
7943282347.242822 5.247378571502452e-09 1.7904129809480413e-06
10000000000.0 5.360368923953195e-09 1.8250765480615737e-06
12589254117.941713 5.475148682748687e-09 1.8601414587494237e-06
15848931924.611174 5.591748374881363e-09 1.8956083381251733e-06
19952623149.688828 5.710167968901725e-09 1.9314750969960476e-06
25118864315.09582 5.8304075195410815e-09 1.967743196815399e-06
31622776601.683792 5.952467102222897e-09 2.0044101339925736e-06
39810717055.34985 6.076346549790273e-09 2.0414821274761426e-06
50118723362.72735 6.202018269234467e-09 2.0789507105639537e-06
63095734448.019424 6.329565567923974e-09 2.1168270084378745e-06
79432823472.42822 6.458905110158266e-09 2.155098784175398e-06
100000000000.0 6.5899976734508994e-09 2.1937750263909628e-06
125892541179.41713 6.7230443152482144e-09 2.232853336540903e-06
158489319246.11172 6.8578439575759255e-09 2.2723305026176227e-06
199526231496.88828 6.994389520362367e-09 2.3122067146767023e-06
251188643150.95822 7.132903440555695e-09 2.352488668627505e-06
316227766016.83795 7.273163281204136e-09 2.3931670427477707e-06
398107170553.49854 7.415243218847223e-09 2.4342523902941305e-06
501187233627.2735 7.559143191356414e-09 2.4757332316531118e-06
630957344480.1943 7.704863228691131e-09 2.5176172359993314e-06
794328234724.2821 7.852403345694133e-09 2.559900373272488e-06
1000000000000.0 8.00176357077804e-09 2.602587437599854e-06
