src/nupyprop/models/beta_muon_pn_ckmt_water.ecsv
# %ECSV 1.0
# ---
# datatype:
# - {name: energy, datatype: float64}
# - {name: beta_pn_ckmt_cut, datatype: float64}
# - {name: beta_pn_ckmt_total, datatype: float64}
# meta: !!omap
# - {Description: Model/parameterization dependent photonuclear energy loss lookup table for Muon in water}
# - {energy: 'Muon energy, in GeV'}
# - {beta_pn_ckmt_cut: 'Photonuclear CKMT energy loss model beta values integrated from y_min to y_max=1e-3, in cm^2/g'}
# - {beta_pn_ckmt_total: 'Photonuclear CKMT energy loss model beta values integrated from y_min to y_max, in cm^2/g'}
# schema: astropy-2.0
energy beta_pn_ckmt_cut beta_pn_ckmt_total
1.0 -0.0 4.248959199925874e-07
1.2589254117941673 -0.0 4.6960448606462993e-07
1.5848931924611136 -0.0 5.026905901121146e-07
1.9952623149688797 -0.0 5.25453230833205e-07
2.51188643150958 -0.0 5.393648271566079e-07
3.1622776601683795 -0.0 5.459248243982268e-07
3.981071705534973 -0.0 5.46542175038159e-07
5.011872336272724 -0.0 5.425481104628529e-07
6.309573444801933 -0.0 5.350747948397531e-07
7.943282347242816 -0.0 5.251012157762273e-07
10.0 -0.0 5.134690081167738e-07
12.589254117941675 -0.0 5.013229279727606e-07
15.848931924611142 -0.0 4.878591226556053e-07
19.952623149688797 -0.0 4.748810996157106e-07
25.11886431509581 -0.0 4.622985046051213e-07
31.622776601683793 -0.0 4.5036727950696775e-07
39.810717055349734 -0.0 4.394098164908302e-07
50.11872336272725 -0.0 4.2930980512354447e-07
63.09573444801933 -0.0 4.201619829459229e-07
79.43282347242817 -0.0 4.1231921596234006e-07
100.0 -0.0 4.055625032065932e-07
125.89254117941675 -0.0 3.999180861812868e-07
158.48931924611142 2.921824392835927e-10 3.9543658639353956e-07
199.52623149688807 1.4750373220134728e-09 3.920517332135869e-07
251.18864315095823 2.3734761341518634e-09 3.8970471284686883e-07
316.22776601683796 3.0135846871626033e-09 3.883838845184739e-07
398.1071705534973 3.4469555184691647e-09 3.8802320533453633e-07
501.18723362727246 3.719628679408255e-09 3.8856997135258534e-07
630.9573444801937 3.87013740004358e-09 3.899770603703604e-07
794.3282347242822 3.929362052993398e-09 3.9219153252342593e-07
1000.0 3.921816467022245e-09 3.95160069719864e-07
1258.9254117941675 3.866810636560046e-09 3.988345668745157e-07
1584.893192461114 3.779370004057641e-09 4.031816705419703e-07
1995.262314968881 3.6711412702365136e-09 4.081584628895625e-07
2511.886431509582 3.5509367143494465e-09 4.1373189869004433e-07
3162.2776601683795 3.425458128299749e-09 4.1980292600708147e-07
3981.0717055349733 3.2996964315248166e-09 4.2644508332688453e-07
5011.872336272725 3.1772133266993485e-09 4.335920341918672e-07
6309.573444801937 3.0607687581057397e-09 4.412208611708574e-07
7943.282347242822 2.9516974212057408e-09 4.4931222066649015e-07
10000.0 2.8510658881202497e-09 4.578440949155514e-07
12589.254117941688 2.7598103054041077e-09 4.6680283482168007e-07
15848.93192461114 2.6778329362953375e-09 4.7617239629773517e-07
19952.62314968879 2.6056341006208105e-09 4.859466882235751e-07
25118.864315095823 2.542802906648338e-09 4.961194248320348e-07
31622.776601683792 2.4889347289145155e-09 5.066838916023343e-07
39810.71705534977 2.443659878722775e-09 5.176306794623412e-07
50118.72336272725 2.4064896970211323e-09 5.289592791379572e-07
63095.73444801943 2.376903315144294e-09 5.406693126862761e-07
79432.82347242821 2.354394639655629e-09 5.527596066943392e-07
100000.0 2.3384676360529376e-09 5.652336483786389e-07
125892.54117941688 2.3286263538041413e-09 5.780926987316419e-07
158489.3192461114 2.3243941456574943e-09 5.913420548319634e-07
199526.2314968883 2.325336846823301e-09 6.049868075960504e-07
251188.6431509582 2.3311530666510455e-09 6.190323638348615e-07
316227.7660168379 2.3411958580398143e-09 6.334862548623122e-07
398107.17055349774 2.3553034154934777e-09 6.483574985753923e-07
501187.2336272725 2.3731837903248582e-09 6.636544617761363e-07
630957.3444801943 2.3945406535688386e-09 6.793732613015359e-07
794328.2347242822 2.4190923031210646e-09 6.955534269894696e-07
1000000.0 2.4466172230271795e-09 7.121893288484337e-07
1258925.4117941686 2.4768560896027753e-09 7.292946595766029e-07
1584893.1924611141 2.5096869756181166e-09 7.468809995186312e-07
1995262.3149688828 2.544890268658107e-09 7.649639356404666e-07
2511886.4315095823 2.5823369622400995e-09 7.83545186091114e-07
3162277.6601683795 2.6218774991155087e-09 8.026612336432995e-07
3981071.7055349774 2.663384074253614e-09 8.223181640769605e-07
5011872.336272725 2.7067876954809212e-09 8.425301412183326e-07
6309573.444801942 2.7519739775394296e-09 8.633148556876216e-07
7943282.347242822 2.798862362291165e-09 8.846936030717559e-07
10000000.0 2.8474393010506344e-09 9.066791600758837e-07
12589254.117941687 2.897600072642226e-09 9.292944837080391e-07
15848931.924611142 2.9493241772708457e-09 9.525586281496657e-07
19952623.14968883 3.0025667555738413e-09 9.764922253185758e-07
25118864.315095823 3.0573100161106846e-09 1.001117409168242e-06
31622776.60168379 3.1135394210739607e-09 1.0264571006955522e-06
39810717.055349775 3.1712256784500755e-09 1.0525334187740473e-06
50118723.36272725 3.2303701046597503e-09 1.0793744074454794e-06
63095734.44801943 3.290973021671439e-09 1.1070015389496792e-06
79432823.47242822 3.353020975127571e-09 1.1354388098268575e-06
100000000.0 3.416539891884062e-09 1.1647245782009404e-06
125892541.17941661 3.481441150974991e-09 1.1948779277750094e-06
158489319.24611175 3.5479313510023487e-09 1.2259309509495187e-06
199526231.49688828 3.6158843567709153e-09 1.2579165793011625e-06
251188643.1509582 3.685362114979982e-09 1.290851298662002e-06
316227766.01683795 3.7563716801466694e-09 1.3248007356358818e-06
398107170.5534969 3.8289830506447644e-09 1.3597705200935278e-06
501187233.6272735 3.903081925184124e-09 1.395806154451832e-06
630957344.4801943 3.978852520566186e-09 1.4328850870552529e-06
794328234.7242821 4.0562526596777075e-09 1.4711603411924658e-06
1000000000.0 4.135323395234467e-09 1.51062753141602e-06
1258925411.794166 4.216098711398802e-09 1.5513139295781761e-06
1584893192.4611173 4.298612954526979e-09 1.5932005698063488e-06
1995262314.9688828 4.382902758989542e-09 1.6365347465361638e-06
2511886431.509582 4.469006625139413e-09 1.681161433852089e-06
3162277660.1683793 4.556964379509665e-09 1.7271971040532608e-06
3981071705.5349855 4.64681747937025e-09 1.774692647257337e-06
5011872336.272736 4.738609357857813e-09 1.8237010487956858e-06
6309573444.801943 4.832384547404726e-09 1.8742772991092553e-06
7943282347.242822 4.928189288902417e-09 1.926478813057129e-06
10000000000.0 5.026040528415237e-09 1.9803649224507237e-06
12589254117.941713 5.1260485461187946e-09 2.035998418546474e-06
15848931924.611174 5.228235762111041e-09 2.0934437340230547e-06
19952623149.688828 5.3326203302280915e-09 2.1527675014265354e-06
25118864315.09582 5.439294731085586e-09 2.2140400435204035e-06
31622776601.683792 5.548506881774249e-09 2.277403456958587e-06
39810717055.34985 5.659859471930254e-09 2.3427768017602594e-06
50118723362.72735 5.773771930677079e-09 2.410346971052693e-06
63095734448.019424 5.8902085544526814e-09 2.480194705039229e-06
79432823472.42822 6.0092333482446534e-09 2.5523675968601375e-06
100000000000.0 6.130918201004665e-09 2.6269750610345145e-06
125892541179.41713 6.2553154888114046e-09 2.7041091166433725e-06
158489319246.11172 6.382512056382232e-09 2.783859812578588e-06
199526231496.88828 6.512574909679362e-09 2.866348767240045e-06
251188643150.95822 6.6455794579009856e-09 2.951661402045747e-06
316227766016.83795 6.781603400433249e-09 3.039912710678835e-06
398107170553.49854 6.920726821371096e-09 3.1311799733620107e-06
501187233627.2735 7.063032453223443e-09 3.225696603556935e-06
630957344480.1943 7.208605843538607e-09 3.3234713869488664e-06
794328234724.2821 7.35753511542444e-09 3.4246718173143608e-06
1000000000000.0 7.509911441046408e-09 3.529434014520984e-06
