src/nupyprop/models/ixc_tau_pn_ckmt_water.ecsv
# %ECSV 1.0
# ---
# datatype:
# - {name: energy, datatype: float64}
# - {name: y, datatype: float64}
# - {name: cdf_pn_ckmt, datatype: float64}
# meta: !!omap
# - {Description: Tau-nucleon cross-section CDF values for PN_CKMT in water}
# - {energy: 'Tau energy, in GeV'}
# - {y: Inelasticity; y = (E_initial-E_final)/E_initial}
# - {cdf: Cross-section CDF values for PN_CKMT in water}
# - {Note: 'The integrated cross-section CDF values should be integrated from y = 1, 10^(-0.1),...,10^(-3). This is a convention we chose
#     to adopt'}
# schema: astropy-2.0
energy y cdf_pn_ckmt
[from data line 2131]
6309573.444801942 0.005011872336272725 0.5692045618216564
6309573.444801942 0.003981071705534973 0.6250685602156377
6309573.444801942 0.0031622776601683794 0.6829630064775236
6309573.444801942 0.0025118864315095794 0.7428012697351489
6309573.444801942 0.0019952623149688807 0.8045007029799064
6309573.444801942 0.001584893192461114 0.8679826779598252
6309573.444801942 0.0012589254117941675 0.9331726010223419
6309573.444801942 0.001 1.0
7943282.347242822 1.0 0.0
7943282.347242822 0.7943282347242815 0.0002331759996801156
7943282.347242822 0.6309573444801932 0.0011493605224094027
7943282.347242822 0.5011872336272722 0.0030470886543264458
7943282.347242822 0.3981071705534972 0.006286003297298981
7943282.347242822 0.31622776601683794 0.011251345462737473
7943282.347242822 0.251188643150958 0.018301666175228708
7943282.347242822 0.19952623149688797 0.027744314605134966
7943282.347242822 0.15848931924611137 0.039831353933604936
7943282.347242822 0.12589254117941676 0.05475979152884509
7943282.347242822 0.10000000000000002 0.07267107943473364
7943282.347242822 0.07943282347242818 0.09365197454183795
7943282.347242822 0.06309573444801933 0.11773874589678644
7943282.347242822 0.05011872336272722 0.14492447626276697
7943282.347242822 0.039810717055349734 0.17516788782168646
7943282.347242822 0.03162277660168379 0.20840219367776971
7943282.347242822 0.025118864315095808 0.24454291720949417
7943282.347242822 0.0199526231496888 0.28349429442489305
7943282.347242822 0.015848931924611134 0.32515419003279145
7943282.347242822 0.012589254117941675 0.3694176965285707
7943282.347242822 0.01 0.4161796594940769
7943282.347242822 0.00794328234724282 0.46533637716147047
7943282.347242822 0.006309573444801936 0.5167867603375039
7943282.347242822 0.005011872336272725 0.5704328829898024
7943282.347242822 0.003981071705534973 0.6261804772808689
7943282.347242822 0.0031622776601683794 0.6839390443059254
7943282.347242822 0.0025118864315095794 0.7436219450560798
7943282.347242822 0.0019952623149688807 0.8051464235305787
7943282.347242822 0.001584893192461114 0.8684336202237171
7943282.347242822 0.0012589254117941675 0.9334085133977121
7943282.347242822 0.001 1.0
10000000.0 1.0 0.0
10000000.0 0.7943282347242815 0.00024000537989429747
10000000.0 0.6309573444801932 0.00118126196550948
10000000.0 0.5011872336272722 0.003126355995625384
10000000.0 0.3981071705534972 0.006437686131739124
10000000.0 0.31622776601683794 0.01150065908088339
10000000.0 0.251188643150958 0.01867065192504549
10000000.0 0.19952623149688797 0.028249235822265562
10000000.0 0.15848931924611137 0.04048144687518953
10000000.0 0.12589254117941676 0.05555720531104749
10000000.0 0.10000000000000002 0.07361160080936983
10000000.0 0.07943282347242818 0.09472613013553968
10000000.0 0.06309573444801933 0.1189329943874689
10000000.0 0.05011872336272722 0.14622231980816902
10000000.0 0.039810717055349734 0.17655080272808302
10000000.0 0.03162277660168379 0.20985036023978
10000000.0 0.025118864315095808 0.24603578234896017
10000000.0 0.0199526231496888 0.28501097476591264
10000000.0 0.015848931924611134 0.32667375101460533
10000000.0 0.012589254117941675 0.3709193355762629
10000000.0 0.01 0.41764281639003015
10000000.0 0.00794328234724282 0.46674080352502784
10000000.0 0.006309573444801936 0.5181125231565422
10000000.0 0.005011872336272725 0.5716603600143173
10000000.0 0.003981071705534973 0.627290272678266
10000000.0 0.0031622776601683794 0.6849119441459797
10000000.0 0.0025118864315095794 0.7444388348747751
10000000.0 0.0019952623149688807 0.805788229412599
10000000.0 0.001584893192461114 0.868881130276669
10000000.0 0.0012589254117941675 0.9336423070423664
10000000.0 0.001 1.0
12589254.117941687 1.0 0.0
12589254.117941687 0.7943282347242815 0.0002470109895120145
12589254.117941687 0.6309573444801932 0.001213930061523194
12589254.117941687 0.5011872336272722 0.0032073868683028727
12589254.117941687 0.3981071705534972 0.00659247238828133
12589254.117941687 0.31622776601683794 0.011754642548140234
12589254.117941687 0.251188643150958 0.01904595069985025
12589254.117941687 0.19952623149688797 0.028762048235310644
12589254.117941687 0.15848931924611137 0.041140831364208416
12589254.117941687 0.12589254117941676 0.05636506221778261
12589254.117941687 0.10000000000000002 0.07456342651455987
12589254.117941687 0.07943282347242818 0.09581214474935296
12589254.117941687 0.06309573444801933 0.12013935609686646
12589254.117941687 0.05011872336272722 0.14753223012601294
12589254.117941687 0.039810717055349734 0.17794545139390466
12589254.117941687 0.03162277660168379 0.21130966830078593
12589254.117941687 0.025118864315095808 0.24753896348105425
12589254.117941687 0.0199526231496888 0.2865369417783372
12589254.117941687 0.015848931924611134 0.3282013985177913
12589254.117941687 0.012589254117941675 0.3724277270252731
12589254.117941687 0.01 0.41911129997437657
12589254.117941687 0.00794328234724282 0.46814910181560176
12589254.117941687 0.006309573444801936 0.5194406901123712
12589254.117941687 0.005011872336272725 0.5728888198150618
12589254.117941687 0.003981071705534973 0.6283997567699551
12589254.117941687 0.0031622776601683794 0.6858834444258979
12589254.117941687 0.0025118864315095794 0.7452536314734957
12589254.117941687 0.0019952623149688807 0.806427622499552
12589254.117941687 0.001584893192461114 0.8693263876973556
12589254.117941687 0.0012589254117941675 0.9338744648733921
12589254.117941687 0.001 1.0
15848931.924611142 1.0 0.0
15848931.924611142 0.7943282347242815 0.00025419721897413896
15848931.924611142 0.6309573444801932 0.0012473835498661712
15848931.924611142 0.5011872336272722 0.003290222792720451
15848931.924611142 0.3981071705534972 0.006750433897118722
15848931.924611142 0.31622776601683794 0.012013404347269638
15848931.924611142 0.251188643150958 0.019427713924089002
15848931.924611142 0.19952623149688797 0.029282951352257464
15848931.924611142 0.15848931924611137 0.04180976398489997
15848931.924611142 0.12589254117941676 0.057183683506551466
15848931.924611142 0.10000000000000002 0.07552695475988812
15848931.924611142 0.07943282347242818 0.096910505224732
15848931.924611142 0.06309573444801933 0.12135840820002175
15848931.924611142 0.05011872336272722 0.14885488821790885
15848931.924611142 0.039810717055349734 0.17935263298566959
15848931.924611142 0.03162277660168379 0.21278104241065407
15848931.924611142 0.025118864315095808 0.24905349596467116
15848931.924611142 0.0199526231496888 0.2880733626487129
15848931.924611142 0.015848931924611134 0.3297384297889708
15848931.924611142 0.012589254117941675 0.37394429459794565
15848931.924611142 0.01 0.4205866720993989
15848931.924611142 0.00794328234724282 0.4695629131455409
15848931.924611142 0.006309573444801936 0.520772983629902
15848931.924611142 0.005011872336272725 0.5741200434525855
15848931.924611142 0.003981071705534973 0.6295107513226907
15848931.924611142 0.0031622776601683794 0.686855392628453
15848931.924611142 0.0025118864315095794 0.746067898134236
15848931.924611142 0.0019952623149688807 0.8070657978600028
15848931.924611142 0.001584893192461114 0.8697701597411946
15848931.924611142 0.0012589254117941675 0.9341055698824227
15848931.924611142 0.001 1.0
19952623.14968883 1.0 0.0
19952623.14968883 0.7943282347242815 0.0002615683851563323
19952623.14968883 0.6309573444801932 0.0012816406998047653
19952623.14968883 0.5011872336272722 0.003374903565535276
19952623.14968883 0.3981071705534972 0.006911638427591127
19952623.14968883 0.31622776601683794 0.012277045107905964
19952623.14968883 0.251188643150958 0.01981607894615975
19952623.14968883 0.19952623149688797 0.029812123525677463
19952623.14968883 0.15848931924611137 0.04248846970151366
19952623.14968883 0.12589254117941676 0.058013350377235214
19952623.14968883 0.10000000000000002 0.07650252795502367
19952623.14968883 0.07943282347242818 0.09802162376576493
19952623.14968883 0.06309573444801933 0.1225906407433376
19952623.14968883 0.05011872336272722 0.15019086890472533
19952623.14968883 0.039810717055349734 0.18077301376398877
19952623.14968883 0.03162277660168379 0.2142652452430801
19952623.14968883 0.025118864315095808 0.25058029965810463
19952623.14968883 0.0199526231496888 0.2896212571075127
19952623.14968883 0.015848931924611134 0.3312859632859469
19952623.14968883 0.012589254117941675 0.375470258217249
19952623.14968883 0.01 0.4220701407633052
19952623.14968883 0.00794328234724282 0.4709835008279885
19952623.14968883 0.006309573444801936 0.5221106930874002
19952623.14968883 0.005011872336272725 0.5753553264568343
19952623.14968883 0.003981071705534973 0.6306244857531506
19952623.14968883 0.0031622776601683794 0.6878288416508594
19952623.14968883 0.0025118864315095794 0.7468826542934237
19952623.14968883 0.0019952623149688807 0.8077037186588066
19952623.14968883 0.001584893192461114 0.8702133053021444
19952623.14968883 0.0012589254117941675 0.934336082430072
19952623.14968883 0.001 1.0
25118864.315095823 1.0 0.0
25118864.315095823 0.7943282347242815 0.0002691287797914781
25118864.315095823 0.6309573444801932 0.0013167193107309588
25118864.315095823 0.5011872336272722 0.0034614679399239405
25118864.315095823 0.3981071705534972 0.0070761510887013745
25118864.315095823 0.31622776601683794 0.01254565975903237
25118864.315095823 0.251188643150958 0.02021117310511622
25118864.315095823 0.19952623149688797 0.03034972766018702
25118864.315095823 0.15848931924611137 0.04317715075759185
25118864.315095823 0.12589254117941676 0.05885430666084057
25118864.315095823 0.10000000000000002 0.07749044044792354
25118864.315095823 0.07943282347242818 0.0991458488026204
25118864.315095823 0.06309573444801933 0.1238364610344305
25118864.315095823 0.05011872336272722 0.15154064715674992
25118864.315095823 0.039810717055349734 0.18220714207526242
25118864.315095823 0.03162277660168379 0.21576290222660008
25118864.315095823 0.025118864315095808 0.25212002128806843
25118864.315095823 0.0199526231496888 0.2911813516702825
25118864.315095823 0.015848931924611134 0.33284480826783774
25118864.315095823 0.012589254117941675 0.3770064834136214
25118864.315095823 0.01 0.42356281560747505
25118864.315095823 0.00794328234724282 0.47241202541776706
25118864.315095823 0.006309573444801936 0.5234550126714204
25118864.315095823 0.005011872336272725 0.5765958745833257
25118864.315095823 0.003981071705534973 0.6317421664348608
25118864.315095823 0.0031622776601683794 0.6888049945911398
25118864.315095823 0.0025118864315095794 0.7476990063594771
25118864.315095823 0.0019952623149688807 0.8083423417475583
25118864.315095823 0.001584893192461114 0.8706565401611029
25118864.315095823 0.0012589254117941675 0.934566422878427
25118864.315095823 0.001 1.0
31622776.60168379 1.0 0.0
31622776.60168379 0.7943282347242815 0.00027688280710415786
31622776.60168379 0.6309573444801932 0.0013526375474603447
31622776.60168379 0.5011872336272722 0.0035499554212511135
31622776.60168379 0.3981071705534972 0.0072440380692224676
31622776.60168379 0.31622776601683794 0.012819344651753068
31622776.60168379 0.251188643150958 0.020613125509878417
31622776.60168379 0.19952623149688797 0.03089592857446307
31622776.60168379 0.15848931924611137 0.04387601126352526
31622776.60168379 0.12589254117941676 0.05970680132753892
31622776.60168379 0.10000000000000002 0.07849098950825525
31622776.60168379 0.07943282347242818 0.1002835331178941
31622776.60168379 0.06309573444801933 0.1250962942140787
31622776.60168379 0.05011872336272722 0.15290471806492809
31622776.60168379 0.039810717055349734 0.18365558597618498
31622776.60168379 0.03162277660168379 0.2172746584607105
31622776.60168379 0.025118864315095808 0.25367340529631144
31622776.60168379 0.0199526231496888 0.29275447514257774
31622776.60168379 0.015848931924611134 0.334415863747187
31622776.60168379 0.012589254117941675 0.37855394266047615
31622776.60168379 0.01 0.42506555673420104
31622776.60168379 0.00794328234724282 0.4738494065769468
31622776.60168379 0.006309573444801936 0.5248069075307928
31622776.60168379 0.005011872336272725 0.5778426797064294
31622776.60168379 0.003981071705534973 0.6328647877205055
31622776.60168379 0.0031622776601683794 0.6897848176084689
31622776.60168379 0.0025118864315095794 0.7485178652794667
31622776.60168379 0.0019952623149688807 0.8089824642194859
31622776.60168379 0.001584893192461114 0.8711004625892591
31622776.60168379 0.0012589254117941675 0.934796918679911
31622776.60168379 0.001 1.0
39810717.055349775 1.0 0.0
39810717.055349775 0.7943282347242815 0.0002848348315516899
39810717.055349775 0.6309573444801932 0.0013894132398399022
39810717.055349775 0.5011872336272722 0.0036404043313496104
39810717.055349775 0.3981071705534972 0.007415362729463121
39810717.055349775 0.31622776601683794 0.013098190652426487
39810717.055349775 0.251188643150958 0.021022055923243767
39810717.055349775 0.19952623149688797 0.031450876328220446
39810717.055349775 0.15848931924611137 0.044585233904657094
39810717.055349775 0.12589254117941676 0.06057105515335003
39810717.055349775 0.10000000000000002 0.07950443334391397
39810717.055349775 0.07943282347242818 0.10143497858114017
39810717.055349775 0.06309573444801933 0.12637047990554243
39810717.055349775 0.05011872336272722 0.15428345846443128
39810717.055349775 0.039810717055349734 0.18511877861780512
39810717.055349775 0.03162277660168379 0.21880100648554385
39810717.055349775 0.025118864315095808 0.2552409880881711
39810717.055349775 0.0199526231496888 0.2943412195712004
39810717.055349775 0.015848931924611134 0.3359997799169955
39810717.055349775 0.012589254117941675 0.3801133424503251
39810717.055349775 0.01 0.426579181453867
39810717.055349775 0.00794328234724282 0.4752965027097246
39810717.055349775 0.006309573444801936 0.5261672646859771
39810717.055349775 0.005011872336272725 0.5790966409963765
39810717.055349775 0.003981071705534973 0.6339932397942384
39810717.055349775 0.0031622776601683794 0.6907691652962641
39810717.055349775 0.0025118864315095794 0.7493400098879611
39810717.055349775 0.0019952623149688807 0.8096247359265673
39810717.055349775 0.001584893192461114 0.8715455578131684
39810717.055349775 0.0012589254117941675 0.935027842225874
39810717.055349775 0.001 1.0
50118723.36272725 1.0 0.0
50118723.36272725 0.7943282347242815 0.0002929892608179286
50118723.36272725 0.6309573444801932 0.0014270642590752485
50118723.36272725 0.5011872336272722 0.0037328528044826355
50118723.36272725 0.3981071705534972 0.00759018765815237
50118723.36272725 0.31622776601683794 0.01338228683671214
50118723.36272725 0.251188643150958 0.021438080744430644
50118723.36272725 0.19952623149688797 0.0320147155334589
50118723.36272725 0.15848931924611137 0.04530499240898721
50118723.36272725 0.12589254117941676 0.06144726839323643
50118723.36272725 0.10000000000000002 0.08053100783110777
50118723.36272725 0.07943282347242818 0.10260045964877637
50118723.36272725 0.06309573444801933 0.12765933853734251
50118723.36272725 0.05011872336272722 0.15567727530033812
50118723.36272725 0.039810717055349734 0.18659717661939504
50118723.36272725 0.03162277660168379 0.2203424565770456
50118723.36272725 0.025118864315095808 0.2568233886358575
50118723.36272725 0.0199526231496888 0.2959422570810151
50118723.36272725 0.015848931924611134 0.33759728209656303
50118723.36272725 0.012589254117941675 0.3816854583181727
50118723.36272725 0.01 0.4281045104008444
50118723.36272725 0.00794328234724282 0.47675417193092234
50118723.36272725 0.006309573444801936 0.5275369691942238
50118723.36272725 0.005011872336272725 0.5803586565000995
50118723.36272725 0.003981071705534973 0.6351284157474899
50118723.36272725 0.0031622776601683794 0.6917589045219072
50118723.36272725 0.0025118864315095794 0.7501660717491483
50118723.36272725 0.0019952623149688807 0.8102696944561517
50118723.36272725 0.001584893192461114 0.8719922345897523
50118723.36272725 0.0012589254117941675 0.9352594302454198
50118723.36272725 0.001 1.0
63095734.44801943 1.0 0.0
63095734.44801943 0.7943282347242815 0.00030135034141768355
