src/nupyprop/models/ixc_neutrino_bsm.ecsv
# %ECSV 1.0
# ---
# datatype:
# - {name: energy, datatype: float64}
# - {name: y, datatype: float64}
# - {name: cc_cdf_bsm, datatype: float64}
# - {name: nc_cdf_bsm, datatype: float64}
# meta: !!omap
# - {Description: Neutrino-nucleon cross-section CDF values for BSM}
# - {energy: 'Neutrino energy, in GeV'}
# - {y: Inelasticity; y = (E_initial-E_final)/E_initial}
# - {cdf_bsm: Cross-section CDF values for bsm}
# - {nc_cdf_bsm: Cross-section NC CDF values for bsm}
# - {Note: 'The integrated cross-section CDF values should be integrated from y = 1, 10^(-0.1),...,10^(-3). This is a convention we chose
#     to adopt'}
# schema: astropy-2.0
energy y cc_cdf_bsm nc_cdf_bsm
[from data line 9406]
1995262314.9688828 0.81 0.18611635286651806 0.0
1995262314.9688828 0.8 0.19617521590447462 0.0
1995262314.9688828 0.79 0.2062342012720002 0.0
1995262314.9688828 0.78 0.21629329757278482 0.0
1995262314.9688828 0.77 0.22635249493291953 0.0
1995262314.9688828 0.76 0.2364117847411753 0.0
1995262314.9688828 0.75 0.24647115944242382 0.0
1995262314.9688828 0.74 0.2565306123716602 0.0
1995262314.9688828 0.73 0.2665901376194102 0.0
1995262314.9688828 0.72 0.27664972992165815 0.0
1995262314.9688828 0.71 0.28670938456912165 0.0
1995262314.9688828 0.7 0.2967690973319296 0.0
1995262314.9688828 0.69 0.30682886439666845 0.0
1995262314.9688828 0.6799999999999999 0.31688868231343537 0.0
1995262314.9688828 0.6699999999999999 0.3269485479510489 0.0
1995262314.9688828 0.6599999999999999 0.337008458458953 0.0
1995262314.9688828 0.6499999999999999 0.34706841123464893 0.0
1995262314.9688828 0.64 0.3571284038957194 0.0
1995262314.9688828 0.63 0.36718843425569025 0.0
1995262314.9688828 0.62 0.3772485003031115 0.0
1995262314.9688828 0.61 0.3873086001833602 0.0
1995262314.9688828 0.6 0.3973687321827474 0.0
1995262314.9688828 0.59 0.407428894714589 0.0
1995262314.9688828 0.5800000000000001 0.4174890863069568 0.0
1995262314.9688828 0.5700000000000001 0.42754930559187143 0.0
1995262314.9688828 0.56 0.43760955129573775 0.0
1995262314.9688828 0.55 0.4476698222308566 0.0
1995262314.9688828 0.54 0.4577301172878693 0.0
1995262314.9688828 0.53 0.46779043542901555 0.0
1995262314.9688828 0.52 0.4778507756821012 0.0
1995262314.9688828 0.51 0.48791113713508805 0.0
1995262314.9688828 0.5 0.4979715189312307 0.0
1995262314.9688828 0.49 0.5080319202646955 0.0
1995262314.9688828 0.48 0.5180923403766039 0.0
1995262314.9688828 0.47 0.5281527785514546 0.0
1995262314.9688828 0.45999999999999996 0.5382132341138782 0.0
1995262314.9688828 0.44999999999999996 0.5482737064256915 0.0
1995262314.9688828 0.43999999999999995 0.5583341948832158 0.0
1995262314.9688828 0.42999999999999994 0.5683946989148341 0.0
1995262314.9688828 0.42000000000000004 0.5784552179787591 0.0
1995262314.9688828 0.41000000000000003 0.5885157515609942 0.0
1995262314.9688828 0.4 0.5985762991734638 0.0
1995262314.9688828 0.39 0.6086368603522985 0.0
1995262314.9688828 0.38 0.618697434656262 0.0
1995262314.9688828 0.37 0.6287580216653008 0.0
1995262314.9688828 0.36 0.6388186209792098 0.0
1995262314.9688828 0.35 0.6488792322164016 0.0
1995262314.9688828 0.33999999999999997 0.6589398550127691 0.0
1995262314.9688828 0.32999999999999996 0.669000489020633 0.0
1995262314.9688828 0.31999999999999995 0.6790611339077695 0.0
1995262314.9688828 0.30999999999999994 0.6891217893565065 0.0
1995262314.9688828 0.29999999999999993 0.6991824550628862 0.0
1995262314.9688828 0.29000000000000004 0.7092431307358874 0.0
1995262314.9688828 0.28 0.7193038160967009 0.0
1995262314.9688828 0.27 0.7293645108780559 0.0
1995262314.9688828 0.26 0.7394252148235919 0.0
1995262314.9688828 0.25 0.7494859276872731 0.0
1995262314.9688828 0.24 0.7595466492328408 0.0
1995262314.9688828 0.22999999999999998 0.7696073792333026 0.0
1995262314.9688828 0.21999999999999997 0.7796681174704536 0.0
1995262314.9688828 0.20999999999999996 0.7897288637344291 0.0
1995262314.9688828 0.19999999999999996 0.7997896178232845 0.0
1995262314.9688828 0.18999999999999995 0.8098503795426016 0.0
1995262314.9688828 0.17999999999999994 0.8199111487051197 0.0
1995262314.9688828 0.16999999999999993 0.8299719251303881 0.0
1995262314.9688828 0.16000000000000003 0.8400327086444396 0.0
1995262314.9688828 0.15000000000000002 0.8500934990794844 0.0
1995262314.9688828 0.14 0.8601542962736204 0.0
1995262314.9688828 0.13 0.8702151000705607 0.0
1995262314.9688828 0.12 0.8802759103193776 0.0
1995262314.9688828 0.10999999999999999 0.8903367268742599 0.0
1995262314.9688828 0.09999999999999998 0.9003975495942841 0.0
1995262314.9688828 0.08999999999999997 0.9104583783431988 0.0
1995262314.9688828 0.07999999999999996 0.9205192129892199 0.0
1995262314.9688828 0.06999999999999995 0.9305800534048378 0.0
1995262314.9688828 0.05999999999999994 0.9406408994666347 0.0
1995262314.9688828 0.04999999999999993 0.9507017510551102 0.0
1995262314.9688828 0.040000000000000036 0.9607626080545189 0.0
1995262314.9688828 0.030000000000000027 0.9708234703527135 0.0
1995262314.9688828 0.020000000000000018 0.980884337840998 0.0
1995262314.9688828 0.01 0.9909452104139866 0.0
1995262314.9688828 0.009540954763499945 0.9914070500977143 0.0
1995262314.9688828 0.009102981779915217 0.9918476892605355 0.0
1995262314.9688828 0.008685113737513529 0.9922681011013782 0.0
1995262314.9688828 0.008286427728546842 0.9926692141450183 0.0
1995262314.9688828 0.0079060432109077 0.993051914292817 0.0
1995262314.9688828 0.007543120063354615 0.9934170467793217 0.0
1995262314.9688828 0.0071968567300115215 0.9937654180390513 0.0
1995262314.9688828 0.006866488450042998 0.9940977974875864 0.0
1995262314.9688828 0.006551285568595509 0.9944149192209026 0.0
1995262314.9688828 0.006250551925273976 0.994717483636694 0.0
1995262314.9688828 0.005963623316594642 0.9950061589812738 0.0
1995262314.9688828 0.005689866029018299 0.9952815828254636 0.0
1995262314.9688828 0.005428675439323859 0.9955443634727346 0.0
1995262314.9688828 0.005179474679231213 0.9957950813027073 0.0
1995262314.9688828 0.004941713361323833 0.9960342900529808 0.0
1995262314.9688828 0.004714866363457394 0.996262518042119 0.0
1995262314.9688828 0.004498432668969444 0.9964802693364967 0.0
1995262314.9688828 0.004291934260128779 0.9966880248635833 0.0
1995262314.9688828 0.004094915062380427 0.9968862434741212 0.0
1995262314.9688828 0.003906939937054617 0.9970753629555452 0.0
1995262314.9688828 0.0037275937203149418 0.9972558009988824 0.0
1995262314.9688828 0.0035564803062231283 0.9974279561212671 0.0
1995262314.9688828 0.00339322177189533 0.997592208546107 0.0
1995262314.9688828 0.0032374575428176433 0.9977489210428477 0.0
1995262314.9688828 0.0030888435964774815 0.9978984397281873 0.0
1995262314.9688828 0.0029470517025518097 0.998041094830511 0.0
1995262314.9688828 0.002811768697974231 0.9981772014192368 0.0
1995262314.9688828 0.002682695795279727 0.9983070601006794 0.0
1995262314.9688828 0.002559547922699536 0.9984309576819709 0.0
1995262314.9688828 0.0024420530945486523 0.9985491678045056 0.0
1995262314.9688828 0.002329951810515372 0.9986619515483063 0.0
1995262314.9688828 0.0022229964825261957 0.9987695580086471 0.0
1995262314.9688828 0.0021209508879201904 0.9988722248462072 0.0
1995262314.9688828 0.0020235896477251575 0.9989701788119705 0.0
1995262314.9688828 0.0019306977288832496 0.9990636362480291 0.0
1995262314.9688828 0.0018420699693267163 0.999152803565398 0.0
1995262314.9688828 0.001757510624854793 0.9992378776998969 0.0
1995262314.9688828 0.0016768329368110084 0.9993190465471034 0.0
1995262314.9688828 0.001599858719606059 0.9993964893773407 0.0
1995262314.9688828 0.0015264179671752333 0.9994703772316166 0.0
1995262314.9688828 0.0014563484775012444 0.9995408732993846 0.0
1995262314.9688828 0.0013894954943731374 0.9996081332789667 0.0
1995262314.9688828 0.0013257113655901094 0.9996723057214294 0.0
1995262314.9688828 0.0012648552168552957 0.999733532358675 0.0
1995262314.9688828 0.0012067926406393288 0.9997919484164721 0.0
1995262314.9688828 0.0011513953993264481 0.9998476829131164 0.0
1995262314.9688828 0.0010985411419875584 0.9999008589443815 0.0
1995262314.9688828 0.0010481131341546852 0.9999515939553891 0.0
1995262314.9688828 0.001 1.0 0.0
2511886431.509582 1.0 0.0 0.0
2511886431.509582 0.99 0.0051655369920105 0.0
2511886431.509582 0.98 0.015196395322521594 0.0
2511886431.509582 0.97 0.02524113623265889 0.0
2511886431.509582 0.96 0.03529067243220829 0.0
2511886431.509582 0.95 0.04534279029955568 0.0
2511886431.509582 0.94 0.05539652169292575 0.0
2511886431.509582 0.9299999999999999 0.06545135984000838 0.0
2511886431.509582 0.92 0.07550700515371811 0.0
2511886431.509582 0.91 0.08556326554090599 0.0
2511886431.509582 0.9 0.09562001035254364 0.0
2511886431.509582 0.89 0.10567714665295647 0.0
2511886431.509582 0.88 0.11573460595487328 0.0
2511886431.509582 0.87 0.12579233632319897 0.0
2511886431.509582 0.86 0.1358502974322947 0.0
2511886431.509582 0.85 0.14590845734199953 0.0
2511886431.509582 0.84 0.15596679032117966 0.0
2511886431.509582 0.83 0.1660252753349617 0.0
2511886431.509582 0.8200000000000001 0.17608389496657195 0.0
2511886431.509582 0.81 0.18614263463199354 0.0
2511886431.509582 0.8 0.19620148199686704 0.0
2511886431.509582 0.79 0.2062604265361656 0.0
2511886431.509582 0.78 0.21631945919662876 0.0
2511886431.509582 0.77 0.22637857213444945 0.0
2511886431.509582 0.76 0.236437758508933 0.0
2511886431.509582 0.75 0.2464970123183775 0.0
2511886431.509582 0.74 0.25655632826821184 0.0
2511886431.509582 0.73 0.2666157016640689 0.0
2511886431.509582 0.72 0.2766751283243394 0.0
2511886431.509582 0.71 0.2867346045080966 0.0
2511886431.509582 0.7 0.2967941268552581 0.0
2511886431.509582 0.69 0.30685369233657356 0.0
2511886431.509582 0.6799999999999999 0.316913298211563 0.0
2511886431.509582 0.6699999999999999 0.3269729419929348 0.0
2511886431.509582 0.6599999999999999 0.3370326214163225 0.0
2511886431.509582 0.6499999999999999 0.3470923344144118 0.0
2511886431.509582 0.64 0.3571520790947169 0.0
2511886431.509582 0.63 0.36721185372040444 0.0
2511886431.509582 0.62 0.3772716566936761 0.0
2511886431.509582 0.61 0.38733148654131244 0.0
2511886431.509582 0.6 0.3973913419020477 0.0
2511886431.509582 0.59 0.40745122151550495 0.0
2511886431.509582 0.5800000000000001 0.41751112421246506 0.0
2511886431.509582 0.5700000000000001 0.4275710489062824 0.0
2511886431.509582 0.56 0.4376309945852863 0.0
2511886431.509582 0.55 0.4476909603060386 0.0
2511886431.509582 0.54 0.4577509451873316 0.0
2511886431.509582 0.53 0.46781094840483217 0.0
2511886431.509582 0.52 0.4778709691862899 0.0
2511886431.509582 0.51 0.4879310068072398 0.0
2511886431.509582 0.5 0.4979910605871386 0.0
2511886431.509582 0.49 0.5080511298858847 0.0
2511886431.509582 0.48 0.5181112141006761 0.0
2511886431.509582 0.47 0.5281713126631662 0.0
2511886431.509582 0.45999999999999996 0.538231425036888 0.0
2511886431.509582 0.44999999999999996 0.5482915507149129 0.0
2511886431.509582 0.43999999999999995 0.5583516892177207 0.0
2511886431.509582 0.42999999999999994 0.5684118400912594 0.0
2511886431.509582 0.42000000000000004 0.5784720029051722 0.0
2511886431.509582 0.41000000000000003 0.588532177251177 0.0
2511886431.509582 0.4 0.5985923627415821 0.0
2511886431.509582 0.39 0.6086525590079243 0.0
2511886431.509582 0.38 0.6187127656997178 0.0
2511886431.509582 0.37 0.6287729824833039 0.0
2511886431.509582 0.36 0.6388332090407898 0.0
2511886431.509582 0.35 0.6488934450690718 0.0
2511886431.509582 0.33999999999999997 0.6589536902789306 0.0
2511886431.509582 0.32999999999999996 0.6690139443941971 0.0
2511886431.509582 0.31999999999999995 0.6790742071509785 0.0
2511886431.509582 0.30999999999999994 0.6891344782969411 0.0
2511886431.509582 0.29999999999999993 0.6991947575906449 0.0
2511886431.509582 0.29000000000000004 0.7092550448009254 0.0
2511886431.509582 0.28 0.719315339706319 0.0
2511886431.509582 0.27 0.7293756420945274 0.0
2511886431.509582 0.26 0.7394359517619187 0.0
2511886431.509582 0.25 0.7494962685130616 0.0
2511886431.509582 0.24 0.7595565921602918 0.0
2511886431.509582 0.22999999999999998 0.7696169225233052 0.0
2511886431.509582 0.21999999999999997 0.7796772594287777 0.0
2511886431.509582 0.20999999999999996 0.7897376027100105 0.0
2511886431.509582 0.19999999999999996 0.7997979522065952 0.0
2511886431.509582 0.18999999999999995 0.8098583077641026 0.0
2511886431.509582 0.17999999999999994 0.8199186692337884 0.0
2511886431.509582 0.16999999999999993 0.8299790364723179 0.0
2511886431.509582 0.16000000000000003 0.8400394093415062 0.0
2511886431.509582 0.15000000000000002 0.8500997877080756 0.0
2511886431.509582 0.14 0.8601601714434246 0.0
2511886431.509582 0.13 0.8702205604234126 0.0
2511886431.509582 0.12 0.8802809545281554 0.0
2511886431.509582 0.10999999999999999 0.8903413536418334 0.0
2511886431.509582 0.09999999999999998 0.9004017576525091 0.0
2511886431.509582 0.08999999999999997 0.9104621664519563 0.0
2511886431.509582 0.07999999999999996 0.9205225799354972 0.0
2511886431.509582 0.06999999999999995 0.9305829980018494 0.0
2511886431.509582 0.05999999999999994 0.9406434205529804 0.0
2511886431.509582 0.04999999999999993 0.9507038474939701 0.0
2511886431.509582 0.040000000000000036 0.9607642787328802 0.0
2511886431.509582 0.030000000000000027 0.970824714180631 0.0
2511886431.509582 0.020000000000000018 0.980885153750884 0.0
2511886431.509582 0.01 0.9909455973599303 0.0
2511886431.509582 0.009540954763499945 0.9914074173274322 0.0
2511886431.509582 0.009102981779915217 0.9918480376770803 0.0
2511886431.509582 0.008685113737513529 0.9922684315665307 0.0
2511886431.509582 0.008286427728546842 0.9926695274811648 0.0
2511886431.509582 0.0079060432109077 0.9930522112847431 0.0
2511886431.509582 0.007543120063354615 0.9934173281759247 0.0
2511886431.509582 0.0071968567300115215 0.9937656845549747 0.0
2511886431.509582 0.006866488450042998 0.9940980498047822 0.0
2511886431.509582 0.006551285568595509 0.9944151579901203 0.0
2511886431.509582 0.006250551925273976 0.9947177094789046 0.0
2511886431.509582 0.005963623316594642 0.9950063724890278 0.0
2511886431.509582 0.005689866029018299 0.9952817845641884 0.0
2511886431.509582 0.005428675439323859 0.995544553981972 0.0
2511886431.509582 0.005179474679231213 0.9957952610972959 0.0
2511886431.509582 0.004941713361323833 0.9960344596241839 0.0
2511886431.509582 0.004714866363457394 0.9962626778587016 0.0
2511886431.509582 0.004498432668969444 0.9964804198457538 0.0
2511886431.509582 0.004291934260128779 0.9966881664923205 0.0
2511886431.509582 0.004094915062380427 0.9968863766295919 0.0
2511886431.509582 0.003906939937054617 0.9970754880263443 0.0
2511886431.509582 0.0037275937203149418 0.9972559183557994 0.0
2511886431.509582 0.0035564803062231283 0.9974280661181005 0.0
2511886431.509582 0.00339322177189533 0.997592311520442 0.0
2511886431.509582 0.0032374575428176433 0.9977490173167977 0.0
2511886431.509582 0.0030888435964774815 0.9978985296091012 0.0
2511886431.509582 0.0029470517025518097 0.9980411786116502 0.0
2511886431.509582 0.002811768697974231 0.9981772793804193 0.0
2511886431.509582 0.002682695795279727 0.998307132508895 0.0
2511886431.509582 0.002559547922699536 0.9984310247919692 0.0
2511886431.509582 0.0024420530945486523 0.9985492298593561 0.0
2511886431.509582 0.002329951810515372 0.9986620087799332 0.0
2511886431.509582 0.0022229964825261957 0.9987696106383398 0.0
2511886431.509582 0.0021209508879201904 0.998872273085108 0.0
2511886431.509582 0.0020235896477251575 0.9989702228615385 0.0
2511886431.509582 0.0019306977288832496 0.9990636763004844 0.0
2511886431.509582 0.0018420699693267163 0.9991528398041454 0.0
2511886431.509582 0.001757510624854793 0.9992379102999288 0.0
2511886431.509582 0.0016768329368110084 0.9993190756753861 0.0
2511886431.509582 0.001599858719606059 0.9993965151931822 0.0
2511886431.509582 0.0015264179671752333 0.9994703998870171 0.0
2511886431.509582 0.0014563484775012444 0.9995408929393722 0.0
2511886431.509582 0.0013894954943731374 0.9996081500419162 0.0
2511886431.509582 0.0013257113655901094 0.9996723197393679 0.0
2511886431.509582 0.0012648552168552957 0.9997335437575728 0.0
2511886431.509582 0.0012067926406393288 0.9997919573165204 0.0
2511886431.509582 0.0011513953993264481 0.9998476894289918 0.0
2511886431.509582 0.0010985411419875584 0.9999008631854995 0.0
2511886431.509582 0.0010481131341546852 0.9999515960261454 0.0
2511886431.509582 0.001 1.0 0.0
3162277660.1683793 1.0 0.0 0.0
3162277660.1683793 0.99 0.005169983106724674 0.0
3162277660.1683793 0.98 0.015206368154635164 0.0
3162277660.1683793 0.97 0.025254001820077754 0.0
3162277660.1683793 0.96 0.035305438391856625 0.0
3162277660.1683793 0.95 0.04535892667710206 0.0
3162277660.1683793 0.94 0.055413696994772055 0.0
