src/nupyprop/models/ixc_muon_pn_ckmt_rock.ecsv
# %ECSV 1.0
# ---
# datatype:
# - {name: energy, datatype: float64}
# - {name: y, datatype: float64}
# - {name: cdf_pn_ckmt, datatype: float64}
# meta: !!omap
# - {Description: Muon-nucleon cross-section CDF values for PN_CKMT in rock}
# - {energy: 'Muon energy, in GeV'}
# - {y: Inelasticity; y = (E_initial-E_final)/E_initial}
# - {cdf: Cross-section CDF values for PN_CKMT in rock}
# - {Note: 'The integrated cross-section CDF values should be integrated from y = 1, 10^(-0.1),...,10^(-3). This is a convention we chose
#     to adopt'}
# schema: astropy-2.0
energy y cdf_pn_ckmt
[from data line 1823]
630957.3444801943 0.0031622776601683794 0.7595301957538979
630957.3444801943 0.0025118864315095794 0.8062550431016888
630957.3444801943 0.0019952623149688807 0.8536831856157314
630957.3444801943 0.001584893192461114 0.9017934372564973
630957.3444801943 0.0012589254117941675 0.9505695013379436
630957.3444801943 0.001 1.0
794328.2347242822 1.0 0.0
794328.2347242822 0.7943282347242815 0.005511713232614471
794328.2347242822 0.6309573444801932 0.014422713809672395
794328.2347242822 0.5011872336272722 0.025776698843718453
794328.2347242822 0.3981071705534972 0.03963882783972097
794328.2347242822 0.31622776601683794 0.05606762005621124
794328.2347242822 0.251188643150958 0.0750438404128246
794328.2347242822 0.19952623149688797 0.09648394531772922
794328.2347242822 0.15848931924611137 0.12026362384788787
794328.2347242822 0.12589254117941676 0.14623765718680484
794328.2347242822 0.10000000000000002 0.17425381601362344
794328.2347242822 0.07943282347242818 0.20416192119534385
794328.2347242822 0.06309573444801933 0.23581911586341653
794328.2347242822 0.05011872336272722 0.26909279000630093
794328.2347242822 0.039810717055349734 0.30386147175483574
794328.2347242822 0.03162277660168379 0.34001507078869553
794328.2347242822 0.025118864315095808 0.3774543106828536
794328.2347242822 0.0199526231496888 0.4160900529494142
794328.2347242822 0.015848931924611134 0.45584229299445456
794328.2347242822 0.012589254117941675 0.4966392811219165
794328.2347242822 0.01 0.5384165674176501
794328.2347242822 0.00794328234724282 0.5811162859885689
794328.2347242822 0.006309573444801936 0.6246865196565307
794328.2347242822 0.005011872336272725 0.6690808202280343
794328.2347242822 0.003981071705534973 0.7142576772070292
794328.2347242822 0.0031622776601683794 0.7601802564203705
794328.2347242822 0.0025118864315095794 0.8068161609374126
794328.2347242822 0.0019952623149688807 0.8541374397153295
794328.2347242822 0.001584893192461114 0.9021205426923714
794328.2347242822 0.0012589254117941675 0.9507462177518998
794328.2347242822 0.001 1.0
1000000.0 1.0 0.0
1000000.0 0.7943282347242815 0.005574521745266048
1000000.0 0.6309573444801932 0.014553320894047522
1000000.0 0.5011872336272722 0.02597701337798883
1000000.0 0.3981071705534972 0.03991026437917496
1000000.0 0.31622776601683794 0.05641035812582475
1000000.0 0.251188643150958 0.07545666054499821
1000000.0 0.19952623149688797 0.09696433988369665
1000000.0 0.15848931924611137 0.12080800322041674
1000000.0 0.12589254117941676 0.1468415799308362
1000000.0 0.10000000000000002 0.17491214887346623
1000000.0 0.07943282347242818 0.20486901100134336
1000000.0 0.06309573444801933 0.23656894452199836
1000000.0 0.05011872336272722 0.2698789428058001
1000000.0 0.039810717055349734 0.3046772993039484
1000000.0 0.03162277660168379 0.34085367260501176
1000000.0 0.025118864315095808 0.3783085640345313
1000000.0 0.0199526231496888 0.4169524349748341
1000000.0 0.015848931924611134 0.4567052314491705
1000000.0 0.012589254117941675 0.4974946408209724
1000000.0 0.01 0.5392557493207474
1000000.0 0.00794328234724282 0.5819300790065864
1000000.0 0.006309573444801936 0.6254651849921807
1000000.0 0.005011872336272725 0.6698137145316345
1000000.0 0.003981071705534973 0.7149331221585565
1000000.0 0.0031622776601683794 0.760785359040234
1000000.0 0.0025118864315095794 0.8073366437741565
1000000.0 0.0019952623149688807 0.8545573019975727
1000000.0 0.001584893192461114 0.9024217493088845
1000000.0 0.0012589254117941675 0.9509083838758381
1000000.0 0.001 1.0
1258925.4117941686 1.0 0.0
1258925.4117941686 0.7943282347242815 0.005637656536773234
1258925.4117941686 0.6309573444801932 0.014684117609968642
1258925.4117941686 0.5011872336272722 0.026177076611395917
1258925.4117941686 0.3981071705534972 0.040180718875134296
1258925.4117941686 0.31622776601683794 0.05675103465100073
1258925.4117941686 0.251188643150958 0.07586603424716822
1258925.4117941686 0.19952623149688797 0.09743959545824736
1258925.4117941686 0.15848931924611137 0.12134525433980457
1258925.4117941686 0.12589254117941676 0.14743610779290484
1258925.4117941686 0.10000000000000002 0.17555858277373212
1258925.4117941686 0.07943282347242818 0.2055614977497206
1258925.4117941686 0.06309573444801933 0.23730122680982696
1258925.4117941686 0.05011872336272722 0.27064457572774
1258925.4117941686 0.039810717055349734 0.30546957344921427
1258925.4117941686 0.03162277660168379 0.3416656843861665
1258925.4117941686 0.025118864315095808 0.3791332192946137
1258925.4117941686 0.0199526231496888 0.417782527390294
1258925.4117941686 0.015848931924611134 0.4575331489320007
1258925.4117941686 0.012589254117941675 0.4983126035363516
1258925.4117941686 0.01 0.5400555585361204
1258925.4117941686 0.00794328234724282 0.5827031944133721
1258925.4117941686 0.006309573444801936 0.6262023731085898
1258925.4117941686 0.005011872336272725 0.6705050895502689
1258925.4117941686 0.003981071705534973 0.7155681985619626
1258925.4117941686 0.0031622776601683794 0.7613524971479614
1258925.4117941686 0.0025118864315095794 0.807822722850795
1258925.4117941686 0.0019952623149688807 0.854947982825216
1258925.4117941686 0.001584893192461114 0.9027009784364396
1258925.4117941686 0.0012589254117941675 0.9510581770248063
1258925.4117941686 0.001 1.0
1584893.1924611141 1.0 0.0
1584893.1924611141 0.7943282347242815 0.005701216685479746
1584893.1924611141 0.6309573444801932 0.01481536198470008
1584893.1924611141 0.5011872336272722 0.026377347993205517
1584893.1924611141 0.3981071705534972 0.04045086649325851
1584893.1924611141 0.31622776601683794 0.057090650345783804
1584893.1924611141 0.251188643150958 0.0762732941757367
1584893.1924611141 0.19952623149688797 0.09791141197272733
1584893.1924611141 0.15848931924611137 0.12187751307856629
1584893.1924611141 0.12589254117941676 0.1480238110811725
1584893.1924611141 0.10000000000000002 0.17619614683930301
1584893.1924611141 0.07943282347242818 0.20624288789729928
1584893.1924611141 0.06309573444801933 0.23802012720241447
1584893.1924611141 0.05011872336272722 0.2713942883718372
1584893.1924611141 0.039810717055349734 0.3062433870172116
1584893.1924611141 0.03162277660168379 0.34245668244900807
1584893.1924611141 0.025118864315095808 0.37993437064359337
1584893.1924611141 0.0199526231496888 0.4185867075127287
1584893.1924611141 0.015848931924611134 0.45833295415999425
1584893.1924611141 0.012589254117941675 0.4991004309282787
1584893.1924611141 0.01 0.5408235858588792
1584893.1924611141 0.00794328234724282 0.5834432230785539
1584893.1924611141 0.006309573444801936 0.6269057214767236
1584893.1924611141 0.005011872336272725 0.6711625604433354
1584893.1924611141 0.003981071705534973 0.7161698339935713
1584893.1924611141 0.0031622776601683794 0.7618875184888368
1584893.1924611141 0.0025118864315095794 0.8082796393556924
1584893.1924611141 0.0019952623149688807 0.8553139901081489
1584893.1924611141 0.001584893192461114 0.9029616622474451
1584893.1924611141 0.0012589254117941675 0.9511975498444982
1584893.1924611141 0.001 1.0
1995262.3149688828 1.0 0.0
1995262.3149688828 0.7943282347242815 0.005765275434143697
1995262.3149688828 0.6309573444801932 0.014947243887685924
1995262.3149688828 0.5011872336272722 0.02657816457021833
1995262.3149688828 0.3981071705534972 0.040721236116648095
1995262.3149688828 0.31622776601683794 0.057429911227942734
1995262.3149688828 0.251188643150958 0.07667938592449161
1995262.3149688828 0.19952623149688797 0.09838099481371271
1995262.3149688828 0.15848931924611137 0.1224062004014456
1995262.3149688828 0.12589254117941676 0.1486063929766031
1995262.3149688828 0.10000000000000002 0.1768268690660644
1995262.3149688828 0.07943282347242818 0.20691554512696778
1995262.3149688828 0.06309573444801933 0.2387282200651655
1995262.3149688828 0.05011872336272722 0.2721311767699161
1995262.3149688828 0.039810717055349734 0.30700217236994304
1995262.3149688828 0.03162277660168379 0.34323043530663955
1995262.3149688828 0.025118864315095808 0.38071610713025894
1995262.3149688828 0.0199526231496888 0.4193693134090504
1995262.3149688828 0.015848931924611134 0.4591091959065388
1995262.3149688828 0.012589254117941675 0.49986292593962534
1995262.3149688828 0.01 0.541564756312448
1995262.3149688828 0.00794328234724282 0.5841551800211969
1995262.3149688828 0.006309573444801936 0.6275802885605817
1995262.3149688828 0.005011872336272725 0.6717911158385649
1995262.3149688828 0.003981071705534973 0.7167431667471621
1995262.3149688828 0.0031622776601683794 0.7623957757496466
1995262.3149688828 0.0025118864315095794 0.8087121890339481
1995262.3149688828 0.0019952623149688807 0.8556591251740355
1995262.3149688828 0.001584893192461114 0.9032066073619586
1995262.3149688828 0.0012589254117941675 0.9513280125596704
1995262.3149688828 0.001 1.0
2511886.4315095823 1.0 0.0
2511886.4315095823 0.7943282347242815 0.005829908288697129
2511886.4315095823 0.6309573444801932 0.015079952662826813
2511886.4315095823 0.5011872336272722 0.026779862349907375
2511886.4315095823 0.3981071705534972 0.0409923407872189
2511886.4315095823 0.31622776601683794 0.05776954934567398
2511886.4315095823 0.251188643150958 0.07708527436265299
2511886.4315095823 0.19952623149688797 0.09884957215056936
2511886.4315095823 0.15848931924611137 0.12293287461729156
2511886.4315095823 0.12589254117941676 0.1491858002824263
2511886.4315095823 0.10000000000000002 0.17745301979048708
2511886.4315095823 0.07943282347242818 0.20758207525445693
2511886.4315095823 0.06309573444801933 0.2394284976939852
2511886.4315095823 0.05011872336272722 0.2728583988351831
2511886.4315095823 0.039810717055349734 0.30774943656233705
2511886.4315095823 0.03162277660168379 0.3439907955624673
2511886.4315095823 0.025118864315095808 0.3814825462759389
2511886.4315095823 0.0199526231496888 0.4201347620761045
2511886.4315095823 0.015848931924611134 0.45986651829948527
2511886.4315095823 0.012589254117941675 0.5006048897540831
2511886.4315095823 0.01 0.5422840103415021
2511886.4315095823 0.00794328234724282 0.5848441561547619
2511886.4315095823 0.006309573444801936 0.6282311722843557
2511886.4315095823 0.005011872336272725 0.6723957613641643
2511886.4315095823 0.003981071705534973 0.7172929481991988
2511886.4315095823 0.0031622776601683794 0.7628816005518838
2511886.4315095823 0.0025118864315095794 0.8091242858338581
2511886.4315095823 0.0019952623149688807 0.8559868547497999
2511886.4315095823 0.001584893192461114 0.9034383751787903
2511886.4315095823 0.0012589254117941675 0.951451008821459
2511886.4315095823 0.001 1.0
3162277.6601683795 1.0 0.0
3162277.6601683795 0.7943282347242815 0.00589518316278561
3162277.6601683795 0.6309573444801932 0.015213666880250238
3162277.6601683795 0.5011872336272722 0.026982750791856063
3162277.6601683795 0.3981071705534972 0.04126464808190423
3162277.6601683795 0.31622776601683794 0.05811021620165353
3162277.6601683795 0.251188643150958 0.07749182019101296
3162277.6601683795 0.19952623149688797 0.09931823791126797
3162277.6601683795 0.15848931924611137 0.12345887140602525
3162277.6601683795 0.12589254117941676 0.14976355894834456
3162277.6601683795 0.10000000000000002 0.17807641048962233
3162277.6601683795 0.07943282347242818 0.208244585682732
3162277.6601683795 0.06309573444801933 0.24012336988852215
3162277.6601683795 0.05011872336272722 0.2735787323426885
3162277.6601683795 0.039810717055349734 0.3084881940936719
3162277.6601683795 0.03162277660168379 0.3447410391530593
3162277.6601683795 0.025118864315095808 0.38223724749384164
3162277.6601683795 0.0199526231496888 0.4208868810325478
3162277.6601683795 0.015848931924611134 0.4606089921659028
3162277.6601683795 0.012589254117941675 0.5013306084447389
3162277.6601683795 0.01 0.5429857805344801
3162277.6601683795 0.00794328234724282 0.5855147206599727
3162277.6601683795 0.006309573444801936 0.6288629896648532
3162277.6601683795 0.005011872336272725 0.6729810692345508
3162277.6601683795 0.003981071705534973 0.717823641516188
3162277.6601683795 0.0031622776601683794 0.7633491983978704
3162277.6601683795 0.0025118864315095794 0.8095197124625912
3162277.6601683795 0.0019952623149688807 0.8563003903023447
3162277.6601683795 0.001584893192461114 0.9036594684390667
3162277.6601683795 0.0012589254117941675 0.9515679215057405
3162277.6601683795 0.001 1.0
3981071.7055349774 1.0 0.0
3981071.7055349774 0.7943282347242815 0.005961153582119333
3981071.7055349774 0.6309573444801932 0.015348517631324029
3981071.7055349774 0.5011872336272722 0.027187054181781748
3981071.7055349774 0.3981071705534972 0.04153850013236741
3981071.7055349774 0.31622776601683794 0.05845239065994634
3981071.7055349774 0.251188643150958 0.07789965708370034
3981071.7055349774 0.19952623149688797 0.099787796972323
3981071.7055349774 0.15848931924611137 0.12398518512905099
3981071.7055349774 0.12589254117941676 0.15034088756927902
3981071.7055349774 0.10000000000000002 0.178698465929552
3981071.7055349774 0.07943282347242818 0.20890471338880473
3981071.7055349774 0.06309573444801933 0.24081469037612968
3981071.7055349774 0.05011872336272722 0.2742942516149956
3981071.7055349774 0.039810717055349734 0.30922078408724557
3981071.7055349774 0.03162277660168379 0.34548370734496836
3981071.7055349774 0.025118864315095808 0.38298294397074106
3981071.7055349774 0.0199526231496888 0.4216285780357908
3981071.7055349774 0.015848931924611134 0.46133967677016996
3981071.7055349774 0.012589254117941675 0.502043079912442
3981071.7055349774 0.01 0.5436731628922291
3981071.7055349774 0.00794328234724282 0.5861698731877955
3981071.7055349774 0.006309573444801936 0.6294787361094535
3981071.7055349774 0.005011872336272725 0.6735499633818903
3981071.7055349774 0.003981071705534973 0.7183379307540233
3981071.7055349774 0.0031622776601683794 0.7638009410457065
3981071.7055349774 0.0025118864315095794 0.8099004887250553
3981071.7055349774 0.0019952623149688807 0.8566012178517869
3981071.7055349774 0.001584893192461114 0.9038706981816803
3981071.7055349774 0.0012589254117941675 0.9516792642168909
3981071.7055349774 0.001 1.0
5011872.336272725 1.0 0.0
5011872.336272725 0.7943282347242815 0.006027873003699563
5011872.336272725 0.6309573444801932 0.01548463366060086
5011872.336272725 0.5011872336272722 0.02739300842997856
5011872.336272725 0.3981071705534972 0.04181424959199732
5011872.336272725 0.31622776601683794 0.05879656817804174
5011872.336272725 0.251188643150958 0.07830943467221821
5011872.336272725 0.19952623149688797 0.10025906947302415
5011872.336272725 0.15848931924611137 0.1245128207547231
5011872.336272725 0.12589254117941676 0.15091898795772082
5011872.336272725 0.10000000000000002 0.17932059425568161
5011872.336272725 0.07943282347242818 0.2095640803950272
5011872.336272725 0.06309573444801933 0.24150430250998073
5011872.336272725 0.05011872336272722 0.2750070051721165
5011872.336272725 0.039810717055349734 0.3099495238618239
5011872.336272725 0.03162277660168379 0.34622132877098244
5011872.336272725 0.025118864315095808 0.383722366075995
5011872.336272725 0.0199526231496888 0.4223627712229342
5011872.336272725 0.015848931924611134 0.46206165907507846
5011872.336272725 0.012589254117941675 0.5027460850827965
5011872.336272725 0.01 0.5443500638550499
5011872.336272725 0.00794328234724282 0.5868136951636748
5011872.336272725 0.006309573444801936 0.6300824617984974
5011872.336272725 0.005011872336272725 0.6741064646163484
5011872.336272725 0.003981071705534973 0.7188399522414429
5011872.336272725 0.0031622776601683794 0.764240809576205
5011872.336272725 0.0025118864315095794 0.810270254686112
5011872.336272725 0.0019952623149688807 0.8568925819472706
5011872.336272725 0.001584893192461114 0.9040747756449763
5011872.336272725 0.0012589254117941675 0.9517864987360726
5011872.336272725 0.001 1.0
6309573.444801942 1.0 0.0
6309573.444801942 0.7943282347242815 0.006095391964965307
6309573.444801942 0.6309573444801932 0.015622136217601524
6309573.444801942 0.5011872336272722 0.027600823384671624
6309573.444801942 0.3981071705534972 0.04209220905952678
