src/nupyprop/models/ixc_anti_neutrino_ctw.ecsv
# %ECSV 1.0
# ---
# datatype:
# - {name: energy, datatype: float64}
# - {name: y, datatype: float64}
# - {name: cc_cdf_ctw, datatype: float64}
# - {name: nc_cdf_ctw, datatype: float64}
# meta: !!omap
# - {Description: Anti_neutrino-nucleon cross-section CDF values for CTW}
# - {energy: 'Anti_neutrino energy, in GeV'}
# - {y: Inelasticity; y = (E_initial-E_final)/E_initial}
# - {cc_cdf_ctw: Charged current cross-section CDF values for CTW}
# - {nc_cdf_ctw: Neutral current cross-section CDF values for CTW}
# - {Note: 'The integrated cross-section CDF values should be integrated from y = 1, 10^(-0.1),...,10^(-3). This is a convention we chose
#     to adopt'}
# schema: astropy-2.0
energy y cc_cdf_ctw nc_cdf_ctw
[from data line 224]
5011.872336272725 0.19952623149688797 0.5547655382979311 0.5914921405700602
5011.872336272725 0.15848931924611137 0.6165364329522466 0.6529048569837755
5011.872336272725 0.12589254117941676 0.6727454259018353 0.7076681978798474
5011.872336272725 0.10000000000000002 0.7232330160417209 0.7558636604971802
5011.872336272725 0.07943282347242818 0.767987120151936 0.7977380005314532
5011.872336272725 0.06309573444801933 0.8071443122641034 0.8336789358321717
5011.872336272725 0.05011872336272722 0.84097603644864 0.8641797463803665
5011.872336272725 0.039810717055349734 0.8698626475284612 0.8897991649442747
5011.872336272725 0.03162277660168379 0.8942602798782509 0.9111226559484616
5011.872336272725 0.025118864315095808 0.9146661365578886 0.9287295464400956
5011.872336272725 0.0199526231496888 0.9315869349150063 0.9431683240476432
5011.872336272725 0.015848931924611134 0.9455135420739541 0.9549404773557686
5011.872336272725 0.012589254117941675 0.9569029954342837 0.9644919193286727
5011.872336272725 0.01 0.9661676392091528 0.9722103686849471
5011.872336272725 0.00794328234724282 0.9736702216864894 0.9784269279080929
5011.872336272725 0.006309573444801936 0.9797234494591345 0.9834202848286833
5011.872336272725 0.005011872336272725 0.9845925253834561 0.9874222964039705
5011.872336272725 0.003981071705534973 0.9884994321607283 0.990624065880006
5011.872336272725 0.0031622776601683794 0.9916280281346174 0.9931819325762214
5011.872336272725 0.0025118864315095794 0.9941293137571922 0.995223032974498
5011.872336272725 0.0019952623149688807 0.9961264677167196 0.9968502625334471
5011.872336272725 0.001584893192461114 0.9977194311372002 0.998146580593736
5011.872336272725 0.0012589254117941675 0.9989889418768223 0.9991786698395854
5011.872336272725 0.001 1.0 1.0
6309.57344480193 1.0 1.0 1.0
6309.57344480193 0.7943282347242815 0.08762670960976127 0.09681117566938591
6309.57344480193 0.6309573444801932 0.17294251366256663 0.19016440603310192
6309.57344480193 0.5011872336272722 0.2555173303874755 0.27950140107858357
6309.57344480193 0.3981071705534972 0.3348828421055964 0.36424953959777473
6309.57344480193 0.31622776601683794 0.41054713674774235 0.44385163198538
6309.57344480193 0.251188643150958 0.4820166079637236 0.51780231749619
6309.57344480193 0.19952623149688797 0.5488245936793064 0.585687370930692
6309.57344480193 0.15848931924611137 0.6105645413483407 0.6472203558423277
6309.57344480193 0.12589254117941676 0.6669236904936051 0.7022702938610825
6309.57344480193 0.10000000000000002 0.7177120003987761 0.7508749475709702
6309.57344480193 0.07943282347242818 0.7628810019271922 0.7932369503745327
6309.57344480193 0.06309573444801933 0.8025287593650365 0.8297036005344139
6309.57344480193 0.05011872336272722 0.8368898961033963 0.860734435731709
6309.57344480193 0.039810717055349734 0.8663127696167486 0.8868626310834896
6309.57344480193 0.03162277660168379 0.8912282950819362 0.9086563920448597
6309.57344480193 0.025118864315095808 0.9121158909770812 0.9266851717411484
6309.57344480193 0.0199526231496888 0.9294714934919144 0.9414934940001223
6309.57344480193 0.015848931924611134 0.9437810600029999 0.9535831701420471
6309.57344480193 0.012589254117941675 0.9555011590189526 0.9634032323162356
6309.57344480193 0.01 0.965046690436439 0.9713461025712724
6309.57344480193 0.00794328234724282 0.972784768411632 0.9777482742712389
6309.57344480193 0.006309573444801936 0.9790333392322276 0.9828939062155102
6309.57344480193 0.005011872336272725 0.9840630606855975 0.9870200324418823
6309.57344480193 0.003981071705534973 0.9881011638601794 0.9903224376246855
6309.57344480193 0.0031622776601683794 0.9913363089130295 0.9929615628053055
6309.57344480193 0.0025118864315095794 0.9939237399112419 0.9950680570875726
6309.57344480193 0.0019952623149688807 0.9959902933978381 0.9967477733928845
6309.57344480193 0.001584893192461114 0.9976390056410733 0.9980861292965625
6309.57344480193 0.0012589254117941675 0.9989531971365531 0.9991518307266117
6309.57344480193 0.001 1.0 1.0
7943.282347242814 1.0 1.0 1.0
7943.282347242814 0.7943282347242815 0.08625273996105387 0.09528044108935851
7943.282347242814 0.6309573444801932 0.17034195758238846 0.1873141888344957
7943.282347242814 0.5011872336272722 0.25185754655501236 0.27556311863822924
7943.282347242814 0.3981071705534972 0.33034946055780257 0.35946916547137475
7943.282347242814 0.31622776601683794 0.4053403445208036 0.43848146803184884
7943.282347242814 0.251188643150958 0.47634518974729567 0.512090567365709
7943.282347242814 0.19952623149688797 0.5428978501282173 0.5798665327710072
7943.282347242814 0.15848931924611137 0.6045826963440195 0.6414959596734683
7943.282347242814 0.12589254117941676 0.6610679008958368 0.6968117056337427
7943.282347242814 0.10000000000000002 0.7121354145133462 0.7458096983957263
7943.282347242814 0.07943282347242818 0.7577023003128015 0.7886493536208307
7943.282347242814 0.06309573444801933 0.7978291878956626 0.8256375139969351
7943.282347242814 0.05011872336272722 0.8327140747548661 0.8571992262553192
7943.282347242814 0.039810717055349734 0.8626727797166107 0.8838409531106836
7943.282347242814 0.03162277660168379 0.8881099778186395 0.9061123713065007
7943.282347242814 0.025118864315095808 0.909486081877266 0.9245718904285353
7943.282347242814 0.0199526231496888 0.9272850568463038 0.9397591216355433
7943.282347242814 0.015848931924611134 0.9419869394413757 0.9521755097405726
7943.282347242814 0.012589254117941675 0.9540470626360336 0.9622727603324083
7943.282347242814 0.01 0.9638823620439767 0.9704477523487353
7943.282347242814 0.00794328234724282 0.9718640100803785 0.9770422707725506
7943.282347242814 0.006309573444801936 0.978315048466688 0.9823459451555291
7943.282347242814 0.005011872336272725 0.9835115598849886 0.9866010465898846
7943.282347242814 0.003981071705534973 0.9876860662780358 0.9900081328033329
7943.282347242814 0.0031622776601683794 0.9910321127580838 0.992731850458139
7943.282347242814 0.0025118864315095794 0.9937092884941617 0.9949064652796471
7943.282347242814 0.0019952623149688807 0.995848193215513 0.996640884791984
7943.282347242814 0.001584893192461114 0.9975550588699745 0.9980230716540617
7943.282347242814 0.0012589254117941675 0.9989158797681665 0.9991238304088244
7943.282347242814 0.001 1.0 1.0
10000.0 1.0 1.0 1.0
10000.0 0.7943282347242815 0.08490828072985901 0.09377935756780853
10000.0 0.6309573444801932 0.1677913881277705 0.18451124842407296
10000.0 0.5011872336272722 0.24825874758916888 0.27167794470763174
10000.0 0.3981071705534972 0.32587859232154703 0.35473693380832816
10000.0 0.31622776601683794 0.40018872645983805 0.43314550172137734
10000.0 0.251188643150958 0.4707140237152937 0.5063926483378498
10000.0 0.19952623149688797 0.5369908079925494 0.5740357802440982
10000.0 0.15848931924611137 0.5985968454446433 0.6357376602271888
10000.0 0.12589254117941676 0.6551839421854155 0.691297761729334
10000.0 0.10000000000000002 0.706508590813712 0.7406722188102964
10000.0 0.07943282347242818 0.7524554136238468 0.7839783197581447
10000.0 0.06309573444801933 0.7930488459542004 0.8214825960661072
10000.0 0.05011872336272722 0.828450630989879 0.8535749921019778
10000.0 0.039810717055349734 0.8589436552502359 0.8807341811253626
10000.0 0.03162277660168379 0.8849054274838305 0.9034900630416678
10000.0 0.025118864315095808 0.9067761719375003 0.9223888151748058
10000.0 0.0199526231496888 0.9250266847814467 0.9379641457448729
10000.0 0.015848931924611134 0.9401300353570552 0.9507163955704849
10000.0 0.012589254117941675 0.9525395068733467 0.9610994529402783
10000.0 0.01 0.9626735033322109 0.969514370471303
10000.0 0.00794328234724282 0.9709069074034836 0.9763080982514133
10000.0 0.006309573444801936 0.9775676810578335 0.9817757178149117
10000.0 0.005011872336272725 0.9829372802027055 0.9861647857163985
10000.0 0.003981071705534973 0.9872535462591678 0.9896807179265895
10000.0 0.0031622776601683794 0.9907149844914083 0.9924924676933072
10000.0 0.0025118864315095794 0.9934856268373161 0.9947380206570186
10000.0 0.0019952623149688807 0.9956999404077693 0.9965294366876581
10000.0 0.001584893192461114 0.9974674538436372 0.9979573116652546
10000.0 0.0012589254117941675 0.9988769277989518 0.9990946256932173
10000.0 0.001 1.0 1.0
12589.254117941662 1.0 1.0 1.0
12589.254117941662 0.7943282347242815 0.08359319248524344 0.09230815364698353
12589.254117941662 0.6309573444801932 0.1652910028931076 0.18175656980233312
12589.254117941662 0.5011872336272722 0.24472188435631292 0.26784799724662633
12589.254117941662 0.3981071705534972 0.3214722488275621 0.3500562674730129
12589.254117941662 0.31622776601683794 0.39509550564515505 0.42784839831170285
12589.254117941662 0.251188643150958 0.46512750602395214 0.500714179568682
12589.254117941662 0.19952623149688797 0.531108802422774 0.5682012259038093
12589.254117941662 0.15848931924611137 0.592612864906576 0.629951523219692
12589.254117941662 0.12589254117941676 0.6492777390774302 0.6857339692408473
12589.254117941662 0.10000000000000002 0.7008370075830916 0.7354670678505998
12589.254117941662 0.07943282347242818 0.7471449679280309 0.7792272470395384
12589.254117941662 0.06309573444801933 0.7881912550627816 0.8172410534544801
12589.254117941662 0.05011872336272722 0.8241019045354521 0.8498628642264123
12589.254117941662 0.039810717055349734 0.8551266314771047 0.8775425761430068
12589.254117941662 0.03162277660168379 0.8816149585485415 0.9007890970717722
12589.254117941662 0.025118864315095808 0.9039857885607674 0.9201351722920784
12589.254117941662 0.0199526231496888 0.9226955531326301 0.9361075797619841
12589.254117941662 0.015848931924611134 0.9382092772797666 0.9492047719249769
12589.254117941662 0.012589254117941675 0.9509773348517359 0.959882283475525
12589.254117941662 0.01 0.9614189834345086 0.9685450192427855
12589.254117941662 0.00794328234724282 0.9699124261764305 0.9755449389210368
12589.254117941662 0.006309573444801936 0.9767903373680015 0.9811825371126038
12589.254117941662 0.005011872336272725 0.9823394710729767 0.9857106913855045
12589.254117941662 0.003981071705534973 0.9868030014957523 0.9893397537436421
12589.254117941662 0.0031622776601683794 0.9903844601836354 0.9922430813749555
12589.254117941662 0.0025118864315095794 0.9932524148986615 0.9945624819735662
12589.254117941662 0.0019952623149688807 0.9955453026670018 0.9964132658181439
12589.254117941662 0.001584893192461114 0.9973760499859916 0.9978887512674819
12589.254117941662 0.0012589254117941675 0.9988362775419584 0.9990641724128112
12589.254117941662 0.001 1.0 1.0
15848.93192461114 1.0 1.0 1.0
15848.93192461114 0.7943282347242815 0.08230729187937336 0.0908669861336866
15848.93192461114 0.6309573444801932 0.1628408967486077 0.1790509908626402
15848.93192461114 0.5011872336272722 0.24124774282662176 0.2640751861588284
15848.93192461114 0.3981071705534972 0.31713222520945195 0.3454303519651363
15848.93192461114 0.31622776601683794 0.39006366270919635 0.4225945999124153
15848.93192461114 0.251188643150958 0.45958980083234846 0.4950606171073487
15848.93192461114 0.19952623149688797 0.525256987997403 0.562368915757814
15848.93192461114 0.15848931924611137 0.5866365375181865 0.6241436618003098
15848.93192461114 0.12589254117941676 0.6433552307754887 0.6801259908042934
15848.93192461114 0.10000000000000002 0.6951262657464369 0.7301990421419728
15848.93192461114 0.07943282347242818 0.7417758000051675 0.7743998159244575
15848.93192461114 0.06309573444801933 0.7832602016387091 0.8129153815616887
15848.93192461114 0.05011872336272722 0.8196705162747766 0.8460642383681787
15848.93192461114 0.039810717055349734 0.8512232082627346 0.8742666214969385
15848.93192461114 0.03162277660168379 0.8782391114263955 0.898009276124756
15848.93192461114 0.025118864315095808 0.9011147362503384 0.9178103134139395
15848.93192461114 0.0199526231496888 0.9202909657011538 0.9341885218056823
15848.93192461114 0.015848931924611134 0.9362236796455696 0.9476396360570046
15848.93192461114 0.012589254117941675 0.9493594405277148 0.9586202552475789
15848.93192461114 0.01 0.9601176975962308 0.967538775398737
15848.93192461114 0.00794328234724282 0.9688795418045245 0.9747519796563104
15848.93192461114 0.006309573444801936 0.9759821173565428 0.9805657150239521
15848.93192461114 0.005011872336272725 0.9817173762295808 0.9852382014375836
15848.93192461114 0.003981071705534973 0.9863338218688014 0.9889847963046375
15848.93192461114 0.0031622776601683794 0.9900400679840768 0.9919833537699325
15848.93192461114 0.0025118864315095794 0.9930093057519567 0.9943796040731849
15848.93192461114 0.0019952623149688807 0.9953840424094124 0.9962922059688606
15848.93192461114 0.001584893192461114 0.9972807032569446 0.9978172904800693
15848.93192461114 0.0012589254117941675 0.998793863644407 0.999032425485623
15848.93192461114 0.001 1.0 1.0
19952.62314968879 1.0 1.0 1.0
19952.62314968879 0.7943282347242815 0.08105035598782184 0.08945594504489429
19952.62314968879 0.6309573444801932 0.1604410696125843 0.17639520958798927
19952.62314968879 0.5011872336272722 0.2378369532416047 0.2603612190171898
19952.62314968879 0.3981071705534972 0.3128601079106016 0.3408621357879401
19952.62314968879 0.31622776601683794 0.3850959385958883 0.4173883176383939
19952.62314968879 0.251188643150958 0.45410483552394587 0.4894372371340271
19952.62314968879 0.19952623149688797 0.5194403253346853 0.5565448055742255
19952.62314968879 0.15848931924611137 0.5806735318331089 0.6183202101379821
19952.62314968879 0.12589254117941676 0.6374223462843018 0.6744796205345251
19952.62314968879 0.10000000000000002 0.6893820649766993 0.7248731584233871
19952.62314968879 0.07943282347242818 0.7363529387026511 0.7694999803731408
19952.62314968879 0.06309573444801933 0.7782597264209752 0.8085083643819939
19952.62314968879 0.05011872336272722 0.8151593663085746 0.8421807816690615
19952.62314968879 0.039810717055349734 0.8472351553674076 0.8709070335103901
19952.62314968879 0.03162277660168379 0.8747786624893847 0.895150588043806
19952.62314968879 0.025118864315095808 0.8981630087176431 0.9154137273703691
19952.62314968879 0.0199526231496888 0.9178123663453326 0.9322061651223372
19952.62314968879 0.015848931924611134 0.9341723525429365 0.9460200467406283
19952.62314968879 0.012589254117941675 0.947684777491867 0.9573124082064077
19952.62314968879 0.01 0.9587685739435879 0.9664947350994276
19952.62314968879 0.00794328234724282 0.9678072442579981 0.9739284156215706
19952.62314968879 0.006309573444801936 0.9751421240597514 0.9799245651528066
19952.62314968879 0.005011872336272725 0.9810702360618331 0.9847467517746411
19952.62314968879 0.003981071705534973 0.9858453909884013 0.9886153981743695
19952.62314968879 0.0031622776601683794 0.989681329090958 0.9917129433531731
19952.62314968879 0.0025118864315095794 0.9927559461708987 0.9941891384065767
19952.62314968879 0.0019952623149688807 0.9952159171045326 0.9961660882862965
19952.62314968879 0.001584893192461114 0.9971812663180881 0.9977428275756973
19952.62314968879 0.0012589254117941675 0.9987496191505499 0.9989993389856903
19952.62314968879 0.001 1.0 1.0
25118.864315095823 1.0 1.0 1.0
25118.864315095823 0.7943282347242815 0.07982212646005127 0.08807505852334663
25118.864315095823 0.6309573444801932 0.15809143407304282 0.1737897915395603
25118.864315095823 0.5011872336272722 0.23448999944241644 0.25670760768384304
25118.864315095823 0.3981071705534972 0.30865728300081907 0.3363543323937105
25118.864315095823 0.31622776601683794 0.38019483867690895 0.41223352581467676
25118.864315095823 0.251188643150958 0.4486762978001603 0.4838491212440269
25118.864315095823 0.19952623149688797 0.5136635697090353 0.5507347386366457
25118.864315095823 0.15848931924611137 0.5747293830043134 0.6124872973976585
25118.864315095823 0.12589254117941676 0.6314849804277145 0.6688007591691898
25118.864315095823 0.10000000000000002 0.6836101793786276 0.7194946343588846
25118.864315095823 0.07943282347242818 0.7308815848733274 0.7645319570163116
