src/nupyprop/models/ixc_muon_pn_ckmt_rock.ecsv
# %ECSV 1.0
# ---
# datatype:
# - {name: energy, datatype: float64}
# - {name: y, datatype: float64}
# - {name: cdf_pn_ckmt, datatype: float64}
# meta: !!omap
# - {Description: Muon-nucleon cross-section CDF values for PN_CKMT in rock}
# - {energy: 'Muon energy, in GeV'}
# - {y: Inelasticity; y = (E_initial-E_final)/E_initial}
# - {cdf: Cross-section CDF values for PN_CKMT in rock}
# - {Note: 'The integrated cross-section CDF values should be integrated from y = 1, 10^(-0.1),...,10^(-3). This is a convention we chose
#     to adopt'}
# schema: astropy-2.0
energy y cdf_pn_ckmt
[from data line 1237]
7943.282347242822 0.001584893192461114 0.8794444899937414
7943.282347242822 0.0012589254117941675 0.9382023487628781
7943.282347242822 0.001 1.0
10000.0 1.0 0.0
10000.0 0.7943282347242815 0.0041424461901815
10000.0 0.6309573444801932 0.011325048548567826
10000.0 0.5011872336272722 0.02073102134523411
10000.0 0.3981071705534972 0.032433473958582225
10000.0 0.31622776601683794 0.046511050138872675
10000.0 0.251188643150958 0.06297484735930219
10000.0 0.19952623149688797 0.0817776896288779
10000.0 0.15848931924611137 0.1028314850959186
10000.0 0.12589254117941676 0.12602776394966217
10000.0 0.10000000000000002 0.15124996440165236
10000.0 0.07943282347242818 0.17838479021146098
10000.0 0.06309573444801933 0.2073230482202022
10000.0 0.05011872336272722 0.23796814924441567
10000.0 0.039810717055349734 0.2702370926350248
10000.0 0.03162277660168379 0.3040612263830785
10000.0 0.025118864315095808 0.33938456265310674
10000.0 0.0199526231496888 0.3761672144401061
10000.0 0.015848931924611134 0.4143838583143828
10000.0 0.012589254117941675 0.45402492843731634
10000.0 0.01 0.4950967049254854
10000.0 0.00794328234724282 0.537622351811515
10000.0 0.006309573444801936 0.5816427991138914
10000.0 0.005011872336272725 0.6272187947095744
10000.0 0.003981071705534973 0.674431232598186
10000.0 0.0031622776601683794 0.723385707550716
10000.0 0.0025118864315095794 0.7742131802442583
10000.0 0.0019952623149688807 0.8270744987664973
10000.0 0.001584893192461114 0.8821639645076302
10000.0 0.0012589254117941675 0.9397138593465272
10000.0 0.001 1.0
12589.254117941688 1.0 0.0
12589.254117941688 0.7943282347242815 0.004238683757750538
12589.254117941688 0.6309573444801932 0.01156222711398441
12589.254117941688 0.5011872336272722 0.02113866760874811
12589.254117941688 0.3981071705534972 0.03304076943360674
12589.254117941688 0.31622776601683794 0.047346604607162564
12589.254117941688 0.251188643150958 0.06406487796419837
12589.254117941688 0.19952623149688797 0.08314513958408258
12589.254117941688 0.15848931924611137 0.10449631274466137
12589.254117941688 0.12589254117941676 0.12800528457053628
12589.254117941688 0.10000000000000002 0.15355122187155998
12589.254117941688 0.07943282347242818 0.18101636118619963
12589.254117941688 0.06309573444801933 0.21028665335881364
12589.254117941688 0.05011872336272722 0.24126292925749937
12589.254117941688 0.039810717055349734 0.2738543854092027
12589.254117941688 0.03162277660168379 0.30798597967644514
12589.254117941688 0.025118864315095808 0.34359707651329774
12589.254117941688 0.0199526231496888 0.3806406282505
12589.254117941688 0.015848931924611134 0.41908379929121753
12589.254117941688 0.012589254117941675 0.4589082779184165
12589.254117941688 0.01 0.5001107927634799
12589.254117941688 0.00794328234724282 0.5427032525354568
12589.254117941688 0.006309573444801936 0.5867146501032561
12589.254117941688 0.005011872336272725 0.6321902582786546
12589.254117941688 0.003981071705534973 0.6791958291512733
12589.254117941688 0.0031622776601683794 0.727817371736822
12589.254117941688 0.0025118864315095794 0.7781646387381677
12589.254117941688 0.0019952623149688807 0.8303735967753358
12589.254117941688 0.001584893192461114 0.8846098854610808
12589.254117941688 0.0012589254117941675 0.9410728675085305
12589.254117941688 0.001 1.0
15848.93192461114 1.0 0.0
15848.93192461114 0.7943282347242815 0.0043302532885191
15848.93192461114 0.6309573444801932 0.011785319685798584
15848.93192461114 0.5011872336272722 0.021519341521972036
15848.93192461114 0.3981071705534972 0.03360487486762989
15848.93192461114 0.31622776601683794 0.04811934297689551
15848.93192461114 0.251188643150958 0.06506994643849191
15848.93192461114 0.19952623149688797 0.08440236506916049
15848.93192461114 0.15848931924611137 0.1060224761603634
15848.93192461114 0.12589254117941676 0.12981335596143667
15848.93192461114 0.10000000000000002 0.15565089927062334
15848.93192461114 0.07943282347242818 0.18341274774082467
15848.93192461114 0.06309573444801933 0.21298111615760948
15848.93192461114 0.05011872336272722 0.24425169414619624
15848.93192461114 0.039810717055349734 0.27713051949472045
15848.93192461114 0.03162277660168379 0.31153662049191855
15848.93192461114 0.025118864315095808 0.34740337087170764
15848.93192461114 0.0199526231496888 0.3846785211205312
15848.93192461114 0.015848931924611134 0.42332207280619755
15848.93192461114 0.012589254117941675 0.46330834183431363
15848.93192461114 0.01 0.5046248679760155
15848.93192461114 0.00794328234724282 0.5472746426426989
15848.93192461114 0.006309573444801936 0.5912741296843085
15848.93192461114 0.005011872336272725 0.6366572423729542
15848.93192461114 0.003981071705534973 0.6834742909268673
15848.93192461114 0.0031622776601683794 0.7317948548554007
15848.93192461114 0.0025118864315095794 0.7817094424878296
15848.93192461114 0.0019952623149688807 0.8333318166335312
15848.93192461114 0.001584893192461114 0.8868022034369345
15848.93192461114 0.0012589254117941675 0.9422902746414953
15848.93192461114 0.001 1.0
19952.62314968879 1.0 0.0
19952.62314968879 0.7943282347242815 0.0044175054946206825
19952.62314968879 0.6309573444801932 0.011995390731809275
19952.62314968879 0.5011872336272722 0.021875453843275234
19952.62314968879 0.3981071705534972 0.034129879080693024
19952.62314968879 0.31622776601683794 0.048835104486867724
19952.62314968879 0.251188643150958 0.06599686428311055
19952.62314968879 0.19952623149688797 0.08555802290546134
19952.62314968879 0.15848931924611137 0.10742081368766894
19952.62314968879 0.12589254117941676 0.13146569546978132
19952.62314968879 0.10000000000000002 0.1575650694272491
19952.62314968879 0.07943282347242818 0.18559244848785775
19952.62314968879 0.06309573444801933 0.21542762528763248
19952.62314968879 0.05011872336272722 0.2469606937553511
19952.62314968879 0.039810717055349734 0.2800943147448758
19952.62314968879 0.03162277660168379 0.31474367638085726
19952.62314968879 0.025118864315095808 0.35083735580894826
19952.62314968879 0.0199526231496888 0.38831682872757506
19952.62314968879 0.015848931924611134 0.427136746628524
19952.62314968879 0.012589254117941675 0.4672640415451558
19952.62314968879 0.01 0.508679737949173
19952.62314968879 0.00794328234724282 0.551376589051781
19952.62314968879 0.006309573444801936 0.5953625785529881
19952.62314968879 0.005011872336272725 0.640659490699129
19952.62314968879 0.003981071705534973 0.6873050083565497
19952.62314968879 0.0031622776601683794 0.7353538039098372
19952.62314968879 0.0025118864315095794 0.7848791896492988
19952.62314968879 0.0019952623149688807 0.8359753420670708
19952.62314968879 0.001584893192461114 0.8887596858065634
19952.62314968879 0.0012589254117941675 0.9433778986669443
19952.62314968879 0.001 1.0
25118.864315095823 1.0 0.0
25118.864315095823 0.7943282347242815 0.004500834512458343
25118.864315095823 0.6309573444801932 0.012193658269491366
25118.864315095823 0.5011872336272722 0.022209172369219425
25118.864315095823 0.3981071705534972 0.034619332137733765
25118.864315095823 0.31622776601683794 0.04949951782755578
25118.864315095823 0.251188643150958 0.06685343600575362
25118.864315095823 0.19952623149688797 0.08662164129191534
25118.864315095823 0.15848931924611137 0.10870356432440077
25118.864315095823 0.12589254117941676 0.13297692755016075
25118.864315095823 0.10000000000000002 0.1593108869224373
25118.864315095823 0.07943282347242818 0.18757583855149906
25118.864315095823 0.06309573444801933 0.217648036581867
25118.864315095823 0.05011872336272722 0.24941461964514616
25118.864315095823 0.039810717055349734 0.28277437786325993
25118.864315095823 0.03162277660168379 0.31763884491627703
25118.864315095823 0.025118864315095808 0.3539322036378331
25118.864315095823 0.0199526231496888 0.39159145068226914
25118.864315095823 0.015848931924611134 0.43056529536099686
25118.864315095823 0.012589254117941675 0.4708159324024438
25118.864315095823 0.01 0.5123159307313578
25118.864315095823 0.00794328234724282 0.555051883946944
25118.864315095823 0.006309573444801936 0.5990223534076706
25118.864315095823 0.005011872336272725 0.6442393300641517
25118.864315095823 0.003981071705534973 0.6907290308304478
25118.864315095823 0.0031622776601683794 0.7385328553019461
25118.864315095823 0.0025118864315095794 0.7877106253683447
25118.864315095823 0.0019952623149688807 0.8383358376128041
25118.864315095823 0.001584893192461114 0.8905076477292989
25118.864315095823 0.0012589254117941675 0.944346667662156
25118.864315095823 0.001 1.0
31622.776601683792 1.0 0.0
31622.776601683792 0.7943282347242815 0.004580629361189589
31622.776601683792 0.6309573444801932 0.012381297453010972
31622.776601683792 0.5011872336272722 0.022522671907466565
31622.776601683792 0.3981071705534972 0.03507639228372883
31622.776601683792 0.31622776601683794 0.050116880648607295
31622.776601683792 0.251188643150958 0.06764580286573568
31622.776601683792 0.19952623149688797 0.08760142354904854
31622.776601683792 0.15848931924611137 0.10988120833674649
31622.776601683792 0.12589254117941676 0.13435980280992807
31622.776601683792 0.10000000000000002 0.16090376914060606
31622.776601683792 0.07943282347242818 0.18938038208486319
31622.776601683792 0.06309573444801933 0.219663388858166
31622.776601683792 0.05011872336272722 0.25163689097028286
31622.776601683792 0.039810717055349734 0.28519662278155417
31622.776601683792 0.03162277660168379 0.3202506651571178
31622.776601683792 0.025118864315095808 0.3567196007814377
31622.776601683792 0.0199526231496888 0.3945356601420371
31622.776601683792 0.015848931924611134 0.43364416066900174
31622.776601683792 0.012589254117941675 0.47400029056827175
31622.776601683792 0.01 0.5155724097056616
31622.776601683792 0.00794328234724282 0.5583395965068962
31622.776601683792 0.006309573444801936 0.6022928892635812
31622.776601683792 0.005011872336272725 0.6474355413940158
31622.776601683792 0.003981071705534973 0.6937835205470086
31622.776601683792 0.0031622776601683794 0.7413667588710453
31622.776601683792 0.0025118864315095794 0.7902299041633213
31622.776601683792 0.0019952623149688807 0.8404348434392204
31622.776601683792 0.001584893192461114 0.8920605558043494
31622.776601683792 0.0012589254117941675 0.9452077790733417
31622.776601683792 0.001 1.0
39810.71705534977 1.0 0.0
39810.71705534977 0.7943282347242815 0.004657272248777258
39810.71705534977 0.6309573444801932 0.012559441890393737
39810.71705534977 0.5011872336272722 0.02281808150220859
39810.71705534977 0.3981071705534972 0.03550453694105109
39810.71705534977 0.31622776601683794 0.05069214251695997
39810.71705534977 0.251188643150958 0.06838068665351422
39810.71705534977 0.19952623149688797 0.08850657978492879
39810.71705534977 0.15848931924611137 0.11096494228778717
39810.71705534977 0.12589254117941676 0.13562795418354975
39810.71705534977 0.10000000000000002 0.16235965358160148
39810.71705534977 0.07943282347242818 0.1910248174066775
39810.71705534977 0.06309573444801933 0.22149489710943643
39810.71705534977 0.05011872336272722 0.2536515207734894
39810.71705534977 0.039810717055349734 0.2873876262248301
39810.71705534977 0.03162277660168379 0.32260825622401634
39810.71705534977 0.025118864315095808 0.35923034049744956
39810.71705534977 0.0199526231496888 0.39718231199139353
39810.71705534977 0.015848931924611134 0.4364063225929547
39810.71705534977 0.012589254117941675 0.4768533593556296
39810.71705534977 0.01 0.5184858483133731
39810.71705534977 0.00794328234724282 0.5612771769500065
39810.71705534977 0.006309573444801936 0.6052117045883911
39810.71705534977 0.005011872336272725 0.6502848183675547
39810.71705534977 0.003981071705534973 0.6965038105717262
39810.71705534977 0.0031622776601683794 0.7438880631374581
39810.71705534977 0.0025118864315095794 0.7924710253965305
39810.71705534977 0.0019952623149688807 0.8423000620737466
39810.71705534977 0.001584893192461114 0.8934395636345738
39810.71705534977 0.0012589254117941675 0.9459719087180679
39810.71705534977 0.001 1.0
50118.72336272725 1.0 0.0
50118.72336272725 0.7943282347242815 0.004731135231158722
50118.72336272725 0.6309573444801932 0.012729177757885658
50118.72336272725 0.5011872336272722 0.02309748695522082
50118.72336272725 0.3981071705534972 0.03590698945143274
50118.72336272725 0.31622776601683794 0.0512299426837807
50118.72336272725 0.251188643150958 0.06906444755517091
50118.72336272725 0.19952623149688797 0.08934511716156802
50118.72336272725 0.15848931924611137 0.11196475356518562
50118.72336272725 0.12589254117941676 0.1367934262833379
50118.72336272725 0.10000000000000002 0.1636929435345689
50118.72336272725 0.07943282347242818 0.19252610883902843
50118.72336272725 0.06309573444801933 0.22316196685794143
50118.72336272725 0.05011872336272722 0.25548031892192385
50118.72336272725 0.039810717055349734 0.28937139856695493
50118.72336272725 0.03162277660168379 0.32473750520045436
50118.72336272725 0.025118864315095808 0.36149358103136764
50118.72336272725 0.0199526231496888 0.39956460336594496
50118.72336272725 0.015848931924611134 0.4388885336869726
50118.72336272725 0.012589254117941675 0.4794125330470521
50118.72336272725 0.01 0.5210948284847768
50118.72336272725 0.00794328234724282 0.5639038211954811
50118.72336272725 0.006309573444801936 0.6078178192118229
50118.72336272725 0.005011872336272725 0.6528256131298347
50118.72336272725 0.003981071705534973 0.6989264656386054
50118.72336272725 0.0031622776601683794 0.7461310947280967
50118.72336272725 0.0025118864315095794 0.7944625204036768
50118.72336272725 0.0019952623149688807 0.843956259526033
50118.72336272725 0.001584893192461114 0.8946630001747936
50118.72336272725 0.0012589254117941675 0.9466493189155705
50118.72336272725 0.001 1.0
63095.73444801943 1.0 0.0
63095.73444801943 0.7943282347242815 0.004802598836268769
63095.73444801943 0.6309573444801932 0.012891636670091657
63095.73444801943 0.5011872336272722 0.023362956346518946
63095.73444801943 0.3981071705534972 0.03628698313317161
63095.73444801943 0.31622776601683794 0.051734922725916
63095.73444801943 0.251188643150958 0.06970340281430418
63095.73444801943 0.19952623149688797 0.09012506711251364
63095.73444801943 0.15848931924611137 0.11289067214075676
63095.73444801943 0.12589254117941676 0.13786849261265424
63095.73444801943 0.10000000000000002 0.1649183735751235
63095.73444801943 0.07943282347242818 0.19390126402757857
63095.73444801943 0.06309573444801933 0.22468439095063572
63095.73444801943 0.05011872336272722 0.2571454216045886
63095.73444801943 0.039810717055349734 0.29117241826862583
63095.73444801943 0.03162277660168379 0.3266661157946222
63095.73444801943 0.025118864315095808 0.3635378819662939
63095.73444801943 0.0199526231496888 0.40171120707519664
63095.73444801943 0.015848931924611134 0.4411200300305592
63095.73444801943 0.012589254117941675 0.4817089740966129
63095.73444801943 0.01 0.5234318246020792
63095.73444801943 0.00794328234724282 0.5662526059210313
63095.73444801943 0.006309573444801936 0.6101447059684744
63095.73444801943 0.005011872336272725 0.655090805206751
63095.73444801943 0.003981071705534973 0.701083537161341
63095.73444801943 0.0031622776601683794 0.7481260067823908
63095.73444801943 0.0025118864315095794 0.7962315372000558
63095.73444801943 0.0019952623149688807 0.8454258963001379
63095.73444801943 0.001584893192461114 0.8957475470534736
63095.73444801943 0.0012589254117941675 0.9472493260132626
63095.73444801943 0.001 1.0
79432.82347242821 1.0 0.0
79432.82347242821 0.7943282347242815 0.004872003418056856
79432.82347242821 0.6309573444801932 0.013047716268659321
79432.82347242821 0.5011872336272722 0.023616156886005872
79432.82347242821 0.3981071705534972 0.036647223769593326
79432.82347242821 0.31622776601683794 0.052211076177687214
79432.82347242821 0.251188643150958 0.07030287371008662
79432.82347242821 0.19952623149688797 0.09085338615525307
79432.82347242821 0.15848931924611137 0.11375157702035983
79432.82347242821 0.12589254117941676 0.13886390576488483
