src/nupyprop/models/ixc_tau_pn_bdhm_rock.ecsv
# %ECSV 1.0
# ---
# datatype:
# - {name: energy, datatype: float64}
# - {name: y, datatype: float64}
# - {name: cdf_pn_bdhm, datatype: float64}
# meta: !!omap
# - {Description: Tau-nucleon cross-section CDF values for PN_BDHM in rock}
# - {energy: 'Tau energy, in GeV'}
# - {y: Inelasticity; y = (E_initial-E_final)/E_initial}
# - {cdf: Cross-section CDF values for PN_BDHM in rock}
# - {Note: 'The integrated cross-section CDF values should be integrated from y = 1, 10^(-0.1),...,10^(-3). This is a convention we chose
#     to adopt'}
# schema: astropy-2.0
energy y cdf_pn_bdhm
[from data line 1556]
100000.0 0.251188643150958 0.014872779845649147
100000.0 0.19952623149688797 0.02287013889682048
100000.0 0.15848931924611137 0.03348808147580486
100000.0 0.12589254117941676 0.04703173778600352
100000.0 0.10000000000000002 0.06371508374114906
100000.0 0.07943282347242818 0.08366527210239096
100000.0 0.06309573444801933 0.10693404048223394
100000.0 0.05011872336272722 0.13350958948268166
100000.0 0.039810717055349734 0.16333717115743263
100000.0 0.03162277660168379 0.19633349823614563
100000.0 0.025118864315095808 0.23239451311398615
100000.0 0.0199526231496888 0.27140746884683553
100000.0 0.015848931924611134 0.3132556328486666
100000.0 0.012589254117941675 0.3578225429072679
100000.0 0.01 0.4049942879453315
100000.0 0.00794328234724282 0.4546659960370699
100000.0 0.006309573444801936 0.5067354812671082
100000.0 0.005011872336272725 0.5611094003412687
100000.0 0.003981071705534973 0.6177019476581472
100000.0 0.0031622776601683794 0.6764351509664924
100000.0 0.0025118864315095794 0.7372389664108444
100000.0 0.0019952623149688807 0.8000495146155383
100000.0 0.001584893192461114 0.8648113342271107
100000.0 0.0012589254117941675 0.9314757718534269
100000.0 0.001 1.0
125892.54117941688 1.0 0.0
125892.54117941688 0.7943282347242815 0.0002590688753894548
125892.54117941688 0.6309573444801932 0.0010992683323429301
125892.54117941688 0.5011872336272722 0.0026839463120405856
125892.54117941688 0.3981071705534972 0.005300187790077675
125892.54117941688 0.31622776601683794 0.0093243945412432
125892.54117941688 0.251188643150958 0.015180371548713196
125892.54117941688 0.19952623149688797 0.023292088117954544
125892.54117941688 0.15848931924611137 0.03403807051977929
125892.54117941688 0.12589254117941676 0.04771945519908643
125892.54117941688 0.10000000000000002 0.06454642078802848
125892.54117941688 0.07943282347242818 0.08464177323704414
125892.54117941688 0.06309573444801933 0.10805181116007669
125892.54117941688 0.05011872336272722 0.1347621878412817
125892.54117941688 0.039810717055349734 0.16471553518234167
125892.54117941688 0.03162277660168379 0.19782503711598576
125892.54117941688 0.025118864315095808 0.23398435972076903
125892.54117941688 0.0199526231496888 0.2730784176998119
125892.54117941688 0.015848931924611134 0.3149878763489471
125892.54117941688 0.012589254117941675 0.3595934148326204
125892.54117941688 0.01 0.40678093776547236
125892.54117941688 0.00794328234724282 0.4564398365887934
125892.54117941688 0.006309573444801936 0.5084668916145443
125892.54117941688 0.005011872336272725 0.5627660498372666
125892.54117941688 0.003981071705534973 0.6192488232340432
125892.54117941688 0.0031622776601683794 0.6778340423018655
125892.54117941688 0.0025118864315095794 0.7384499761496813
125892.54117941688 0.0019952623149688807 0.8010288286695629
125892.54117941688 0.001584893192461114 0.8655133728507403
125892.54117941688 0.0012589254117941675 0.93185241212084
125892.54117941688 0.001 1.0
158489.3192461114 1.0 0.0
158489.3192461114 0.7943282347242815 0.00026857539077222595
158489.3192461114 0.6309573444801932 0.0011333521675509725
158489.3192461114 0.5011872336272722 0.0027576578303855313
158489.3192461114 0.3981071705534972 0.005431020999491148
158489.3192461114 0.31622776601683794 0.009531303395801702
158489.3192461114 0.251188643150958 0.015482019133285535
158489.3192461114 0.19952623149688797 0.02370503527310549
158489.3192461114 0.15848931924611137 0.034575316301871994
158489.3192461114 0.12589254117941676 0.04839068784253058
158489.3192461114 0.10000000000000002 0.06535655396021955
158489.3192461114 0.07943282347242818 0.08559143857662169
158489.3192461114 0.06309573444801933 0.10913759413918436
158489.3192461114 0.05011872336272722 0.13597734490917418
158489.3192461114 0.039810717055349734 0.16605058692651575
158489.3192461114 0.03162277660168379 0.19926773141971768
158489.3192461114 0.025118864315095808 0.23552036793573788
158489.3192461114 0.0199526231496888 0.2746909088380575
158489.3192461114 0.015848931924611134 0.3166576773469495
158489.3192461114 0.012589254117941675 0.36129968726041645
158489.3192461114 0.01 0.40849957736490466
158489.3192461114 0.00794328234724282 0.4581450617006432
158489.3192461114 0.006309573444801936 0.5101305642625671
158489.3192461114 0.005011872336272725 0.5643571612426467
158489.3192461114 0.003981071705534973 0.6207338237940491
158489.3192461114 0.0031622776601683794 0.6791774474901908
158489.3192461114 0.0025118864315095794 0.7396119256722075
158489.3192461114 0.0019952623149688807 0.8019690400200151
158489.3192461114 0.001584893192461114 0.8661879292694483
158489.3192461114 0.0012589254117941675 0.9322140194466882
158489.3192461114 0.001 1.0
199526.2314968883 1.0 0.0
199526.2314968883 0.7943282347242815 0.0002780378906364776
199526.2314968883 0.6309573444801932 0.0011670434394466481
199526.2314968883 0.5011872336272722 0.0028303129553946395
199526.2314968883 0.3981071705534972 0.005559667928065286
199526.2314968883 0.31622776601683794 0.009734223906508346
199526.2314968883 0.251188643150958 0.015777221765418434
199526.2314968883 0.19952623149688797 0.02410838925183084
199526.2314968883 0.15848931924611137 0.03509947057369062
199526.2314968883 0.12589254117941676 0.049044174271544665
199526.2314968883 0.10000000000000002 0.06614386793784953
199526.2314968883 0.07943282347242818 0.08651244622802909
199526.2314968883 0.06309573444801933 0.11018870974127697
199526.2314968883 0.05011872336272722 0.13715205399449634
199526.2314968883 0.039810717055349734 0.1673392407617095
199526.2314968883 0.03162277660168379 0.20065833167441008
199526.2314968883 0.025118864315095808 0.23699905516606673
199526.2314968883 0.0199526231496888 0.2762413312868458
199526.2314968883 0.015848931924611134 0.31826165579978655
199526.2314968883 0.012589254117941675 0.3629367231625303
199526.2314968883 0.01 0.41014714853466067
199526.2314968883 0.00794328234724282 0.45977855455152583
199526.2314968883 0.006309573444801936 0.5117227825746219
199526.2314968883 0.005011872336272725 0.5658790609193768
199526.2314968883 0.003981071705534973 0.6221540444572533
199526.2314968883 0.0031622776601683794 0.6804615719014036
199526.2314968883 0.0025118864315095794 0.740723262344199
199526.2314968883 0.0019952623149688807 0.8028687439263426
199526.2314968883 0.001584893192461114 0.8668331339508805
199526.2314968883 0.0012589254117941675 0.9325602132679469
199526.2314968883 0.001 1.0
251188.6431509582 1.0 0.0
251188.6431509582 0.7943282347242815 0.00028744972883357905
251188.6431509582 0.6309573444801932 0.0012002752979946847
251188.6431509582 0.5011872336272722 0.002901822469007295
251188.6431509582 0.3981071705534972 0.00568588598650112
251188.6431509582 0.31622776601683794 0.009932848756517346
251188.6431509582 0.251188643150958 0.01606560301549178
251188.6431509582 0.19952623149688797 0.024501821415573326
251188.6431509582 0.15848931924611137 0.03561028752311552
251188.6431509582 0.12589254117941676 0.04967994792541518
251188.6431509582 0.10000000000000002 0.06690831514415388
251188.6431509582 0.07943282347242818 0.0874051005514951
251188.6431509582 0.06309573444801933 0.1112055302616805
251188.6431509582 0.05011872336272722 0.1382865513507912
251188.6431509582 0.039810717055349734 0.16858209228111287
251188.6431509582 0.03162277660168379 0.20199785276556095
251188.6431509582 0.025118864315095808 0.23842123870615384
251188.6431509582 0.0199526231496888 0.2777306465369897
251188.6431509582 0.015848931924611134 0.31980034444795363
251188.6431509582 0.012589254117941675 0.3645055289670526
251188.6431509582 0.01 0.41172453457410246
251188.6431509582 0.00794328234724282 0.4613408571105856
251188.6431509582 0.006309573444801936 0.5132445963456933
251188.6431509582 0.005011872336272725 0.5673330679001892
251188.6431509582 0.003981071705534973 0.6235098322477672
251188.6431509582 0.0031622776601683794 0.6816869385862065
251188.6431509582 0.0025118864315095794 0.7417836825686972
251188.6431509582 0.0019952623149688807 0.8037262208391888
251188.6431509582 0.001584893192461114 0.8674482340331396
251188.6431509582 0.0012589254117941675 0.9328903703375786
251188.6431509582 0.001 1.0
316227.7660168379 1.0 0.0
316227.7660168379 0.7943282347242815 0.0002967815488918067
316227.7660168379 0.6309573444801932 0.001233002886688561
316227.7660168379 0.5011872336272722 0.0029720451865996346
316227.7660168379 0.3981071705534972 0.005809489146317973
316227.7660168379 0.31622776601683794 0.010126941804895264
316227.7660168379 0.251188643150958 0.016346898453832377
316227.7660168379 0.19952623149688797 0.024885248109560623
316227.7660168379 0.15848931924611137 0.03610710652275346
316227.7660168379 0.12589254117941676 0.05029718314051255
316227.7660168379 0.10000000000000002 0.06764902786067155
316227.7660168379 0.07943282347242818 0.08826856726656851
316227.7660168379 0.06309573444801933 0.11218753923792416
316227.7660168379 0.05011872336272722 0.13938030476521096
316227.7660168379 0.039810717055349734 0.1697784551718708
316227.7660168379 0.03162277660168379 0.203285276501837
316227.7660168379 0.025118864315095808 0.23978633588490766
316227.7660168379 0.0199526231496888 0.2791582105132631
316227.7660168379 0.015848931924611134 0.3212736118366753
316227.7660168379 0.012589254117941675 0.36600584161785754
316227.7660168379 0.01 0.41323130682066056
316227.7660168379 0.00794328234724282 0.4628318481367971
316227.7660168379 0.006309573444801936 0.5146957357539971
316227.7660168379 0.005011872336272725 0.5687181113904929
316227.7660168379 0.003981071705534973 0.6248004891918665
316227.7660168379 0.0031622776601683794 0.6828529773579587
316227.7660168379 0.0025118864315095794 0.7427919828390184
316227.7660168379 0.0019952623149688807 0.804541590299378
316227.7660168379 0.001584893192461114 0.868032964215528
316227.7660168379 0.0012589254117941675 0.9332041383425429
316227.7660168379 0.001 1.0
398107.17055349774 1.0 0.0
398107.17055349774 0.7943282347242815 0.00030601098878754734
398107.17055349774 0.6309573444801932 0.001265208096806317
398107.17055349774 0.5011872336272722 0.0030408838079753644
398107.17055349774 0.3981071705534972 0.0059303511674166035
398107.17055349774 0.31622776601683794 0.010316349136727377
398107.17055349774 0.251188643150958 0.016621104905155136
398107.17055349774 0.19952623149688797 0.025258320131939405
398107.17055349774 0.15848931924611137 0.036589568446427176
398107.17055349774 0.12589254117941676 0.05089554350698508
398107.17055349774 0.10000000000000002 0.06836585061893616
398107.17055349774 0.07943282347242818 0.08910261702930476
398107.17055349774 0.06309573444801933 0.11313474192035765
398107.17055349774 0.05011872336272722 0.14043347947258406
398107.17055349774 0.039810717055349734 0.17092850445001587
398107.17055349774 0.03162277660168379 0.20452106880541435
398107.17055349774 0.025118864315095808 0.24109495421747087
398107.17055349774 0.0199526231496888 0.2805250950803118
398107.17055349774 0.015848931924611134 0.32268252374877093
398107.17055349774 0.012589254117941675 0.36743861582443155
398107.17055349774 0.01 0.4146687945767056
398107.17055349774 0.00794328234724282 0.46425298911347335
398107.17055349774 0.006309573444801936 0.5160774792906322
398107.17055349774 0.005011872336272725 0.5700355061364304
398107.17055349774 0.003981071705534973 0.6260275172046186
398107.17055349774 0.0031622776601683794 0.6839605276899146
398107.17055349774 0.0025118864315095794 0.7437492822437205
398107.17055349774 0.0019952623149688807 0.8053146505257301
398107.17055349774 0.001584893192461114 0.8685871753009492
398107.17055349774 0.0012589254117941675 0.9335015403018109
398107.17055349774 0.001 1.0
501187.2336272725 1.0 0.0
501187.2336272725 0.7943282347242815 0.00031511800929737545
501187.2336272725 0.6309573444801932 0.0012968327099311741
501187.2336272725 0.5011872336272722 0.0031082491825497175
501187.2336272725 0.3981071705534972 0.006048349281579957
501187.2336272725 0.31622776601683794 0.0105009798682896
501187.2336272725 0.251188643150958 0.016887967383391326
501187.2336272725 0.19952623149688797 0.025620688526374977
501187.2336272725 0.15848931924611137 0.037057312186873165
501187.2336272725 0.12589254117941676 0.05147461616604721
501187.2336272725 0.10000000000000002 0.06905819570468207
501187.2336272725 0.07943282347242818 0.08990693830124839
501187.2336272725 0.06309573444801933 0.11404661374861537
501187.2336272725 0.05011872336272722 0.14144575342893595
501187.2336272725 0.039810717055349734 0.17203210260495883
501187.2336272725 0.03162277660168379 0.20570496781420844
501187.2336272725 0.025118864315095808 0.24234679260027903
501187.2336272725 0.0199526231496888 0.28183072969949813
501187.2336272725 0.015848931924611134 0.32402610464608655
501187.2336272725 0.012589254117941675 0.3688033874704092
501187.2336272725 0.01 0.41603641397119195
501187.2336272725 0.00794328234724282 0.4656033581820612
501187.2336272725 0.006309573444801936 0.5173891158694712
501187.2336272725 0.005011872336272725 0.5712854148984575
501187.2336272725 0.003981071705534973 0.6271902048979165
501187.2336272725 0.0031622776601683794 0.6850091318172339
501187.2336272725 0.0025118864315095794 0.7446548671092421
501187.2336272725 0.0019952623149688807 0.8060470476214355
501187.2336272725 0.001584893192461114 0.8691120720796209
501187.2336272725 0.0012589254117941675 0.9337831558827909
501187.2336272725 0.001 1.0
630957.3444801943 1.0 0.0
630957.3444801943 0.7943282347242815 0.0003240908408247135
630957.3444801943 0.6309573444801932 0.0013278407037241235
630957.3444801943 0.5011872336272722 0.003174093098838701
630957.3444801943 0.3981071705534972 0.006163433845755564
630957.3444801943 0.31622776601683794 0.0106808005047044
630957.3444801943 0.251188643150958 0.01714736342879687
630957.3444801943 0.19952623149688797 0.025972272211006633
630957.3444801943 0.15848931924611137 0.03751034521671387
630957.3444801943 0.12589254117941676 0.05203448571519043
630957.3444801943 0.10000000000000002 0.06972644540042855
630957.3444801943 0.07943282347242818 0.0906818839079756
630957.3444801943 0.06309573444801933 0.11492362817748056
630957.3444801943 0.05011872336272722 0.14241788858791588
630957.3444801943 0.039810717055349734 0.17309016843696393
630957.3444801943 0.03162277660168379 0.2068383981585453
630957.3444801943 0.025118864315095808 0.243543421953369
630957.3444801943 0.0199526231496888 0.2830767179964387
630957.3444801943 0.015848931924611134 0.325306755845049
630957.3444801943 0.012589254117941675 0.37010260656731164
630957.3444801943 0.01 0.41733660890295965
630957.3444801943 0.00794328234724282 0.4668857497055563
630957.3444801943 0.006309573444801936 0.5186337277041093
630957.3444801943 0.005011872336272725 0.5724699351832861
630957.3444801943 0.003981071705534973 0.6282912476938295
630957.3444801943 0.0031622776601683794 0.6860014962484002
630957.3444801943 0.0025118864315095794 0.7455114290474657
630957.3444801943 0.0019952623149688807 0.8067385770488923
630957.3444801943 0.001584893192461114 0.8696073410076834
630957.3444801943 0.0012589254117941675 0.9340486836923938
630957.3444801943 0.001 1.0
794328.2347242822 1.0 0.0
794328.2347242822 0.7943282347242815 0.00033292399540974416
794328.2347242822 0.6309573444801932 0.0013582011289197979
794328.2347242822 0.5011872336272722 0.0032383715422538107
794328.2347242822 0.3981071705534972 0.006275591301645677
794328.2347242822 0.31622776601683794 0.010855699282489903
794328.2347242822 0.251188643150958 0.01739918916149454
794328.2347242822 0.19952623149688797 0.026312998846572688
794328.2347242822 0.15848931924611137 0.03794861535301255
794328.2347242822 0.12589254117941676 0.052575188609740406
794328.2347242822 0.10000000000000002 0.07037078444265311
794328.2347242822 0.07943282347242818 0.09142774282029849
794328.2347242822 0.06309573444801933 0.11576624420135752
794328.2347242822 0.05011872336272722 0.14335032425513125
794328.2347242822 0.039810717055349734 0.1741034997118928
