src/nupyprop/models/ixc_muon_pn_bdhm_water.ecsv
# %ECSV 1.0
# ---
# datatype:
# - {name: energy, datatype: float64}
# - {name: y, datatype: float64}
# - {name: cdf_pn_bdhm, datatype: float64}
# meta: !!omap
# - {Description: Muon-nucleon cross-section CDF values for PN_BDHM in water}
# - {energy: 'Muon energy, in GeV'}
# - {y: Inelasticity; y = (E_initial-E_final)/E_initial}
# - {cdf: Cross-section CDF values for PN_BDHM in water}
# - {Note: 'The integrated cross-section CDF values should be integrated from y = 1, 10^(-0.1),...,10^(-3). This is a convention we chose
#     to adopt'}
# schema: astropy-2.0
energy y cdf_pn_bdhm
[from data line 661]
125.89254117941675 0.10000000000000002 0.1603953536520137
125.89254117941675 0.07943282347242818 0.1897041442467343
125.89254117941675 0.06309573444801933 0.22102233043971933
125.89254117941675 0.05011872336272722 0.2542320766869182
125.89254117941675 0.039810717055349734 0.28922284386473446
125.89254117941675 0.03162277660168379 0.3258944709355486
125.89254117941675 0.025118864315095808 0.36415700857041283
125.89254117941675 0.0199526231496888 0.40393106826392144
125.89254117941675 0.015848931924611134 0.4451545471550379
125.89254117941675 0.012589254117941675 0.4877737487931694
125.89254117941675 0.01 0.531746758927387
125.89254117941675 0.00794328234724282 0.5770467141788049
125.89254117941675 0.006309573444801936 0.6236586509955673
125.89254117941675 0.005011872336272725 0.6715783036505645
125.89254117941675 0.003981071705534973 0.7208125728774584
125.89254117941675 0.0031622776601683794 0.7713779404629709
125.89254117941675 0.0025118864315095794 0.8232999835243172
125.89254117941675 0.0019952623149688807 0.8766121148806533
125.89254117941675 0.001584893192461114 0.9313553789829562
125.89254117941675 0.0012589254117941675 0.9874622177673273
125.89254117941675 0.001 1.0
158.48931924611142 1.0 0.0
158.48931924611142 0.7943282347242815 0.003933074416085501
158.48931924611142 0.6309573444801932 0.01101496359149273
158.48931924611142 0.5011872336272722 0.020396298956239282
158.48931924611142 0.3981071705534972 0.03216061509774517
158.48931924611142 0.31622776601683794 0.04640283418721225
158.48931924611142 0.251188643150958 0.06314575341937498
158.48931924611142 0.19952623149688797 0.08235065179276281
158.48931924611142 0.15848931924611137 0.1039407125988404
158.48931924611142 0.12589254117941676 0.12781213063682906
158.48931924611142 0.10000000000000002 0.15384814687722567
158.48931924611142 0.07943282347242818 0.18192984793528727
158.48931924611142 0.06309573444801933 0.21193991173492227
158.48931924611142 0.05011872336272722 0.24376521097111423
158.48931924611142 0.039810717055349734 0.2773013149405927
158.48931924611142 0.03162277660168379 0.3124538299172634
158.48931924611142 0.025118864315095808 0.3491332032520418
158.48931924611142 0.0199526231496888 0.3872667942748126
158.48931924611142 0.015848931924611134 0.4267872329970448
158.48931924611142 0.012589254117941675 0.4676409740923114
158.48931924611142 0.01 0.5097815023802263
158.48931924611142 0.00794328234724282 0.5531778200915557
158.48931924611142 0.006309573444801936 0.5978093617984488
158.48931924611142 0.005011872336272725 0.6436654526259548
158.48931924611142 0.003981071705534973 0.6907467612217986
158.48931924611142 0.0031622776601683794 0.7390634981138386
158.48931924611142 0.0025118864315095794 0.7886344063442151
158.48931924611142 0.0019952623149688807 0.8394867253864857
158.48931924611142 0.001584893192461114 0.8916547091761738
158.48931924611142 0.0012589254117941675 0.9451794856496966
158.48931924611142 0.001 1.0
199.52623149688807 1.0 0.0
199.52623149688807 0.7943282347242815 0.0039698070965504435
199.52623149688807 0.6309573444801932 0.01109485472968598
199.52623149688807 0.5011872336272722 0.020521681229559312
199.52623149688807 0.3981071705534972 0.03233678087174771
199.52623149688807 0.31622776601683794 0.04662104418129977
199.52623149688807 0.251188643150958 0.06340296704299313
199.52623149688807 0.19952623149688797 0.08264545794865832
199.52623149688807 0.15848931924611137 0.10427042235863891
199.52623149688807 0.12589254117941676 0.12817364429322134
199.52623149688807 0.10000000000000002 0.15423979693492362
199.52623149688807 0.07943282347242818 0.18235029806975672
199.52623149688807 0.06309573444801933 0.21239016743183353
199.52623149688807 0.05011872336272722 0.24424930155005406
199.52623149688807 0.039810717055349734 0.27782412266154205
199.52623149688807 0.03162277660168379 0.31301879176639796
199.52623149688807 0.025118864315095808 0.3497499383204983
199.52623149688807 0.0199526231496888 0.38793906731886746
199.52623149688807 0.015848931924611134 0.42751890698001316
199.52623149688807 0.012589254117941675 0.46843051680567416
199.52623149688807 0.01 0.5106251194176507
199.52623149688807 0.00794328234724282 0.5540662188730426
199.52623149688807 0.006309573444801936 0.5987268902222163
199.52623149688807 0.005011872336272725 0.6445910127150281
199.52623149688807 0.003981071705534973 0.6916530175172843
199.52623149688807 0.0031622776601683794 0.739916456475398
199.52623149688807 0.0025118864315095794 0.7893943329479822
199.52623149688807 0.0019952623149688807 0.8401088117926092
199.52623149688807 0.001584893192461114 0.8920893604767778
199.52623149688807 0.0012589254117941675 0.9453722523790673
199.52623149688807 0.001 1.0
251.18864315095823 1.0 0.0
251.18864315095823 0.7943282347242815 0.0040094757037524445
251.18864315095823 0.6309573444801932 0.01118398686953937
251.18864315095823 0.5011872336272722 0.020663077898601348
251.18864315095823 0.3981071705534972 0.03252986950331323
251.18864315095823 0.31622776601683794 0.046866004241956874
251.18864315095823 0.251188643150958 0.06369553496902854
251.18864315095823 0.19952623149688797 0.08298416702880292
251.18864315095823 0.15848931924611137 0.10464958429370472
251.18864315095823 0.12589254117941676 0.12858819993241496
251.18864315095823 0.10000000000000002 0.1546815862907836
251.18864315095823 0.07943282347242818 0.1828161193572003
251.18864315095823 0.06309573444801933 0.21287287753137357
251.18864315095823 0.05011872336272722 0.2447620747379284
251.18864315095823 0.039810717055349734 0.27836390937396244
251.18864315095823 0.03162277660168379 0.3135919612602559
251.18864315095823 0.025118864315095808 0.3503595772452877
251.18864315095823 0.0199526231496888 0.38858955930608224
251.18864315095823 0.015848931924611134 0.42822222432426865
251.18864315095823 0.012589254117941675 0.46917964985852406
251.18864315095823 0.01 0.5114191340436295
251.18864315095823 0.00794328234724282 0.5549000160217004
251.18864315095823 0.006309573444801936 0.599589375530904
251.18864315095823 0.005011872336272725 0.6454658001185755
251.18864315095823 0.003981071705534973 0.6925172118083741
251.18864315095823 0.0031622776601683794 0.7407413650490133
251.18864315095823 0.0025118864315095794 0.7901454699483246
251.18864315095823 0.0019952623149688807 0.8407454834848561
251.18864315095823 0.001584893192461114 0.8925659244914352
251.18864315095823 0.0012589254117941675 0.9456379672208153
251.18864315095823 0.001 1.0
316.22776601683796 1.0 0.0
316.22776601683796 0.7943282347242815 0.0040523318428785475
316.22776601683796 0.6309573444801932 0.011280018857097923
316.22776601683796 0.5011872336272722 0.02081936643185134
316.22776601683796 0.3981071705534972 0.032741930155870735
316.22776601683796 0.31622776601683794 0.047135109543857835
316.22776601683796 0.251188643150958 0.06402251763245422
316.22776601683796 0.19952623149688797 0.08336248057250882
316.22776601683796 0.15848931924611137 0.1050746477274057
316.22776601683796 0.12589254117941676 0.12905239550416395
316.22776601683796 0.10000000000000002 0.15518187799632777
316.22776601683796 0.07943282347242818 0.18334486318829532
316.22776601683796 0.06309573444801933 0.213433556945747
316.22776601683796 0.05011872336272722 0.2453371521668073
316.22776601683796 0.039810717055349734 0.2789584146105513
316.22776601683796 0.03162277660168379 0.31420525441068614
316.22776601683796 0.025118864315095808 0.3509928101676112
316.22776601683796 0.0199526231496888 0.3892563046347483
316.22776601683796 0.015848931924611134 0.4289034367210141
316.22776601683796 0.012589254117941675 0.4698896007492493
316.22776601683796 0.01 0.5121577650516388
316.22776601683796 0.00794328234724282 0.55566408571203
316.22776601683796 0.006309573444801936 0.6003720986164329
316.22776601683796 0.005011872336272725 0.6462547849280822
316.22776601683796 0.003981071705534973 0.6932946178952875
316.22776601683796 0.0031622776601683794 0.7414833199288835
316.22776601683796 0.0025118864315095794 0.7908219669042673
316.22776601683796 0.0019952623149688807 0.8413201020012544
316.22776601683796 0.001584893192461114 0.892997332267957
316.22776601683796 0.0012589254117941675 0.9458794971205611
316.22776601683796 0.001 1.0
398.1071705534973 1.0 0.0
398.1071705534973 0.7943282347242815 0.0040984082047106195
398.1071705534973 0.6309573444801932 0.01138463195418107
398.1071705534973 0.5011872336272722 0.020987388441049186
398.1071705534973 0.3981071705534972 0.03297382200291174
398.1071705534973 0.31622776601683794 0.04743292229455122
398.1071705534973 0.251188643150958 0.0643844968656181
398.1071705534973 0.19952623149688797 0.08378287627364982
398.1071705534973 0.15848931924611137 0.10554702876873084
398.1071705534973 0.12589254117941676 0.1295695133182324
398.1071705534973 0.10000000000000002 0.15573613821116472
398.1071705534973 0.07943282347242818 0.18392731829635625
398.1071705534973 0.06309573444801933 0.21403754531784258
398.1071705534973 0.05011872336272722 0.24595809190904183
398.1071705534973 0.039810717055349734 0.27959207764485317
398.1071705534973 0.03162277660168379 0.3148611899644222
398.1071705534973 0.025118864315095808 0.35165687299532494
398.1071705534973 0.0199526231496888 0.3899159113962267
398.1071705534973 0.015848931924611134 0.42957585118545255
398.1071705534973 0.012589254117941675 0.47057418553745284
398.1071705534973 0.01 0.5128565395676667
398.1071705534973 0.00794328234724282 0.5563739468377369
398.1071705534973 0.006309573444801936 0.6010890576935405
398.1071705534973 0.005011872336272725 0.6469701329992246
398.1071705534973 0.003981071705534973 0.6939948749632354
398.1071705534973 0.0031622776601683794 0.7421491171465805
398.1071705534973 0.0025118864315095794 0.7914281248803151
398.1071705534973 0.0019952623149688807 0.8418359910596278
398.1071705534973 0.001584893192461114 0.8933854866514752
398.1071705534973 0.0012589254117941675 0.9460973864801727
398.1071705534973 0.001 1.0
501.18723362727246 1.0 0.0
501.18723362727246 0.7943282347242815 0.004147636009661253
501.18723362727246 0.6309573444801932 0.011497899333151365
501.18723362727246 0.5011872336272722 0.021167684479509546
501.18723362727246 0.3981071705534972 0.03322617562767669
501.18723362727246 0.31622776601683794 0.047760085635662385
501.18723362727246 0.251188643150958 0.0647825927064426
501.18723362727246 0.19952623149688797 0.08425010827947417
501.18723362727246 0.15848931924611137 0.10607421205623241
501.18723362727246 0.12589254117941676 0.1301499164304731
501.18723362727246 0.10000000000000002 0.15636045615514108
501.18723362727246 0.07943282347242818 0.1845875011579213
501.18723362727246 0.06309573444801933 0.21472344818963607
501.18723362727246 0.05011872336272722 0.24666154029249823
501.18723362727246 0.039810717055349734 0.28030401195406185
501.18723362727246 0.03162277660168379 0.31556316559333814
501.18723362727246 0.025118864315095808 0.3523572106333496
501.18723362727246 0.0199526231496888 0.39061673644404793
501.18723362727246 0.015848931924611134 0.43027388420872054
501.18723362727246 0.012589254117941675 0.4712686028175734
501.18723362727246 0.01 0.5135474144250068
501.18723362727246 0.00794328234724282 0.5570613859386372
501.18723362727246 0.006309573444801936 0.6017700594568305
501.18723362727246 0.005011872336272725 0.6476392336198684
501.18723362727246 0.003981071705534973 0.6946417791417465
501.18723362727246 0.0031622776601683794 0.7427591285731145
501.18723362727246 0.0025118864315095794 0.7919806312601563
501.18723362727246 0.0019952623149688807 0.8423045041529934
501.18723362727246 0.001584893192461114 0.8937378163906698
501.18723362727246 0.0012589254117941675 0.946295414992786
501.18723362727246 0.001 1.0
630.9573444801937 1.0 0.0
630.9573444801937 0.7943282347242815 0.004199735569511842
630.9573444801937 0.6309573444801932 0.011618000858604902
630.9573444801937 0.5011872336272722 0.021360923537020054
630.9573444801937 0.3981071705534972 0.033499179917258946
630.9573444801937 0.31622776601683794 0.048113813507830394
630.9573444801937 0.251188643150958 0.06521919264985965
630.9573444801937 0.19952623149688797 0.08476165473193494
630.9573444801937 0.15848931924611137 0.10665746475887843
630.9573444801937 0.12589254117941676 0.13079514253757263
630.9573444801937 0.10000000000000002 0.1570581555352879
630.9573444801937 0.07943282347242818 0.18532692278739124
630.9573444801937 0.06309573444801933 0.21549283581155584
630.9573444801937 0.05011872336272722 0.24745188127035087
630.9573444801937 0.039810717055349734 0.28110344197366827
630.9573444801937 0.03162277660168379 0.3163633247885786
630.9573444801937 0.025118864315095808 0.35315251071315
630.9573444801937 0.0199526231496888 0.39140041463171027
630.9573444801937 0.015848931924611134 0.4310422401782603
630.9573444801937 0.012589254117941675 0.4720198269073072
630.9573444801937 0.01 0.5142828697215724
630.9573444801937 0.00794328234724282 0.5577764328924436
630.9573444801937 0.006309573444801936 0.6024627981395864
630.9573444801937 0.005011872336272725 0.6483048084961356
630.9573444801937 0.003981071705534973 0.6952731392093316
630.9573444801937 0.0031622776601683794 0.7433449420989339
630.9573444801937 0.0025118864315095794 0.7925046685265422
630.9573444801937 0.0019952623149688807 0.8427447033105057
630.9573444801937 0.001584893192461114 0.8940666693492664
630.9573444801937 0.0012589254117941675 0.9464794484712236
630.9573444801937 0.001 1.0
794.3282347242822 1.0 0.0
794.3282347242822 0.7943282347242815 0.00425447624850932
794.3282347242822 0.6309573444801932 0.011744265038441483
794.3282347242822 0.5011872336272722 0.021566328183381035
794.3282347242822 0.3981071705534972 0.03378976587300672
794.3282347242822 0.31622776601683794 0.0484946816890122
794.3282347242822 0.251188643150958 0.06568573261023589
794.3282347242822 0.19952623149688797 0.0853156223267845
794.3282347242822 0.15848931924611137 0.1072907141555725
794.3282347242822 0.12589254117941676 0.13150031080717672
794.3282347242822 0.10000000000000002 0.15782391667531875
794.3282347242822 0.07943282347242818 0.18614306389231863
794.3282347242822 0.06309573444801933 0.21635055438188008
794.3282347242822 0.05011872336272722 0.24833249058905713
794.3282347242822 0.039810717055349734 0.2819973899617099
794.3282347242822 0.03162277660168379 0.31725917338731563
794.3282347242822 0.025118864315095808 0.3540406499719546
794.3282347242822 0.0199526231496888 0.39227217969841544
794.3282347242822 0.015848931924611134 0.4318913550859624
794.3282347242822 0.012589254117941675 0.4728401424606039
794.3282347242822 0.01 0.5150695164410709
794.3282347242822 0.00794328234724282 0.5585288150665315
794.3282347242822 0.006309573444801936 0.6031778738447362
794.3282347242822 0.005011872336272725 0.6489789962872036
794.3282347242822 0.003981071705534973 0.6959010208382621
794.3282347242822 0.0031622776601683794 0.743917630605999
794.3282347242822 0.0025118864315095794 0.793009329262755
794.3282347242822 0.0019952623149688807 0.843163817367369
794.3282347242822 0.001584893192461114 0.8943769570331359
794.3282347242822 0.0012589254117941675 0.9466519263177058
794.3282347242822 0.001 1.0
1000.0 1.0 0.0
1000.0 0.7943282347242815 0.004312174435568081
1000.0 0.6309573444801932 0.011876781770669313
1000.0 0.5011872336272722 0.021782935936966764
1000.0 0.3981071705534972 0.03409768889439905
1000.0 0.31622776601683794 0.04889699249387699
1000.0 0.251188643150958 0.06618615368197772
1000.0 0.19952623149688797 0.08591003608337792
1000.0 0.15848931924611137 0.10797478910490992
1000.0 0.12589254117941676 0.1322657911650474
1000.0 0.10000000000000002 0.1586603048295312
1000.0 0.07943282347242818 0.18704077512405687
1000.0 0.06309573444801933 0.217293759492983
1000.0 0.05011872336272722 0.24930834271535662
1000.0 0.039810717055349734 0.28299200927935475
1000.0 0.03162277660168379 0.31825912722177757
1000.0 0.025118864315095808 0.35503418534848463
1000.0 0.0199526231496888 0.393247341901083
1000.0 0.015848931924611134 0.4328377361494322
