src/nupyprop/models/ixc_tau_pn_ckmt_water.ecsv
# %ECSV 1.0
# ---
# datatype:
# - {name: energy, datatype: float64}
# - {name: y, datatype: float64}
# - {name: cdf_pn_ckmt, datatype: float64}
# meta: !!omap
# - {Description: Tau-nucleon cross-section CDF values for PN_CKMT in water}
# - {energy: 'Tau energy, in GeV'}
# - {y: Inelasticity; y = (E_initial-E_final)/E_initial}
# - {cdf: Cross-section CDF values for PN_CKMT in water}
# - {Note: 'The integrated cross-section CDF values should be integrated from y = 1, 10^(-0.1),...,10^(-3). This is a convention we chose
#     to adopt'}
# schema: astropy-2.0
energy y cdf_pn_ckmt
[from data line 1552]
100000.0 0.6309573444801932 0.0006623353253742815
100000.0 0.5011872336272722 0.0018122982976431625
100000.0 0.3981071705534972 0.003875194564542881
100000.0 0.31622776601683794 0.007208388570743017
100000.0 0.251188643150958 0.012198618836876592
100000.0 0.19952623149688797 0.019230738579323396
100000.0 0.15848931924611137 0.028663729076783894
100000.0 0.12589254117941676 0.040810292224433636
100000.0 0.10000000000000002 0.05592177139701632
100000.0 0.07943282347242818 0.07418042071405166
100000.0 0.06309573444801933 0.09570039144767042
100000.0 0.05011872336272722 0.12053631308329518
100000.0 0.039810717055349734 0.1486940814934611
100000.0 0.03162277660168379 0.1801425385347569
100000.0 0.025118864315095808 0.21482550981096926
100000.0 0.0199526231496888 0.252670323810471
100000.0 0.015848931924611134 0.29359577597102116
100000.0 0.012589254117941675 0.33751690095500664
100000.0 0.01 0.384349579993848
100000.0 0.00794328234724282 0.43401449865986513
100000.0 0.006309573444801936 0.4864385352232034
100000.0 0.005011872336272725 0.5415576658876572
100000.0 0.003981071705534973 0.599317419828128
100000.0 0.0031622776601683794 0.6596756538994007
100000.0 0.0025118864315095794 0.7226036038114168
100000.0 0.0019952623149688807 0.7880874931124052
100000.0 0.001584893192461114 0.8561300504132041
100000.0 0.0012589254117941675 0.9267532477236935
100000.0 0.001 1.0
125892.54117941688 1.0 0.0
125892.54117941688 0.7943282347242815 0.00013552491477926402
125892.54117941688 0.6309573444801932 0.0006835628076491388
125892.54117941688 0.5011872336272722 0.0018676531998187312
125892.54117941688 0.3981071705534972 0.003986159120548163
125892.54117941688 0.31622776601683794 0.007399605634632659
125892.54117941688 0.251188643150958 0.012495100233312803
125892.54117941688 0.19952623149688797 0.019655449528394767
125892.54117941688 0.15848931924611137 0.029235755249662886
125892.54117941688 0.12589254117941676 0.041543904311829624
125892.54117941688 0.10000000000000002 0.05682673571414593
125892.54117941688 0.07943282347242818 0.07526161042325903
125892.54117941688 0.06309573444801933 0.09695861470588238
125892.54117941688 0.05011872336272722 0.12196814526776639
125892.54117941688 0.039810717055349734 0.1502928402005773
125892.54117941688 0.03162277660168379 0.18189907700851968
125892.54117941688 0.025118864315095808 0.216726835361832
125892.54117941688 0.0199526231496888 0.2547009600770407
125892.54117941688 0.015848931924611134 0.2957366897711647
125892.54117941688 0.012589254117941675 0.33974548819483463
125892.54117941688 0.01 0.38663979912254876
125892.54117941688 0.00794328234724282 0.4363352908722428
125892.54117941688 0.006309573444801936 0.4887541140719487
125892.54117941688 0.005011872336272725 0.5438255687600098
125892.54117941688 0.003981071705534973 0.601488636011876
125892.54117941688 0.0031622776601683794 0.6616930550889933
125892.54117941688 0.0025118864315095794 0.7244005612182735
125892.54117941688 0.0019952623149688807 0.7895861779622724
125892.54117941688 0.001584893192461114 0.8572403854135466
125892.54117941688 0.0012589254117941675 0.9273696720703457
125892.54117941688 0.001 1.0
158489.3192461114 1.0 0.0
158489.3192461114 0.7943282347242815 0.00013989790602364602
158489.3192461114 0.6309573444801932 0.0007051559662419501
158489.3192461114 0.5011872336272722 0.001923699326398103
158489.3192461114 0.3981071705534972 0.004098161844766691
158489.3192461114 0.31622776601683794 0.007591791716859497
158489.3192461114 0.251188643150958 0.012791858406978555
158489.3192461114 0.19952623149688797 0.020078799163643156
158489.3192461114 0.15848931924611137 0.02980354514218984
158489.3192461114 0.12589254117941676 0.04226926151000121
158489.3192461114 0.10000000000000002 0.05771758848353237
158489.3192461114 0.07943282347242818 0.07632109083532326
158489.3192461114 0.06309573444801933 0.09818568876837429
158489.3192461114 0.05011872336272722 0.1233581264377022
158489.3192461114 0.039810717055349734 0.15183778496824193
158489.3192461114 0.03162277660168379 0.18358801897340568
158489.3192461114 0.025118864315095808 0.21854664861368045
158489.3192461114 0.0199526231496888 0.25663557924399655
158489.3192461114 0.015848931924611134 0.2977667129959773
158489.3192461114 0.012589254117941675 0.34184948020282846
158489.3192461114 0.01 0.38879231084026705
158489.3192461114 0.00794328234724282 0.4385075002781853
158489.3192461114 0.006309573444801936 0.49091223575975246
158489.3192461114 0.005011872336272725 0.5459310788851108
158489.3192461114 0.003981071705534973 0.6034971276208513
158489.3192461114 0.0031622776601683794 0.6635524156510639
158489.3192461114 0.0025118864315095794 0.7260507807517925
158489.3192461114 0.0019952623149688807 0.7909581205175937
158489.3192461114 0.001584893192461114 0.8582532033978552
158489.3192461114 0.0012589254117941675 0.9279303058230137
158489.3192461114 0.001 1.0
199526.2314968883 1.0 0.0
199526.2314968883 0.7943282347242815 0.00014437491889732594
199526.2314968883 0.6309573444801932 0.0007271295237656057
199526.2314968883 0.5011872336272722 0.001980530029841873
199526.2314968883 0.3981071705534972 0.004211325394951321
199526.2314968883 0.31622776601683794 0.007785232928633814
199526.2314968883 0.251188643150958 0.013089434787311475
199526.2314968883 0.19952623149688797 0.020501701970022598
199526.2314968883 0.15848931924611137 0.030368662562389157
199526.2314968883 0.12589254117941676 0.0429885054785328
199526.2314968883 0.10000000000000002 0.05859727267841817
199526.2314968883 0.07943282347242818 0.07736277439419013
199526.2314968883 0.06309573444801933 0.09938681237540853
199526.2314968883 0.05011872336272722 0.12471268871696636
199526.2314968883 0.039810717055349734 0.15333652740612497
199526.2314968883 0.03162277660168379 0.18521916936419686
199526.2314968883 0.025118864315095808 0.22029623916688934
199526.2314968883 0.0199526231496888 0.25848689981746764
199526.2314968883 0.015848931924611134 0.29970109623682867
199526.2314968883 0.012589254117941675 0.34384531573528226
199526.2314968883 0.01 0.39082551165112883
199526.2314968883 0.00794328234724282 0.4405503705488399
199526.2314968883 0.006309573444801936 0.4929332601455538
199526.2314968883 0.005011872336272725 0.547894435285567
199526.2314968883 0.003981071705534973 0.6053618129054189
199526.2314968883 0.0031622776601683794 0.6652723715456075
199526.2314968883 0.0025118864315095794 0.727571878827477
199526.2314968883 0.0019952623149688807 0.7922179280985371
199526.2314968883 0.001584893192461114 0.8591802917031518
199526.2314968883 0.0012589254117941675 0.92844171941185
199526.2314968883 0.001 1.0
251188.6431509582 1.0 0.0
251188.6431509582 0.7943282347242815 0.00014896343550364452
251188.6431509582 0.6309573444801932 0.0007495045810091826
251188.6431509582 0.5011872336272722 0.002038221704703044
251188.6431509582 0.3981071705534972 0.004325783382593936
251188.6431509582 0.31622776601683794 0.007980211573002815
251188.6431509582 0.251188643150958 0.013388339091598138
251188.6431509582 0.19952623149688797 0.020925040054818295
251188.6431509582 0.15848931924611137 0.030932492493191622
251188.6431509582 0.12589254117941676 0.04370332870006434
251188.6431509582 0.10000000000000002 0.05946816563044748
251188.6431509582 0.07943282347242818 0.07839001083333695
251188.6431509582 0.06309573444801933 0.10056646882253391
251188.6431509582 0.05011872336272722 0.12603748747720095
251188.6431509582 0.039810717055349734 0.1547963821043317
251188.6431509582 0.03162277660168379 0.18680141738285017
251188.6431509582 0.025118864315095808 0.22198573864271595
251188.6431509582 0.0199526231496888 0.2602670350955805
251188.6431509582 0.015848931924611134 0.30155312370847087
251188.6431509582 0.012589254117941675 0.3457480776030207
251188.6431509582 0.01 0.3927554500340448
251188.6431509582 0.00794328234724282 0.44248099632944754
251188.6431509582 0.006309573444801936 0.4948353274448362
251188.6431509582 0.005011872336272725 0.5497351944350855
251188.6431509582 0.003981071705534973 0.607103269828021
251188.6431509582 0.0031622776601683794 0.6668716712436938
251188.6431509582 0.0025118864315095794 0.7289805311587947
251188.6431509582 0.0019952623149688807 0.7933804975599841
251188.6431509582 0.001584893192461114 0.8600322442188258
251188.6431509582 0.0012589254117941675 0.9289100679885105
251188.6431509582 0.001 1.0
316227.7660168379 1.0 0.0
316227.7660168379 0.7943282347242815 0.00015366296013692338
316227.7660168379 0.6309573444801932 0.0007723065687873404
316227.7660168379 0.5011872336272722 0.002096826804619916
316227.7660168379 0.3981071705534972 0.004441673107394656
316227.7660168379 0.31622776601683794 0.008177001266325527
316227.7660168379 0.251188643150958 0.013689058979022796
316227.7660168379 0.19952623149688797 0.02134967344871743
316227.7660168379 0.15848931924611137 0.031496062403068806
316227.7660168379 0.12589254117941676 0.04441522425629437
316227.7660168379 0.10000000000000002 0.06033242733137195
316227.7660168379 0.07943282347242818 0.07940573482312446
316227.7660168379 0.06309573444801933 0.10172856859133955
316227.7660168379 0.05011872336272722 0.12733760923979365
316227.7660168379 0.039810717055349734 0.15622337220497337
316227.7660168379 0.03162277660168379 0.1883417014991884
316227.7660168379 0.025118864315095808 0.22362398564949265
316227.7660168379 0.0199526231496888 0.2619859484648125
316227.7660168379 0.015848931924611134 0.30333395026158977
316227.7660168379 0.012589254117941675 0.34756992883316773
316227.7660168379 0.01 0.39459529283667316
316227.7660168379 0.00794328234724282 0.4443138964678363
316227.7660168379 0.006309573444801936 0.4966336099456643
316227.7660168379 0.005011872336272725 0.5514677475851476
316227.7660168379 0.003981071705534973 0.6087356732382878
316227.7660168379 0.0031622776601683794 0.6683648702650844
316227.7660168379 0.0025118864315095794 0.7302906445522662
316227.7660168379 0.0019952623149688807 0.7944570293853379
316227.7660168379 0.001584893192461114 0.860818864105858
316227.7660168379 0.0012589254117941675 0.9293409254927187
316227.7660168379 0.001 1.0
398107.17055349774 1.0 0.0
398107.17055349774 0.7943282347242815 0.0001584758985103154
398107.17055349774 0.6309573444801932 0.0007955674323545574
398107.17055349774 0.5011872336272722 0.0021564093818706746
398107.17055349774 0.3981071705534972 0.00455914323850803
398107.17055349774 0.31622776601683794 0.008375884964187142
398107.17055349774 0.251188643150958 0.013992134077582392
398107.17055349774 0.19952623149688797 0.021776301472018953
398107.17055349774 0.15848931924611137 0.03206047290707353
398107.17055349774 0.12589254117941676 0.0451259243351658
398107.17055349774 0.10000000000000002 0.0611923991278603
398107.17055349774 0.07943282347242818 0.08041301807944785
398107.17055349774 0.06309573444801933 0.10287715337171828
398107.17055349774 0.05011872336272722 0.1286180295420922
398107.17055349774 0.039810717055349734 0.15762357295219706
398107.17055349774 0.03162277660168379 0.1898474548963866
398107.17055349774 0.025118864315095808 0.225219497946907
398107.17055349774 0.0199526231496888 0.26365372795902875
398107.17055349774 0.015848931924611134 0.3050548139313219
398107.17055349774 0.012589254117941675 0.3493232363578685
398107.17055349774 0.01 0.3963589040724812
398107.17055349774 0.00794328234724282 0.4460637629113914
398107.17055349774 0.006309573444801936 0.4983432254708943
398107.17055349774 0.005011872336272725 0.5531081377571954
398107.17055349774 0.003981071705534973 0.6102750179061482
398107.17055349774 0.0031622776601683794 0.6697672761600728
398107.17055349774 0.0025118864315095794 0.7315159877855069
398107.17055349774 0.0019952623149688807 0.7954604764023809
398107.17055349774 0.001584893192461114 0.8615489448246052
398107.17055349774 0.0012589254117941675 0.9297392792631876
398107.17055349774 0.001 1.0
501187.2336272725 1.0 0.0
501187.2336272725 0.7943282347242815 0.000163404776213335
501187.2336272725 0.6309573444801932 0.0008193063051162681
501187.2336272725 0.5011872336272722 0.0022170335604927505
501187.2336272725 0.3981071705534972 0.004678335951325829
501187.2336272725 0.31622776601683794 0.008577148240393786
501187.2336272725 0.251188643150958 0.014297984033246293
501187.2336272725 0.19952623149688797 0.022205579333400897
501187.2336272725 0.15848931924611137 0.032626737742240126
501187.2336272725 0.12589254117941676 0.0458368955120307
501187.2336272725 0.10000000000000002 0.06205011990559204
501187.2336272725 0.07943282347242818 0.08141465350804866
501187.2336272725 0.06309573444801933 0.10401571785515103
501187.2336272725 0.05011872336272722 0.1298831808627944
501187.2336272725 0.039810717055349734 0.15900248272150344
501187.2336272725 0.03162277660168379 0.19132542584333762
501187.2336272725 0.025118864315095808 0.22678006546871518
501187.2336272725 0.0199526231496888 0.26527894205752695
501187.2336272725 0.015848931924611134 0.30672547640875103
501187.2336272725 0.012589254117941675 0.3510190357248647
501187.2336272725 0.01 0.39805823472653784
501187.2336272725 0.00794328234724282 0.44774313196665133
501187.2336272725 0.006309573444801936 0.49997754681516987
501187.2336272725 0.005011872336272725 0.554670177466555
501187.2336272725 0.003981071705534973 0.6117347482370475
501187.2336272725 0.0031622776601683794 0.6710917859229075
501187.2336272725 0.0025118864315095794 0.7326687495672759
501187.2336272725 0.0019952623149688807 0.7964005621995592
501187.2336272725 0.001584893192461114 0.8622297689643271
501187.2336272725 0.0012589254117941675 0.9301092019139243
501187.2336272725 0.001 1.0
630957.3444801943 1.0 0.0
630957.3444801943 0.7943282347242815 0.0001684536030223498
630957.3444801943 0.6309573444801932 0.0008435436224765588
630957.3444801943 0.5011872336272722 0.0022787605004509857
630957.3444801943 0.3981071705534972 0.004799382682450121
630957.3444801943 0.31622776601683794 0.00878103051275721
630957.3444801943 0.251188643150958 0.01460696927875112
630957.3444801943 0.19952623149688797 0.022638087581456346
630957.3444801943 0.15848931924611137 0.033195740533944605
630957.3444801943 0.12589254117941676 0.046549371504380044
630957.3444801943 0.10000000000000002 0.06290732036943089
630957.3444801943 0.07943282347242818 0.08241289825580689
630957.3444801943 0.06309573444801933 0.10514715710651772
630957.3444801943 0.05011872336272722 0.1311367756580222
630957.3444801943 0.039810717055349734 0.16036475401334208
630957.3444801943 0.03162277660168379 0.1927809283739185
630957.3444801943 0.025118864315095808 0.2283118380603193
630957.3444801943 0.0199526231496888 0.266868774223635
630957.3444801943 0.015848931924611134 0.30835423465940404
630957.3444801943 0.012589254117941675 0.3526665018306934
630957.3444801943 0.01 0.39970296617346535
630957.3444801943 0.00794328234724282 0.4493625488949632
630957.3444801943 0.006309573444801936 0.5015476578128203
630957.3444801943 0.005011872336272725 0.5561648040668395
630957.3444801943 0.003981071705534973 0.6131259727885372
630957.3444801943 0.0031622776601683794 0.6723491299687729
630957.3444801943 0.0025118864315095794 0.7337586116776796
630957.3444801943 0.0019952623149688807 0.7972857344608495
630957.3444801943 0.001584893192461114 0.8628690668663025
630957.3444801943 0.0012589254117941675 0.9304554476099584
630957.3444801943 0.001 1.0
794328.2347242822 1.0 0.0
794328.2347242822 0.7943282347242815 0.00017362803613453644
794328.2347242822 0.6309573444801932 0.0008683023298869533
794328.2347242822 0.5011872336272722 0.0023416549087642924
794328.2347242822 0.3981071705534972 0.00492242884362945
794328.2347242822 0.31622776601683794 0.008987754028048332
794328.2347242822 0.251188643150958 0.014919467215756817
794328.2347242822 0.19952623149688797 0.023074414292145514
794328.2347242822 0.15848931924611137 0.0337683426910151
794328.2347242822 0.12589254117941676 0.047264600373842953
794328.2347242822 0.10000000000000002 0.06376572429134934
794328.2347242822 0.07943282347242818 0.08340999223479084
794328.2347242822 0.06309573444801933 0.10627436944543049
