src/nupyprop/models/ixc_neutrino_ctw.ecsv
# %ECSV 0.9
# ---
# datatype:
# - {name: energy, datatype: float64}
# - {name: y, datatype: float64}
# - {name: cc_cdf_ctw, datatype: float64}
# - {name: nc_cdf_ctw, datatype: float64}
# meta: !!omap
# - {Description: Neutrino-nucleon cross-section CDF values for CTW}
# - {energy: 'Neutrino energy, in GeV'}
# - {y: 'Inelasticity, y = (E_init-E_final)/E_initial.'}
# - {cc_cdf: Charged current cross-section CDF value}
# - {nc_cdf: Neutral current cross-section CDF value}
# - {Note: 'The integrated cross-section CDF values should be integrated from y = 0, 10^(-0.1),...,10^(-3). This is a convention we chose
#     to adopt'}
# schema: astropy-2.0
energy y cc_cdf_ctw nc_cdf_ctw
[from data line 888]
630957.3444801943 0.01 0.950857787478386 0.9458170096071915
630957.3444801943 0.00794328234724282 0.961489550733759 0.957436452413506
630957.3444801943 0.006309573444801936 0.9701734135675993 0.9669675926090181
630957.3444801943 0.005011872336272725 0.9772297398407107 0.9747401599116736
630957.3444801943 0.003981071705534973 0.9829389939862206 0.9810476412092691
630957.3444801943 0.0031622776601683794 0.9875420062256889 0.986145430357244
630957.3444801943 0.0025118864315095794 0.9912423804981292 0.9902517710839063
630957.3444801943 0.0019952623149688807 0.9942101093180389 0.9935504555482628
630957.3444801943 0.001584893192461114 0.9965857048016837 0.9961944562891437
630957.3444801943 0.0012589254117941675 0.9984843805135737 0.9983099006386605
630957.3444801943 0.001 1.0 1.0
794328.2347242822 0.0 0.0 0.0
794328.2347242822 0.7943282347242815 0.07393649639863897 0.07086240465829663
794328.2347242822 0.6309573444801932 0.14677104387868056 0.14082016202784653
794328.2347242822 0.5011872336272722 0.21826433269496937 0.20967148115258327
794328.2347242822 0.3981071705534972 0.28813796613114206 0.2771788465557946
794328.2347242822 0.31622776601683794 0.35607436338993004 0.3430673393037218
794328.2347242822 0.251188643150958 0.4217199690536415 0.40702530640611867
794328.2347242822 0.19952623149688797 0.4846929617254224 0.4687084899658541
794328.2347242822 0.15848931924611137 0.5445964378203303 0.5277487236018834
794328.2347242822 0.12589254117941676 0.6010374237798006 0.583768001311343
794328.2347242822 0.10000000000000002 0.6536509884125112 0.6363980105037279
794328.2347242822 0.07943282347242818 0.7021273103681562 0.6853040837342727
794328.2347242822 0.06309573444801933 0.7462381669866975 0.7302111410098294
794328.2347242822 0.05011872336272722 0.7858584953937056 0.7709279716653694
794328.2347242822 0.039810717055349734 0.8209789415857607 0.8073656767933176
794328.2347242822 0.03162277660168379 0.8517068198665624 0.8395466786949181
794328.2347242822 0.025118864315095808 0.8782552798319108 0.8676024224981917
794328.2347242822 0.0199526231496888 0.9009229236596704 0.8917602553647466
794328.2347242822 0.015848931924611134 0.9200677992987377 0.9123221598777592
794328.2347242822 0.012589254117941675 0.9360801584682841 0.9296393153996918
794328.2347242822 0.01 0.9493576954251847 0.9440865718092233
794328.2347242822 0.00794328234724282 0.9602856456664058 0.9560400508863295
794328.2347242822 0.006309573444801936 0.9692226810900091 0.9658597428857806
794328.2347242822 0.005011872336272725 0.9764923894947919 0.9738776448931378
794328.2347242822 0.003981071705534973 0.9823794311530122 0.9803910107299224
794328.2347242822 0.0031622776601683794 0.9871291921220213 0.9856597422250061
794328.2347242822 0.0025118864315095794 0.9909497781567076 0.9899067845712726
794328.2347242822 0.0019952623149688807 0.9940153777409476 0.9933204662203967
794328.2347242822 0.001584893192461114 0.9964702619169256 0.9960579220284209
794328.2347242822 0.0012589254117941675 0.9984329176244581 0.9982489674241518
794328.2347242822 0.001 1.0 1.0
1000000.0 0.0 0.0 0.0
1000000.0 0.7943282347242815 0.0729879382694808 0.06993428786358602
1000000.0 0.6309573444801932 0.14493750377832215 0.13901861665674886
1000000.0 0.5011872336272722 0.21562125904707652 0.20706195437793729
1000000.0 0.3981071705534972 0.2847736304830989 0.27383869973112906
1000000.0 0.31622776601683794 0.3520902581213792 0.3390866415314542
1000000.0 0.251188643150958 0.41723034578156926 0.40250699980925975
1000000.0 0.19952623149688797 0.47982319127603423 0.46376761628876173
1000000.0 0.15848931924611137 0.5394799338650627 0.5225104063613556
1000000.0 0.12589254117941676 0.5958110386860189 0.578363965307354
1000000.0 0.10000000000000002 0.648449068563179 0.6309616174014195
1000000.0 0.07943282347242818 0.6970749487518523 0.6799641645156138
1000000.0 0.06309573444801933 0.74144451539574 0.7250852573160598
1000000.0 0.05011872336272722 0.7814111647475308 0.7661160279481816
1000000.0 0.039810717055349734 0.8169404199681052 0.802944902658356
1000000.0 0.03162277660168379 0.8481134619356441 0.8355688204008538
1000000.0 0.025118864315095808 0.8751188792311335 0.8640935468406084
1000000.0 0.0199526231496888 0.8982343603143655 0.8887230173702149
1000000.0 0.015848931924611134 0.9178019265362554 0.9097399101195043
1000000.0 0.012589254117941675 0.9342010327593867 0.9274811709860629
1000000.0 0.01 0.9478234125658045 0.9423125852740322
1000000.0 0.00794328234724282 0.9590523228247235 0.954605816692984
1000000.0 0.006309573444801936 0.9682474037290156 0.9647200672694003
1000000.0 0.005011872336272725 0.975735155370566 0.97298916970358
1000000.0 0.003981071705534973 0.9818042481139218 0.9797138697252283
1000000.0 0.0031622776601683794 0.9867045336106149 0.9851584281694434
1000000.0 0.0025118864315095794 0.990648595434235 0.9895504346630893
1000000.0 0.0019952623149688807 0.993814835982601 0.9930827581278019
1000000.0 0.001584893192461114 0.9963513268272363 0.9959167366715771
1000000.0 0.0012589254117941675 0.9983798808318396 0.998185933730877
1000000.0 0.001 1.0 1.0
1258925.411794166 0.0 0.0 0.0
1258925.411794166 0.7943282347242815 0.07206616146511147 0.06903139089371713
1258925.411794166 0.6309573444801932 0.14315341064072395 0.13726391559489282
1258925.411794166 0.5011872336272722 0.2130455993323893 0.20451673956220828
1258925.411794166 0.3981071705534972 0.2814894449874348 0.27057563134811746
1258925.411794166 0.31622776601683794 0.3481933991957332 0.33519061859582977
1258925.411794166 0.251188643150958 0.41282922739438976 0.3980754785099807
1258925.411794166 0.19952623149688797 0.4750374559194892 0.458910081537263
1258925.411794166 0.15848931924611137 0.5344377649572832 0.5173466914776796
1258925.411794166 0.12589254117941676 0.5906449856769816 0.5730211794053871
1258925.411794166 0.10000000000000002 0.6432905015566619 0.6255696073629056
1258925.411794166 0.07943282347242818 0.6920475922150623 0.6746497131880054
1258925.411794166 0.06309573444801933 0.7366578425155359 0.7199655595628538
1258925.411794166 0.05011872336272722 0.7769546395306851 0.7612922939805702
1258925.411794166 0.039810717055349734 0.8128795377752414 0.7984970852560016
1258925.411794166 0.03162277660168379 0.8444882249430924 0.8315523494130199
1258925.411794166 0.025118864315095808 0.8719448350433348 0.8605385758539085
1258925.411794166 0.0199526231496888 0.8955058041799416 0.8856361572765272
1258925.411794166 0.015848931924611134 0.9154964986050778 0.9071079270318304
1258925.411794166 0.012589254117941675 0.9322848261899377 0.9252758233563667
1258925.411794166 0.01 0.9462558268653263 0.9404957305698458
1258925.411794166 0.00794328234724282 0.9577901520763448 0.9531340856756805
1258925.411794166 0.006309573444801936 0.9672479291272438 0.9635486762438694
1258925.411794166 0.005011872336272725 0.9749582368922447 0.9720747117086701
1258925.411794166 0.003981071705534973 0.9812135501206483 0.9790161286692024
1258925.411794166 0.0031622776601683794 0.9862680794237677 0.9846413761124437
1258925.411794166 0.0025118864315095794 0.9903388496794061 0.9891826142384329
1258925.411794166 0.0019952623149688807 0.993608486096052 0.9928372445558583
1258925.411794166 0.001584893192461114 0.9962288961218064 0.9957708412362813
1258925.411794166 0.0012589254117941675 0.9983252669305557 0.998120770491318
1258925.411794166 0.001 1.0 1.0
1584893.1924611141 0.0 0.0 0.0
1584893.1924611141 0.7943282347242815 0.07117074542297663 0.06815328642678986
1584893.1924611141 0.6309573444801932 0.14141818211139623 0.13555543491880218
1584893.1924611141 0.5011872336272722 0.21053688419616035 0.20203526651040593
1584893.1924611141 0.3981071705534972 0.2782853300590874 0.26738938449215666
1584893.1924611141 0.31622776601683794 0.3443843550573211 0.33137957923032524
1584893.1924611141 0.251188643150958 0.40851804378789347 0.39373183937035094
1584893.1924611141 0.19952623149688797 0.47033818614414424 0.4541379356209412
1584893.1924611141 0.15848931924611137 0.5294733998381396 0.5122606603332232
1584893.1924611141 0.12589254117941676 0.5855436905593775 0.5677437245849227
1584893.1924611141 0.10000000000000002 0.6381804706159375 0.6202269082592682
1584893.1924611141 0.07943282347242818 0.6870508863495502 0.66936624112933
1584893.1924611141 0.06309573444801933 0.731883910068321 0.7148578023401588
1584893.1924611141 0.05011872336272722 0.7724944561548681 0.7564624030766884
1584893.1924611141 0.039810717055349734 0.8088013225524464 0.7940274071590864
1584893.1924611141 0.03162277660168379 0.8408354379369739 0.8275017526930905
1584893.1924611141 0.025118864315095808 0.8687366935138209 0.8569411674836913
1584893.1924611141 0.0199526231496888 0.8927400279896185 0.8825024817986712
1584893.1924611141 0.015848931924611134 0.9131535912182904 0.9044282327884048
1584893.1924611141 0.012589254117941675 0.9303330306307992 0.9230246323720299
1584893.1924611141 0.01 0.9446559698332093 0.938636849756999
1584893.1924611141 0.00794328234724282 0.9564998201483073 0.9516253231590069
1584893.1924611141 0.006309573444801936 0.9662246971804674 0.9623457804229585
1584893.1924611141 0.005011872336272725 0.9741619043469175 0.9711343233090243
1584893.1924611141 0.003981071705534973 0.9806074954044396 0.9782977526192004
1584893.1924611141 0.0031622776601683794 0.9858199167047963 0.984108512432183
1584893.1924611141 0.0025118864315095794 0.9900205849828355 0.9888032421940361
1584893.1924611141 0.0019952623149688807 0.9933963476278331 0.9925838553468019
1584893.1924611141 0.001584893192461114 0.9961029765981851 0.9956201861566807
1584893.1924611141 0.0012589254117941675 0.9982690772029622 0.9980534526818357
1584893.1924611141 0.001 1.0 1.0
1995262.3149688828 0.0 0.0 0.0
1995262.3149688828 0.7943282347242815 0.07030126293969785 0.06729954542622174
1995262.3149688828 0.6309573444801932 0.13973120801500438 0.13389253379018518
1995262.3149688828 0.5011872336272722 0.20809458220958765 0.19961692017890498
1995262.3149688828 0.3981071705534972 0.2751610999555173 0.26427961897758545
1995262.3149688828 0.31622776601683794 0.3406635393937075 0.3276537041122699
1995262.3149688828 0.251188643150958 0.4042980243026498 0.3894770062141869
1995262.3149688828 0.19952623149688797 0.4657275775299665 0.44945301813127136
1995262.3149688828 0.15848931924611137 0.5245900579731064 0.5072551630492945
1995262.3149688828 0.12589254117941676 0.580511341846002 0.5625354535670037
1995262.3149688828 0.10000000000000002 0.6331239619981879 0.6149382509814875
1995262.3149688828 0.07943282347242818 0.6820903446728019 0.6641191213143884
1995262.3149688828 0.06309573444801933 0.727128427836241 0.7097676806141715
1995262.3149688828 0.05011872336272722 0.7680361818037473 0.7516320158639601
1995262.3149688828 0.039810717055349734 0.8047109053655424 0.7895411594422987
1995262.3149688828 0.03162277660168379 0.8371595871737154 0.8234216892617158
1995262.3149688828 0.025118864315095808 0.8654981888878206 0.8533051908336189
1995262.3149688828 0.0199526231496888 0.8899400016136366 0.8793250226619981
1995262.3149688828 0.015848931924611134 0.9107754693598437 0.9017030672876105
1995262.3149688828 0.012589254117941675 0.9283473082949207 0.9207291538690067
1995262.3149688828 0.01 0.9430250188613029 0.936736951564881
1995262.3149688828 0.00794328234724282 0.9551821338733878 0.95008012988298
1995262.3149688828 0.006309573444801936 0.9651782434928661 0.9611116963589864
1995262.3149688828 0.005011872336272725 0.9733465021171649 0.9701681371095119
1995262.3149688828 0.003981071705534973 0.9799862979575733 0.9775587655081047
1995262.3149688828 0.0031622776601683794 0.9853601732468882 0.9835598053226805
1995262.3149688828 0.0025118864315095794 0.9896938738652329 0.9884122659197542
1995262.3149688828 0.0019952623149688807 0.9931784587927952 0.99232253858932
1995262.3149688828 0.001584893192461114 0.9959735859819181 0.995464732301462
1995262.3149688828 0.0012589254117941675 0.998211317747606 0.9979839597812216
1995262.3149688828 0.001 1.0 1.0
2511886.4315095823 0.0 0.0 0.0
2511886.4315095823 0.7943282347242815 0.06945728155896569 0.06646973831805447
2511886.4315095823 0.6309573444801932 0.1380918536862703 0.13227455739807126
2511886.4315095823 0.5011872336272722 0.20571810534464108 0.19726104570088532
2511886.4315095823 0.3981071705534972 0.2721164700894728 0.26124591835991107
2511886.4315095823 0.31622776601683794 0.33703121935648106 0.3240130542145375
2511886.4315095823 0.251188643150958 0.4001702052819647 0.38531173824665366
2511886.4315095823 0.19952623149688797 0.4612075955870495 0.44485696499274796
2511886.4315095823 0.15848931924611137 0.5197907095012484 0.5023328212261171
2511886.4315095823 0.12589254117941676 0.5755518840909846 0.5573999876701725
2511886.4315095823 0.10000000000000002 0.6281257510342357 0.6097081592217455
2511886.4315095823 0.07943282347242818 0.6771713281313468 0.6589135711605386
2511886.4315095823 0.06309573444801933 0.7223970288015598 0.7047008073228935
2511886.4315095823 0.05011872336272722 0.763585388276919 0.7468067955617879
2511886.4315095823 0.039810717055349734 0.8006134964784364 0.7850437180538673
2511886.4315095823 0.03162277660168379 0.8334652960265045 0.8193169706072457
2511886.4315095823 0.025118864315095808 0.8622332287660027 0.8496347123764962
2511886.4315095823 0.0199526231496888 0.8871088828997333 0.8761070289797542
2511886.4315095823 0.015848931924611134 0.9083645828036646 0.8989348859154704
2511886.4315095823 0.012589254117941675 0.9263294907296554 0.9183911413916148
2511886.4315095823 0.01 0.9413642984582925 0.9347972155560436
2511886.4315095823 0.00794328234724282 0.9538380226325787 0.9484992472730338
2511886.4315095823 0.006309573444801936 0.9641092022710487 0.959846851957042
2511886.4315095823 0.005011872336272725 0.9725124515356184 0.9691763708800099
2511886.4315095823 0.003981071705534973 0.9793502300683367 0.9767992543452247
2511886.4315095823 0.0031622776601683794 0.9848890195765239 0.9829952681286577
2511886.4315095823 0.0025118864315095794 0.9893588188714781 0.9880096637817802
2511886.4315095823 0.0019952623149688807 0.9929548775952994 0.992053262327031
2511886.4315095823 0.001584893192461114 0.9958407536187773 0.9953044520096611
2511886.4315095823 0.0012589254117941675 0.9981519997972788 0.9979122762394893
2511886.4315095823 0.001 1.0 1.0
3162277.6601683795 0.0 0.0 0.0
3162277.6601683795 0.7943282347242815 0.0686383647874621 0.06566343601063684
3162277.6601683795 0.6309573444801932 0.13649946297391946 0.13070083958911638
3162277.6601683795 0.5011872336272722 0.20340681402831007 0.1949669529865833
3162277.6601683795 0.3981071705534972 0.2691510639381175 0.25828779649559896
3162277.6601683795 0.31622776601683794 0.33348752354760747 0.32045757880824766
3162277.6601683795 0.251188643150958 0.3961354377320744 0.381236638387477
3162277.6601683795 0.19952623149688797 0.45677998116785345 0.4403512154409278
3162277.6601683795 0.15848931924611137 0.5150780762706723 0.4974960315092605
3162277.6601683795 0.12589254117941676 0.5706690127184788 0.5523407149535806
3162277.6601683795 0.10000000000000002 0.6231903898055708 0.6045409408023208
3162277.6601683795 0.07943282347242818 0.6722990260175352 0.6537546368398105
3162277.6601683795 0.06309573444801933 0.7176952451140136 0.6996626919647502
3162277.6601683795 0.05011872336272722 0.7591476258435024 0.7419923834713078
3162277.6601683795 0.039810717055349734 0.7965143601991231 0.7805405195071653
3162277.6601683795 0.03162277660168379 0.8297573033953537 0.8151925396484904
3162277.6601683795 0.025118864315095808 0.8589458775843196 0.8459339802501729
3162277.6601683795 0.0199526231496888 0.8842500065592143 0.8728519575942832
3162277.6601683795 0.015848931924611134 0.9059235598287787 0.896126355439107
3162277.6601683795 0.012589254117941675 0.9242815762852987 0.916012546393913
3162277.6601683795 0.01 0.9396752802814317 0.9328189951473428
3162277.6601683795 0.00794328234724282 0.9524685398971889 0.9468835619262077
3162277.6601683795 0.006309573444801936 0.9630183085718351 0.958551791393357
