src/nupyprop/models/ixc_anti_neutrino_ctw.ecsv
# %ECSV 1.0
# ---
# datatype:
# - {name: energy, datatype: float64}
# - {name: y, datatype: float64}
# - {name: cc_cdf_ctw, datatype: float64}
# - {name: nc_cdf_ctw, datatype: float64}
# meta: !!omap
# - {Description: Anti_neutrino-nucleon cross-section CDF values for CTW}
# - {energy: 'Anti_neutrino energy, in GeV'}
# - {y: Inelasticity; y = (E_initial-E_final)/E_initial}
# - {cc_cdf_ctw: Charged current cross-section CDF values for CTW}
# - {nc_cdf_ctw: Neutral current cross-section CDF values for CTW}
# - {Note: 'The integrated cross-section CDF values should be integrated from y = 1, 10^(-0.1),...,10^(-3). This is a convention we chose
#     to adopt'}
# schema: astropy-2.0
energy y cc_cdf_ctw nc_cdf_ctw
1000.0 1.0 1.0 1.0
1000.0 0.7943282347242815 0.09967938657323194 0.11006960208603378
1000.0 0.6309573444801932 0.1954826729529806 0.21449654939232565
1000.0 0.5011872336272722 0.2868159459527453 0.31259426340347873
1000.0 0.3981071705534972 0.3730833329255293 0.4037394432860496
1000.0 0.31622776601683794 0.45372159601958806 0.4874204622121243
1000.0 0.251188643150958 0.5282401807419044 0.5632825833353448
1000.0 0.19952623149688797 0.5962618728607059 0.631162200126077
1000.0 0.15848931924611137 0.6575576962600748 0.6911034225233805
1000.0 0.12589254117941676 0.7120696303113968 0.7433535558610416
1000.0 0.10000000000000002 0.7599165497202235 0.7883384273211871
1000.0 0.07943282347242818 0.8013821343983175 0.8266225898995365
1000.0 0.06309573444801933 0.8368872769634578 0.8588618304631644
1000.0 0.05011872336272722 0.866952425689112 0.8857555912744209
1000.0 0.039810717055349734 0.8921564712478464 0.9080052778519261
1000.0 0.03162277660168379 0.9130981455172744 0.9262819080003
1000.0 0.025118864315095808 0.9303640555534219 0.9412040975045821
1000.0 0.0199526231496888 0.9445052752845078 0.953325564578225
1000.0 0.015848931924611134 0.9560225434612695 0.9631303366059565
1000.0 0.012589254117941675 0.9653588971742292 0.9710335373959141
1000.0 0.01 0.9728980166800805 0.9773857817746896
1000.0 0.00794328234724282 0.97896650297739 0.982479575567409
1000.0 0.006309573444801936 0.9838385448535935 0.9865565462478701
1000.0 0.005011872336272725 0.9877417830880002 0.9898147179759909
1000.0 0.003981071705534973 0.9908635338253756 0.9924153546677918
1000.0 0.0031622776601683794 0.9933568342104612 0.994489120346923
1000.0 0.0025118864315095794 0.9953460029236478 0.9961414581466407
1000.0 0.0019952623149688807 0.9969315693845533 0.9974571844076704
1000.0 0.001584893192461114 0.9981945303678175 0.9985043485057116
1000.0 0.0012589254117941675 0.9991999558645643 0.9993374357482666
1000.0 0.001 1.0 1.0
1258.9254117941675 1.0 1.0 1.0
1258.9254117941675 0.7943282347242815 0.09807113126475098 0.10832006048055887
1258.9254117941675 0.6309573444801932 0.19250423815369355 0.21132318042580223
1258.9254117941675 0.5011872336272722 0.28272500094685593 0.30833325278222845
1258.9254117941675 0.3981071705534972 0.36814990199280895 0.39872429169753665
1258.9254117941675 0.31622776601683794 0.4482181304506502 0.48196716721796107
1258.9254117941675 0.251188643150958 0.5224296674512654 0.5576750607192764
1258.9254117941675 0.19952623149688797 0.5903853314156822 0.6256401245331267
1258.9254117941675 0.15848931924611137 0.6518228403670625 0.6858543713437928
1258.9254117941675 0.12589254117941676 0.7066424744264765 0.7385104935169292
1258.9254117941675 0.10000000000000002 0.7549172407530015 0.7839824391537403
1258.9254117941675 0.07943282347242818 0.7968854095482514 0.8227897587043895
1258.9254117941675 0.06309573444801933 0.8329269921928003 0.8555525610818291
1258.9254117941675 0.05011872336272722 0.8635288899375421 0.8829446298214865
1258.9254117941675 0.039810717055349734 0.8892450480828316 0.9056510261588361
1258.9254117941675 0.03162277660168379 0.9106577344222191 0.9243341773484699
1258.9254117941675 0.025118864315095808 0.928344479926085 0.939609972211315
1258.9254117941675 0.0199526231496888 0.9428530866306947 0.9520334350935941
1258.9254117941675 0.015848931924611134 0.9546851557024256 0.9620923832102143
1258.9254117941675 0.012589254117941675 0.9642872280297891 0.9702070268571996
1258.9254117941675 0.01 0.9720479377400465 0.9767335290233785
1258.9254117941675 0.00794328234724282 0.9782994230833789 0.9819698659154041
1258.9254117941675 0.006309573444801936 0.9833214156974759 0.9861627430246896
1258.9254117941675 0.005011872336272725 0.9873467558988087 0.9895147139443089
1258.9254117941675 0.003981071705534973 0.9905674334383724 0.9921909711509699
1258.9254117941675 0.0031622776601683794 0.9931405626597152 0.994325517302961
1258.9254117941675 0.0025118864315095794 0.9951939426774759 0.996026590002292
1258.9254117941675 0.0019952623149688807 0.9968310261689671 0.9973813177619553
1258.9254117941675 0.001584893192461114 0.9981352351963527 0.9984596462153951
1258.9254117941675 0.0012589254117941675 0.9991736330076045 0.9993176052144698
1258.9254117941675 0.001 1.0 1.0
1584.893192461114 1.0 1.0 1.0
1584.893192461114 0.7943282347242815 0.09649135435562906 0.10659519809692264
1584.893192461114 0.6309573444801932 0.18956958077771113 0.2081832353894819
1584.893192461114 0.5011872336272722 0.27868054347235105 0.30410064209840226
1584.893192461114 0.3981071705534972 0.36325454695749304 0.39372192867640243
1584.893192461114 0.31622776601683794 0.4427355524351956 0.47650435804694047
1584.893192461114 0.251188643150958 0.5166171281466703 0.5520331498613325
1584.893192461114 0.19952623149688797 0.5844815342430387 0.6200599832704505
1584.893192461114 0.15848931924611137 0.6460364815501809 0.6805276800710502
1584.893192461114 0.12589254117941676 0.7011432668221562 0.7335760608966153
1584.893192461114 0.10000000000000002 0.7498308171040536 0.7795277389338686
1584.893192461114 0.07943282347242818 0.7922927239864748 0.8188568173276244
1584.893192461114 0.06309573444801933 0.828867894286333 0.8521466389599024
1584.893192461114 0.05011872336272722 0.8600087711053342 0.8800439608909963
1584.893192461114 0.039810717055349734 0.8862430832442645 0.9032161457279648
1584.893192461114 0.03162277660168379 0.9081352980164892 0.9223158734639226
1584.893192461114 0.025118864315095808 0.9262526755264767 0.9379554269893783
1584.893192461114 0.0199526231496888 0.9411388003615377 0.9506905395052145
1584.893192461114 0.015848931924611134 0.9532954660979309 0.9610124629514405
1584.893192461114 0.012589254117941675 0.9631722973310972 0.9693463248124125
1584.893192461114 0.01 0.9711626616920683 0.9760537965807307
1584.893192461114 0.00794328234724282 0.977604158796736 0.9814383674028262
1584.893192461114 0.006309573444801936 0.9827820824152609 0.9857519095605294
1584.893192461114 0.005011872336272725 0.9869345479261421 0.9892016159060872
1584.893192461114 0.003981071705534973 0.9902583223677797 0.9919567220588477
1584.893192461114 0.0031622776601683794 0.9929147103680444 0.9941546789486185
1584.893192461114 0.0025118864315095794 0.9950351024092989 0.9959066182091711
1584.893192461114 0.0019952623149688807 0.9967259767794324 0.9973020678637512
1584.893192461114 0.001584893192461114 0.9980732715959078 0.9984129445833232
1584.893192461114 0.0012589254117941675 0.9991461216882499 0.9992968856760329
1584.893192461114 0.001 1.0 1.0
1995.2623149688789 1.0 1.0 1.0
1995.2623149688789 0.7943282347242815 0.09494043930447948 0.10489598092698105
1995.2623149688789 0.6309573444801932 0.18667999574660776 0.20507906218900418
1995.2623149688789 0.5011872336272722 0.2746851149723021 0.2999002640722168
1995.2623149688789 0.3981071705534972 0.3584011485284466 0.38873746062188197
1995.2623149688789 0.31622776601683794 0.4372789164728391 0.47103794843437174
1995.2623149688789 0.251188643150958 0.5108083987032436 0.5463629620343068
1995.2623149688789 0.19952623149688797 0.5785565590716844 0.6144274695485422
1995.2623149688789 0.15848931924611137 0.640204365307091 0.6751281275607107
1995.2623149688789 0.12589254117941676 0.6955769273955454 0.7285538243402323
1995.2623149688789 0.10000000000000002 0.7446610458752221 0.7749765983102676
1995.2623149688789 0.07943282347242818 0.7876065656963636 0.8148248416268292
1995.2623149688789 0.06309573444801933 0.824711249473558 0.8486441598000367
1995.2623149688789 0.05011872336272722 0.856392301927391 0.8770529641851652
1995.2623149688789 0.039810717055349734 0.8831500301701121 0.9006995587056027
1995.2623149688789 0.03162277660168379 0.9055297733207713 0.9202256804612862
1995.2623149688789 0.025118864315095808 0.9240872955281668 0.9362390748472501
1995.2623149688789 0.0199526231496888 0.9393609687764782 0.9492955342222285
1995.2623149688789 0.015848931924611134 0.9518520556740838 0.9598893455269569
1995.2623149688789 0.012589254117941675 0.9620127968009142 0.968450350061547
1995.2623149688789 0.01 0.9702410352554385 0.9753456643727153
1995.2623149688789 0.00794328234724282 0.9768797290442405 0.9808843178898287
1995.2623149688789 0.006309573444801936 0.9822197355260627 0.985323429708958
1995.2623149688789 0.005011872336272725 0.9865045100626381 0.988874937526854
1995.2623149688789 0.003981071705534973 0.9899356952284525 0.9917122333743227
1995.2623149688789 0.0031622776601683794 0.9926788970280013 0.9939763265362623
1995.2623149688789 0.0025118864315095794 0.9948692083722322 0.9957813436410975
1995.2623149688789 0.0019952623149688807 0.9966162368281529 0.9972193013879367
1995.2623149688789 0.001584893192461114 0.9980085292205513 0.9983641641980292
1995.2623149688789 0.0012589254117941675 0.9991173723501415 0.9992752416023379
1995.2623149688789 0.001 1.0 1.0
2511.88643150958 1.0 1.0 1.0
2511.88643150958 0.7943282347242815 0.09341868702804013 0.10322326938549853
2511.88643150958 0.6309573444801932 0.18383661614912739 0.20201282856928127
2511.88643150958 0.5011872336272722 0.27074103906673963 0.29573574719616413
2511.88643150958 0.3981071705534972 0.3535933539103123 0.38377582391382614
2511.88643150958 0.31622776601683794 0.4318530770724871 0.465573767209979
2511.88643150958 0.251188643150958 0.5050091946341544 0.540670638630826
2511.88643150958 0.19952623149688797 0.5726164735446544 0.6087484236300087
2511.88643150958 0.15848931924611137 0.6343323442036926 0.66966073275026
2511.88643150958 0.12589254117941676 0.6899485825353892 0.7234476434794521
2511.88643150958 0.10000000000000002 0.7394119645791131 0.7703315925699208
2511.88643150958 0.07943282347242818 0.7828297150247798 0.8106951862515837
2511.88643150958 0.06309573444801933 0.820458600907662 0.8450454512719036
2511.88643150958 0.05011872336272722 0.8526799508545982 0.8739711960712337
2511.88643150958 0.039810717055349734 0.8799655245729052 0.898100310511679
2511.88643150958 0.03162277660168379 0.9028402253981194 0.9180623603848651
2511.88643150958 0.025118864315095808 0.9218470735954677 0.9344595717986155
2511.88643150958 0.0199526231496888 0.9375181872695738 0.9478470939540515
2511.88643150958 0.015848931924611134 0.9503535217886179 0.9587218028895327
2511.88643150958 0.012589254117941675 0.9608074170861456 0.9675180142608424
2511.88643150958 0.01 0.9692818940205029 0.9746082004968513
2511.88643150958 0.00794328234724282 0.9761251368669112 0.9803069418370911
2511.88643150958 0.006309573444801936 0.9816335484303754 0.9848766742579633
2511.88643150958 0.005011872336272725 0.986055977002874 0.9885341807946747
2511.88643150958 0.003981071705534973 0.9895990325317939 0.9914571212817431
2511.88643150958 0.0031622776601683794 0.9924327308429114 0.9937901735381898
2511.88643150958 0.0025118864315095794 0.994695978054884 0.9956505613461244
2511.88643150958 0.0019952623149688807 0.9965016157618137 0.9971328809673801
2511.88643150958 0.001584893192461114 0.9979408939110027 0.9983132231740749
2511.88643150958 0.0012589254117941675 0.9990873336804933 0.9992526363323478
2511.88643150958 0.001 1.0 1.0
3162.2776601683795 1.0 1.0 1.0
3162.2776601683795 0.7943282347242815 0.09192632077190976 0.10157782134309035
3162.2776601683795 0.6309573444801932 0.18104041948842553 0.19898652269164296
3162.2776601683795 0.5011872336272722 0.26685042489578736 0.29161050919985043
3162.2776601683795 0.3981071705534972 0.34883457332859213 0.3788417690424333
3162.2776601683795 0.31622776601683794 0.42646267626102063 0.4601175342251127
3162.2776601683795 0.251188643150958 0.4992250901063733 0.5349623230554181
3162.2776601683795 0.19952623149688797 0.5666673090854827 0.6030288063359186
3162.2776601683795 0.15848931924611137 0.628426351724793 0.6641307348233545
3162.2776601683795 0.12589254117941676 0.6842635440987203 0.7182616608720713
3162.2776601683795 0.10000000000000002 0.7340878686856538 0.7655955998290904
3162.2776601683795 0.07943282347242818 0.7779652416902441 0.8064694913605214
3162.2776601683795 0.06309573444801933 0.8161117737156405 0.8413510842662579
3162.2776601683795 0.05011872336272722 0.848872432398972 0.8707984024971147
3162.2776601683795 0.039810717055349734 0.8766893971235044 0.8954175822845882
3162.2776601683795 0.03162277660168379 0.9000658599973934 0.9158247639542372
3162.2776601683795 0.025118864315095808 0.9195308349972797 0.9326156254413305
3162.2776601683795 0.0199526231496888 0.9356091032568352 0.946343918159571
3162.2776601683795 0.015848931924611134 0.9487984848104448 0.9575086138655527
3162.2776601683795 0.012589254117941675 0.959554852464261 0.9665482250965544
3162.2776601683795 0.01 0.9682840655877283 0.9738404633248527
3162.2776601683795 0.00794328234724282 0.9753393714024189 0.9797054516512338
3162.2776601683795 0.006309573444801936 0.9810226785886215 0.9844110017607879
3162.2776601683795 0.005011872336272725 0.9855882678928538 0.9881788365133702
3162.2776601683795 0.003981071705534973 0.9892478010060302 0.9911909924460275
3162.2776601683795 0.0031622776601683794 0.9921758086556564 0.9935959257948805
3162.2776601683795 0.0025118864315095794 0.994515120209192 0.995514060618304
3162.2776601683795 0.0019952623149688807 0.9963819168453126 0.9970426652227334
3162.2776601683795 0.001584893192461114 0.9978702476681247 0.9982600371611199
3162.2776601683795 0.0012589254117941675 0.9990559525921687 0.9992290320755695
3162.2776601683795 0.001 1.0 1.0
3981.0717055349733 1.0 1.0 1.0
3981.0717055349733 0.7943282347242815 0.09046349106091367 0.09996029565456055
3981.0717055349733 0.6309573444801932 0.1782922344652258 0.1960019549803692
3981.0717055349733 0.5011872336272722 0.26301517169085886 0.2875277524696749
3981.0717055349733 0.3981071705534972 0.3441279784378444 0.3739398469081293
3981.0717055349733 0.31622776601683794 0.42111213326862973 0.45467483798366704
3981.0717055349733 0.251188643150958 0.4934614988337679 0.5292441332621561
3981.0717055349733 0.19952623149688797 0.5607150357504719 0.5972746719152473
3981.0717055349733 0.15848931924611137 0.622492375895076 0.6585435716885171
3981.0717055349733 0.12589254117941676 0.6785272870364201 0.7130002894538364
3981.0717055349733 0.10000000000000002 0.728693297150979 0.7607717981465996
3981.0717055349733 0.07943282347242818 0.7730164997000297 0.8021496877905236
3981.0717055349733 0.06309573444801933 0.8116728783709843 0.8375618832898886
3981.0717055349733 0.05011872336272722 0.8449707164573876 0.8675345316740378
3981.0717055349733 0.039810717055349734 0.8733216857685376 0.8926507035402462
3981.0717055349733 0.03162277660168379 0.8972060363314257 0.9135118417734693
3981.0717055349733 0.025118864315095808 0.917137508154646 0.9307060040896808
3981.0717055349733 0.0199526231496888 0.9336324256589948 0.9447847380355894
3981.0717055349733 0.015848931924611134 0.9471855953545938 0.956248569244614
3981.0717055349733 0.012589254117941675 0.9582538060380253 0.9655398898435802
3981.0717055349733 0.01 0.9672463731028472 0.9730415039051361
3981.0717055349733 0.00794328234724282 0.9745214101710757 0.9790790492561913
3981.0717055349733 0.006309573444801936 0.9803862689227173 0.9839257595327657
3981.0717055349733 0.005011872336272725 0.9851006871378376 0.9878083849151307
3981.0717055349733 0.003981071705534973 0.9888814540255522 0.9909134443759141
3981.0717055349733 0.0031622776601683794 0.9919077161502667 0.9933932817211061
3981.0717055349733 0.0025118864315095794 0.9943263349250131 0.9953716251079059
3981.0717055349733 0.0019952623149688807 0.9962569371737996 0.9969485088163833
3981.0717055349733 0.001584893192461114 0.9977964686417844 0.9982045193666049
3981.0717055349733 0.0012589254117941675 0.9990231742120793 0.9992043899188273
3981.0717055349733 0.001 1.0 1.0
5011.872336272725 1.0 1.0 1.0
5011.872336272725 0.7943282347242815 0.08903028067591046 0.09837125610128905
5011.872336272725 0.6309573444801932 0.1755927481822559 0.19306076111401682
5011.872336272725 0.5011872336272722 0.25923697442413984 0.28349046133057354
5011.872336272725 0.3981071705534972 0.33947650248728567 0.3690743973086199
5011.872336272725 0.31622776601683794 0.41580563635927903 0.4492511151391805
