src/nupyprop/models/ixc_muon_pn_bdhm_water.ecsv
# %ECSV 1.0
# ---
# datatype:
# - {name: energy, datatype: float64}
# - {name: y, datatype: float64}
# - {name: cdf_pn_bdhm, datatype: float64}
# meta: !!omap
# - {Description: Muon-nucleon cross-section CDF values for PN_BDHM in water}
# - {energy: 'Muon energy, in GeV'}
# - {y: Inelasticity; y = (E_initial-E_final)/E_initial}
# - {cdf: Cross-section CDF values for PN_BDHM in water}
# - {Note: 'The integrated cross-section CDF values should be integrated from y = 1, 10^(-0.1),...,10^(-3). This is a convention we chose
#     to adopt'}
# schema: astropy-2.0
energy y cdf_pn_bdhm
1.0 1.0 0.0
1.0 0.7943282347242815 0.012050949899634214
1.0 0.6309573444801932 0.06049587297120964
1.0 0.5011872336272722 0.13605830052696263
1.0 0.3981071705534972 0.23932337215368538
1.0 0.31622776601683794 0.3724259430711364
1.0 0.251188643150958 0.5368886765913546
1.0 0.19952623149688797 0.7336442058775108
1.0 0.15848931924611137 0.9608896169276991
1.0 0.12589254117941676 1.0
1.0 0.10000000000000002 1.0
1.0 0.07943282347242818 1.0
1.0 0.06309573444801933 1.0
1.0 0.05011872336272722 1.0
1.0 0.039810717055349734 1.0
1.0 0.03162277660168379 1.0
1.0 0.025118864315095808 1.0
1.0 0.0199526231496888 1.0
1.0 0.015848931924611134 1.0
1.0 0.012589254117941675 1.0
1.0 0.01 1.0
1.0 0.00794328234724282 1.0
1.0 0.006309573444801936 1.0
1.0 0.005011872336272725 1.0
1.0 0.003981071705534973 1.0
1.0 0.0031622776601683794 1.0
1.0 0.0025118864315095794 1.0
1.0 0.0019952623149688807 1.0
1.0 0.001584893192461114 1.0
1.0 0.0012589254117941675 1.0
1.0 0.001 1.0
1.2589254117941673 1.0 0.0
1.2589254117941673 0.7943282347242815 0.012196341494638585
1.2589254117941673 0.6309573444801932 0.05311519371083776
1.2589254117941673 0.5011872336272722 0.11494966383234549
1.2589254117941673 0.3981071705534972 0.19812731291804808
1.2589254117941673 0.31622776601683794 0.30388508114828616
1.2589254117941673 0.251188643150958 0.43324532069720445
1.2589254117941673 0.19952623149688797 0.5866217177256087
1.2589254117941673 0.15848931924611137 0.7640658586293148
1.2589254117941673 0.12589254117941676 0.9638924776666427
1.2589254117941673 0.10000000000000002 1.0
1.2589254117941673 0.07943282347242818 1.0
1.2589254117941673 0.06309573444801933 1.0
1.2589254117941673 0.05011872336272722 1.0
1.2589254117941673 0.039810717055349734 1.0
1.2589254117941673 0.03162277660168379 1.0
1.2589254117941673 0.025118864315095808 1.0
1.2589254117941673 0.0199526231496888 1.0
1.2589254117941673 0.015848931924611134 1.0
1.2589254117941673 0.012589254117941675 1.0
1.2589254117941673 0.01 1.0
1.2589254117941673 0.00794328234724282 1.0
1.2589254117941673 0.006309573444801936 1.0
1.2589254117941673 0.005011872336272725 1.0
1.2589254117941673 0.003981071705534973 1.0
1.2589254117941673 0.0031622776601683794 1.0
1.2589254117941673 0.0025118864315095794 1.0
1.2589254117941673 0.0019952623149688807 1.0
1.2589254117941673 0.001584893192461114 1.0
1.2589254117941673 0.0012589254117941675 1.0
1.2589254117941673 0.001 1.0
1.5848931924611136 1.0 0.0
1.5848931924611136 0.7943282347242815 0.011940822364870844
1.5848931924611136 0.6309573444801932 0.047345454488600267
1.5848931924611136 0.5011872336272722 0.09947369835008969
1.5848931924611136 0.3981071705534972 0.16855526452774813
1.5848931924611136 0.31622776601683794 0.25550722037899765
1.5848931924611136 0.251188643150958 0.3608986433784346
1.5848931924611136 0.19952623149688797 0.48495065757333283
1.5848931924611136 0.15848931924611137 0.62757993263362
1.5848931924611136 0.12589254117941676 0.7886170511071816
1.5848931924611136 0.10000000000000002 0.9665966212059124
1.5848931924611136 0.07943282347242818 1.0
1.5848931924611136 0.06309573444801933 1.0
1.5848931924611136 0.05011872336272722 1.0
1.5848931924611136 0.039810717055349734 1.0
1.5848931924611136 0.03162277660168379 1.0
1.5848931924611136 0.025118864315095808 1.0
1.5848931924611136 0.0199526231496888 1.0
1.5848931924611136 0.015848931924611134 1.0
1.5848931924611136 0.012589254117941675 1.0
1.5848931924611136 0.01 1.0
1.5848931924611136 0.00794328234724282 1.0
1.5848931924611136 0.006309573444801936 1.0
1.5848931924611136 0.005011872336272725 1.0
1.5848931924611136 0.003981071705534973 1.0
1.5848931924611136 0.0031622776601683794 1.0
1.5848931924611136 0.0025118864315095794 1.0
1.5848931924611136 0.0019952623149688807 1.0
1.5848931924611136 0.001584893192461114 1.0
1.5848931924611136 0.0012589254117941675 1.0
1.5848931924611136 0.001 1.0
1.9952623149688797 1.0 0.0
1.9952623149688797 0.7943282347242815 0.011545496664679222
1.9952623149688797 0.6309573444801932 0.04270126710968096
1.9952623149688797 0.5011872336272722 0.08760377818610612
1.9952623149688797 0.3981071705534972 0.14640256609230948
1.9952623149688797 0.31622776601683794 0.2197354595730303
1.9952623149688797 0.251188643150958 0.3079774682341167
1.9952623149688797 0.19952623149688797 0.41119331174273743
1.9952623149688797 0.15848931924611137 0.5292791311888831
1.9952623149688797 0.12589254117941676 0.6620001235457723
1.9952623149688797 0.10000000000000002 0.8090887198161437
1.9952623149688797 0.07943282347242818 0.969346169929317
1.9952623149688797 0.06309573444801933 1.0
1.9952623149688797 0.05011872336272722 1.0
1.9952623149688797 0.039810717055349734 1.0
1.9952623149688797 0.03162277660168379 1.0
1.9952623149688797 0.025118864315095808 1.0
1.9952623149688797 0.0199526231496888 1.0
1.9952623149688797 0.015848931924611134 1.0
1.9952623149688797 0.012589254117941675 1.0
1.9952623149688797 0.01 1.0
1.9952623149688797 0.00794328234724282 1.0
1.9952623149688797 0.006309573444801936 1.0
1.9952623149688797 0.005011872336272725 1.0
1.9952623149688797 0.003981071705534973 1.0
1.9952623149688797 0.0031622776601683794 1.0
1.9952623149688797 0.0025118864315095794 1.0
1.9952623149688797 0.0019952623149688807 1.0
1.9952623149688797 0.001584893192461114 1.0
1.9952623149688797 0.0012589254117941675 1.0
1.9952623149688797 0.001 1.0
2.51188643150958 1.0 0.0
2.51188643150958 0.7943282347242815 0.01104651454590462
2.51188643150958 0.6309573444801932 0.038801828226071665
2.51188643150958 0.5011872336272722 0.07806084040651042
2.51188643150958 0.3981071705534972 0.12897301086327176
2.51188643150958 0.31622776601683794 0.19201118965714
2.51188643150958 0.251188643150958 0.26743098310289165
2.51188643150958 0.19952623149688797 0.3552247938602504
2.51188643150958 0.15848931924611137 0.455215266234086
2.51188643150958 0.12589254117941676 0.5671804521528644
2.51188643150958 0.10000000000000002 0.690823558839847
2.51188643150958 0.07943282347242818 0.8259328895566282
2.51188643150958 0.06309573444801933 0.9715203858505846
2.51188643150958 0.05011872336272722 1.0
2.51188643150958 0.039810717055349734 1.0
2.51188643150958 0.03162277660168379 1.0
2.51188643150958 0.025118864315095808 1.0
2.51188643150958 0.0199526231496888 1.0
2.51188643150958 0.015848931924611134 1.0
2.51188643150958 0.012589254117941675 1.0
2.51188643150958 0.01 1.0
2.51188643150958 0.00794328234724282 1.0
2.51188643150958 0.006309573444801936 1.0
2.51188643150958 0.005011872336272725 1.0
2.51188643150958 0.003981071705534973 1.0
2.51188643150958 0.0031622776601683794 1.0
2.51188643150958 0.0025118864315095794 1.0
2.51188643150958 0.0019952623149688807 1.0
2.51188643150958 0.001584893192461114 1.0
2.51188643150958 0.0012589254117941675 1.0
2.51188643150958 0.001 1.0
3.1622776601683795 1.0 0.0
3.1622776601683795 0.7943282347242815 0.010557257270020564
3.1622776601683795 0.6309573444801932 0.03540993535285745
3.1622776601683795 0.5011872336272722 0.07017844611817198
3.1622776601683795 0.3981071705534972 0.11489183358765409
3.1622776601683795 0.31622776601683794 0.16993693273731827
3.1622776601683795 0.251188643150958 0.235469428375411
3.1622776601683795 0.19952623149688797 0.31146188767778593
3.1622776601683795 0.15848931924611137 0.39770097631834883
3.1622776601683795 0.12589254117941676 0.4939401807687165
3.1622776601683795 0.10000000000000002 0.5999359690558245
3.1622776601683795 0.07943282347242818 0.715406846418803
3.1622776601683795 0.06309573444801933 0.8401770336168173
3.1622776601683795 0.05011872336272722 0.9734400213302062
3.1622776601683795 0.039810717055349734 1.0
3.1622776601683795 0.03162277660168379 1.0
3.1622776601683795 0.025118864315095808 1.0
3.1622776601683795 0.0199526231496888 1.0
3.1622776601683795 0.015848931924611134 1.0
3.1622776601683795 0.012589254117941675 1.0
3.1622776601683795 0.01 1.0
3.1622776601683795 0.00794328234724282 1.0
3.1622776601683795 0.006309573444801936 1.0
3.1622776601683795 0.005011872336272725 1.0
3.1622776601683795 0.003981071705534973 1.0
3.1622776601683795 0.0031622776601683794 1.0
3.1622776601683795 0.0025118864315095794 1.0
3.1622776601683795 0.0019952623149688807 1.0
3.1622776601683795 0.001584893192461114 1.0
3.1622776601683795 0.0012589254117941675 1.0
3.1622776601683795 0.001 1.0
3.981071705534973 1.0 0.0
3.981071705534973 0.7943282347242815 0.010026326927976765
3.981071705534973 0.6309573444801932 0.03252986709311125
3.981071705534973 0.5011872336272722 0.06358184835990979
3.981071705534973 0.3981071705534972 0.1032826385392851
3.981071705534973 0.31622776601683794 0.15193810566539045
3.981071705534973 0.251188643150958 0.20965282680530042
3.981071705534973 0.19952623149688797 0.27636050138130014
3.981071705534973 0.15848931924611137 0.351854130802231
3.981071705534973 0.12589254117941676 0.4358769762889785
3.981071705534973 0.10000000000000002 0.5281681039534278
3.981071705534973 0.07943282347242818 0.6284652969778793
3.981071705534973 0.06309573444801933 0.7365946605792071
3.981071705534973 0.05011872336272722 0.8523696214561094
3.981071705534973 0.039810717055349734 0.9751409349088233
3.981071705534973 0.03162277660168379 1.0
3.981071705534973 0.025118864315095808 1.0
3.981071705534973 0.0199526231496888 1.0
3.981071705534973 0.015848931924611134 1.0
3.981071705534973 0.012589254117941675 1.0
3.981071705534973 0.01 1.0
3.981071705534973 0.00794328234724282 1.0
3.981071705534973 0.006309573444801936 1.0
3.981071705534973 0.005011872336272725 1.0
3.981071705534973 0.003981071705534973 1.0
3.981071705534973 0.0031622776601683794 1.0
3.981071705534973 0.0025118864315095794 1.0
3.981071705534973 0.0019952623149688807 1.0
3.981071705534973 0.001584893192461114 1.0
3.981071705534973 0.0012589254117941675 1.0
3.981071705534973 0.001 1.0
5.011872336272724 1.0 0.0
5.011872336272724 0.7943282347242815 0.009475925908780807
5.011872336272724 0.6309573444801932 0.029905065208658606
5.011872336272724 0.5011872336272722 0.057865014525619894
5.011872336272724 0.3981071705534972 0.09342913126303347
5.011872336272724 0.31622776601683794 0.13687019755570692
5.011872336272724 0.251188643150958 0.1882625702451576
5.011872336272724 0.19952623149688797 0.2475140659003784
5.011872336272724 0.15848931924611137 0.31441401156080406
5.011872336272724 0.12589254117941676 0.38871395341003173
5.011872336272724 0.10000000000000002 0.47014920852491243
5.011872336272724 0.07943282347242818 0.5584564415671927
5.011872336272724 0.06309573444801933 0.6534477142208363
5.011872336272724 0.05011872336272722 0.7549581543173121
5.011872336272724 0.039810717055349734 0.862872995574268
5.011872336272724 0.03162277660168379 0.9766520962490568
5.011872336272724 0.025118864315095808 1.0
5.011872336272724 0.0199526231496888 1.0
5.011872336272724 0.015848931924611134 1.0
5.011872336272724 0.012589254117941675 1.0
5.011872336272724 0.01 1.0
5.011872336272724 0.00794328234724282 1.0
5.011872336272724 0.006309573444801936 1.0
5.011872336272724 0.005011872336272725 1.0
5.011872336272724 0.003981071705534973 1.0
5.011872336272724 0.0031622776601683794 1.0
5.011872336272724 0.0025118864315095794 1.0
5.011872336272724 0.0019952623149688807 1.0
5.011872336272724 0.001584893192461114 1.0
5.011872336272724 0.0012589254117941675 1.0
5.011872336272724 0.001 1.0
6.309573444801933 1.0 0.0
6.309573444801933 0.7943282347242815 0.008940966837164815
6.309573444801933 0.6309573444801932 0.027564873576909663
6.309573444801933 0.5011872336272722 0.05288209714582965
6.309573444801933 0.3981071705534972 0.08497412881263897
6.309573444801933 0.31622776601683794 0.12407994182349648
6.309573444801933 0.251188643150958 0.17025886754145922
6.309573444801933 0.19952623149688797 0.2233978122418149
6.309573444801933 0.15848931924611137 0.2832936112421797
6.309573444801933 0.12589254117941676 0.34969057096132666
6.309573444801933 0.10000000000000002 0.42233781516389085
6.309573444801933 0.07943282347242818 0.5009798672000381
6.309573444801933 0.06309573444801933 0.5854031755225728
6.309573444801933 0.05011872336272722 0.6754579349328427
6.309573444801933 0.039810717055349734 0.7710231168322088
6.309573444801933 0.03162277660168379 0.8720224999058703
6.309573444801933 0.025118864315095808 0.9779991630744377
6.309573444801933 0.0199526231496888 1.0
6.309573444801933 0.015848931924611134 1.0
6.309573444801933 0.012589254117941675 1.0
6.309573444801933 0.01 1.0
6.309573444801933 0.00794328234724282 1.0
6.309573444801933 0.006309573444801936 1.0
6.309573444801933 0.005011872336272725 1.0
6.309573444801933 0.003981071705534973 1.0
6.309573444801933 0.0031622776601683794 1.0
6.309573444801933 0.0025118864315095794 1.0
6.309573444801933 0.0019952623149688807 1.0
6.309573444801933 0.001584893192461114 1.0
6.309573444801933 0.0012589254117941675 1.0
6.309573444801933 0.001 1.0
7.943282347242816 1.0 0.0
7.943282347242816 0.7943282347242815 0.008411451794529621
7.943282347242816 0.6309573444801932 0.025469156333724947
7.943282347242816 0.5011872336272722 0.048503191548838094
7.943282347242816 0.3981071705534972 0.07763897733165927
7.943282347242816 0.31622776601683794 0.1130886005026034
7.943282347242816 0.251188643150958 0.15488691601987414
7.943282347242816 0.19952623149688797 0.20293048158947616
7.943282347242816 0.15848931924611137 0.2570082466406426
7.943282347242816 0.12589254117941676 0.31687743739416324
7.943282347242816 0.10000000000000002 0.38228765191044056
7.943282347242816 0.07943282347242818 0.45298232618014744
7.943282347242816 0.06309573444801933 0.5287684296498523
7.943282347242816 0.05011872336272722 0.6094707433919587
7.943282347242816 0.039810717055349734 0.6949650709374445
7.943282347242816 0.03162277660168379 0.7851724614646688
7.943282347242816 0.025118864315095808 0.8800458755247313
7.943282347242816 0.0199526231496888 0.9792061496131121
7.943282347242816 0.015848931924611134 1.0
7.943282347242816 0.012589254117941675 1.0
7.943282347242816 0.01 1.0
7.943282347242816 0.00794328234724282 1.0
7.943282347242816 0.006309573444801936 1.0
7.943282347242816 0.005011872336272725 1.0
7.943282347242816 0.003981071705534973 1.0
7.943282347242816 0.0031622776601683794 1.0
7.943282347242816 0.0025118864315095794 1.0
7.943282347242816 0.0019952623149688807 1.0
7.943282347242816 0.001584893192461114 1.0
7.943282347242816 0.0012589254117941675 1.0
7.943282347242816 0.001 1.0
10.0 1.0 0.0
10.0 0.7943282347242815 0.00790360344090909
10.0 0.6309573444801932 0.023547183937942476
10.0 0.5011872336272722 0.04460258244502671
10.0 0.3981071705534972 0.07119137372676394
10.0 0.31622776601683794 0.10350838348977268
10.0 0.251188643150958 0.14158303474726733
10.0 0.19952623149688797 0.18530394747919882
10.0 0.15848931924611137 0.23447567917353368
10.0 0.12589254117941676 0.2888635582700079
10.0 0.10000000000000002 0.3482170272069377
10.0 0.07943282347242818 0.4122926052027952
10.0 0.06309573444801933 0.4808916798351835
10.0 0.05011872336272722 0.5538468989129862
10.0 0.039810717055349734 0.6310138245053777
10.0 0.03162277660168379 0.7123175769747678
10.0 0.025118864315095808 0.7976951508354411
10.0 0.0199526231496888 0.8871223336628222
10.0 0.015848931924611134 0.9802899781870978
10.0 0.012589254117941675 1.0
10.0 0.01 1.0
10.0 0.00794328234724282 1.0
10.0 0.006309573444801936 1.0
10.0 0.005011872336272725 1.0
10.0 0.003981071705534973 1.0
10.0 0.0031622776601683794 1.0
10.0 0.0025118864315095794 1.0
10.0 0.0019952623149688807 1.0
10.0 0.001584893192461114 1.0
10.0 0.0012589254117941675 1.0
10.0 0.001 1.0
12.589254117941675 1.0 0.0
12.589254117941675 0.7943282347242815 0.007411735020783278
12.589254117941675 0.6309573444801932 0.02180091905175236
12.589254117941675 0.5011872336272722 0.04111899925358516
12.589254117941675 0.3981071705534972 0.06549660688934952
12.589254117941675 0.31622776601683794 0.095103936734593
12.589254117941675 0.251188643150958 0.1299666297857421
12.589254117941675 0.19952623149688797 0.16998081737849868
12.589254117941675 0.15848931924611137 0.21496011605241924
12.589254117941675 0.12589254117941676 0.26468226781859283
