src/nupyprop/models/ixc_neutrino_bsm.ecsv
# %ECSV 1.0
# ---
# datatype:
# - {name: energy, datatype: float64}
# - {name: y, datatype: float64}
# - {name: cc_cdf_bsm, datatype: float64}
# - {name: nc_cdf_bsm, datatype: float64}
# meta: !!omap
# - {Description: Neutrino-nucleon cross-section CDF values for BSM}
# - {energy: 'Neutrino energy, in GeV'}
# - {y: Inelasticity; y = (E_initial-E_final)/E_initial}
# - {cdf_bsm: Cross-section CDF values for bsm}
# - {nc_cdf_bsm: Cross-section NC CDF values for bsm}
# - {Note: 'The integrated cross-section CDF values should be integrated from y = 1, 10^(-0.1),...,10^(-3). This is a convention we chose
#     to adopt'}
# schema: astropy-2.0
energy y cc_cdf_bsm nc_cdf_bsm
[from data line 720]
199526.2314968883 0.19952623149688797 0.710713927477191 0.0
199526.2314968883 0.15848931924611137 0.7679480407642163 0.0
199526.2314968883 0.12589254117941676 0.8143348592508732 0.0
199526.2314968883 0.10000000000000002 0.851773650645006 0.0
199526.2314968883 0.07943282347242818 0.8818936784280308 0.0
199526.2314968883 0.06309573444801933 0.9060643931026559 0.0
199526.2314968883 0.05011872336272722 0.9254217089076183 0.0
199526.2314968883 0.039810717055349734 0.9408990014082714 0.0
199526.2314968883 0.03162277660168379 0.9532578189996064 0.0
199526.2314968883 0.025118864315095808 0.9631161194213147 0.0
199526.2314968883 0.0199526231496888 0.9709731818776386 0.0
199526.2314968883 0.015848931924611134 0.9772310155215633 0.0
199526.2314968883 0.012589254117941675 0.982212423207413 0.0
199526.2314968883 0.01 0.98617603972845 0.0
199526.2314968883 0.00794328234724282 0.9893287247439609 0.0
199526.2314968883 0.006309573444801936 0.9918356961097727 0.0
199526.2314968883 0.005011872336272725 0.9938287652577881 0.0
199526.2314968883 0.003981071705534973 0.9954129981997187 0.0
199526.2314968883 0.0031622776601683794 0.9966720828983745 0.0
199526.2314968883 0.0025118864315095794 0.99767264141357 0.0
199526.2314968883 0.0019952623149688807 0.9984676861496267 0.0
199526.2314968883 0.001584893192461114 0.9990993849383454 0.0
199526.2314968883 0.0012589254117941675 0.9996012699137407 0.0
199526.2314968883 0.001 1.0 0.0
251188.6431509582 1.0 0.0 0.0
251188.6431509582 0.7943282347242815 0.07149497133895899 0.0
251188.6431509582 0.6309573444801932 0.2081113419188464 0.0
251188.6431509582 0.5011872336272722 0.34465551381126824 0.0
251188.6431509582 0.3981071705534972 0.46552474710381087 0.0
251188.6431509582 0.31622776601683794 0.5677057725283793 0.0
251188.6431509582 0.251188643150958 0.6521722264172956 0.0
251188.6431509582 0.19952623149688797 0.7211316526262115 0.0
251188.6431509582 0.15848931924611137 0.777007243069009 0.0
251188.6431509582 0.12589254117941676 0.8220577982702483 0.0
251188.6431509582 0.10000000000000002 0.8582552289622576 0.0
251188.6431509582 0.07943282347242818 0.8872659328865169 0.0
251188.6431509582 0.06309573444801933 0.9104724589396247 0.0
251188.6431509582 0.05011872336272722 0.9290087428180156 0.0
251188.6431509582 0.039810717055349734 0.9437976266731268 0.0
251188.6431509582 0.03162277660168379 0.9555860106878723 0.0
251188.6431509582 0.025118864315095808 0.9649759195244086 0.0
251188.6431509582 0.0199526231496888 0.9724510890149011 0.0
251188.6431509582 0.015848931924611134 0.9783992687547931 0.0
251188.6431509582 0.012589254117941675 0.9831306807724912 0.0
251188.6431509582 0.01 0.986893151221888 0.0
251188.6431509582 0.00794328234724282 0.9898844274432318 0.0
251188.6431509582 0.006309573444801936 0.992262150556813 0.0
251188.6431509582 0.005011872336272725 0.9941518968056852 0.0
251188.6431509582 0.003981071705534973 0.9956536410459146 0.0
251188.6431509582 0.0031622776601683794 0.9968469390826357 0.0
251188.6431509582 0.0025118864315095794 0.9977950746881454 0.0
251188.6431509582 0.0019952623149688807 0.9985483730345984 0.0
251188.6431509582 0.001584893192461114 0.9991468448851715 0.0
251188.6431509582 0.0012589254117941675 0.9996222946900545 0.0
251188.6431509582 0.001 1.0 0.0
316227.7660168379 1.0 0.0 0.0
316227.7660168379 0.7943282347242815 0.07558269278570173 0.0
316227.7660168379 0.6309573444801932 0.21727443336642338 0.0
316227.7660168379 0.5011872336272722 0.3556774781231776 0.0
316227.7660168379 0.3981071705534972 0.47657721350976334 0.0
316227.7660168379 0.31622776601683794 0.5779332491678923 0.0
316227.7660168379 0.251188643150958 0.6612370018160886 0.0
316227.7660168379 0.19952623149688797 0.7289520797185572 0.0
316227.7660168379 0.15848931924611137 0.7836276460771714 0.0
316227.7660168379 0.12589254117941676 0.8275832446380437 0.0
316227.7660168379 0.10000000000000002 0.8628159203069699 0.0
316227.7660168379 0.07943282347242818 0.8909969880689999 0.0
316227.7660168379 0.06309573444801933 0.9135026547472993 0.0
316227.7660168379 0.05011872336272722 0.9314547668457038 0.0
316227.7660168379 0.039810717055349734 0.9457617383902756 0.0
316227.7660168379 0.03162277660168379 0.9571557428695715 0.0
316227.7660168379 0.025118864315095808 0.9662249222990017 0.0
316227.7660168379 0.0199526231496888 0.9734405391927347 0.0
316227.7660168379 0.015848931924611134 0.9791794870471258 0.0
316227.7660168379 0.012589254117941675 0.9837427475150852 0.0
316227.7660168379 0.01 0.9873704077623533 0.0
316227.7660168379 0.00794328234724282 0.9902538110002922 0.0
316227.7660168379 0.006309573444801936 0.9925453467511077 0.0
316227.7660168379 0.005011872336272725 0.9943663145908511 0.0
316227.7660168379 0.003981071705534973 0.9958132252740642 0.0
316227.7660168379 0.0031622776601683794 0.996962840346939 0.0
316227.7660168379 0.0025118864315095794 0.9978761969585984 0.0
316227.7660168379 0.0019952623149688807 0.9986018185629418 0.0
316227.7660168379 0.001584893192461114 0.9991782738958671 0.0
316227.7660168379 0.0012589254117941675 0.9996362150833898 0.0
316227.7660168379 0.001 1.0 0.0
398107.1705534969 1.0 0.0 0.0
398107.1705534969 0.7943282347242815 0.07968946653989872 0.0
398107.1705534969 0.6309573444801932 0.2262552004147037 0.0
398107.1705534969 0.5011872336272722 0.36616644380893637 0.0
398107.1705534969 0.3981071705534972 0.4868431745535361 0.0
398107.1705534969 0.31622776601683794 0.5872287334415669 0.0
398107.1705534969 0.251188643150958 0.6693122038449617 0.0
398107.1705534969 0.19952623149688797 0.7357953466586877 0.0
398107.1705534969 0.15848931924611137 0.7893327137245544 0.0
398107.1705534969 0.12589254117941676 0.832284129714151 0.0
398107.1705534969 0.10000000000000002 0.8666553608310057 0.0
398107.1705534969 0.07943282347242818 0.8941111953666416 0.0
398107.1705534969 0.06309573444801933 0.9160144315142827 0.0
398107.1705534969 0.05011872336272722 0.9334710681901863 0.0
398107.1705534969 0.039810717055349734 0.9473735926916902 0.0
398107.1705534969 0.03162277660168379 0.9584393688665307 0.0
398107.1705534969 0.025118864315095808 0.9672433780678587 0.0
398107.1705534969 0.0199526231496888 0.9742455264620484 0.0
398107.1705534969 0.015848931924611134 0.979813105510762 0.0
398107.1705534969 0.012589254117941675 0.9842390963333675 0.0
398107.1705534969 0.01 0.9877569919634099 0.0
398107.1705534969 0.00794328234724282 0.9905527450111831 0.0
398107.1705534969 0.006309573444801936 0.9927743657879705 0.0
398107.1705534969 0.005011872336272725 0.9945396134490042 0.0
398107.1705534969 0.003981071705534973 0.9959421471889847 0.0
398107.1705534969 0.0031622776601683794 0.9970564385513196 0.0
398107.1705534969 0.0025118864315095794 0.9979416898768472 0.0
398107.1705534969 0.0019952623149688807 0.9986449571805435 0.0
398107.1705534969 0.001584893192461114 0.9992036372444325 0.0
398107.1705534969 0.0012589254117941675 0.9996474472787387 0.0
398107.1705534969 0.001 1.0 0.0
501187.2336272725 1.0 0.0 0.0
501187.2336272725 0.7943282347242815 0.0837590783607951 0.0
501187.2336272725 0.6309573444801932 0.23497656147676216 0.0
501187.2336272725 0.5011872336272722 0.37612250439411676 0.0
501187.2336272725 0.3981071705534972 0.4964318044138264 0.0
501187.2336272725 0.31622776601683794 0.5958048587370346 0.0
501187.2336272725 0.251188643150958 0.676686492308708 0.0
501187.2336272725 0.19952623149688797 0.7419888292494068 0.0
501187.2336272725 0.15848931924611137 0.794455908203477 0.0
501187.2336272725 0.12589254117941676 0.8364775338205346 0.0
501187.2336272725 0.10000000000000002 0.8700612380843844 0.0
501187.2336272725 0.07943282347242818 0.8968609913122012 0.0
501187.2336272725 0.06309573444801933 0.918223901201928 0.0
501187.2336272725 0.05011872336272722 0.9352392349988294 0.0
501187.2336272725 0.039810717055349734 0.9487835629118748 0.0
501187.2336272725 0.03162277660168379 0.9595599659583367 0.0
501187.2336272725 0.025118864315095808 0.9681310486299541 0.0
501187.2336272725 0.0199526231496888 0.9749462338650093 0.0
501187.2336272725 0.015848931924611134 0.9803640731619924 0.0
501187.2336272725 0.012589254117941675 0.9846703436202556 0.0
501187.2336272725 0.01 0.9880926501214496 0.0
501187.2336272725 0.00794328234724282 0.9908121631164304 0.0
501187.2336272725 0.006309573444801936 0.9929730278030304 0.0
501187.2336272725 0.005011872336272725 0.9946898910746946 0.0
501187.2336272725 0.003981071705534973 0.9960539133414754 0.0
501187.2336272725 0.0031622776601683794 0.9971375644551467 0.0
501187.2336272725 0.0025118864315095794 0.9979984461147422 0.0
501187.2336272725 0.0019952623149688807 0.9986823361763079 0.0
501187.2336272725 0.001584893192461114 0.9992256118967352 0.0
501187.2336272725 0.0012589254117941675 0.9996571779662331 0.0
501187.2336272725 0.001 1.0 0.0
630957.3444801943 1.0 0.0 0.0
630957.3444801943 0.7943282347242815 0.08770190651285259 0.0
630957.3444801943 0.6309573444801932 0.24327605060166124 0.0
630957.3444801943 0.5011872336272722 0.3854094778828069 0.0
630957.3444801943 0.3981071705534972 0.505259553884599 0.0
630957.3444801943 0.31622776601683794 0.6036288454128633 0.0
630957.3444801943 0.251188643150958 0.6833685357441206 0.0
630957.3444801943 0.19952623149688797 0.7475706789239048 0.0
630957.3444801943 0.15848931924611137 0.7990524883759719 0.0
630957.3444801943 0.12589254117941676 0.8402257682282852 0.0
630957.3444801943 0.10000000000000002 0.8730960240582254 0.0
630957.3444801943 0.07943282347242818 0.8993048445499509 0.0
630957.3444801943 0.06309573444801933 0.9201833802946282 0.0
630957.3444801943 0.05011872336272722 0.9368046319664302 0.0
630957.3444801943 0.039810717055349734 0.9500300912759541 0.0
630957.3444801943 0.03162277660168379 0.9605495441159682 0.0
630957.3444801943 0.025118864315095808 0.9689142201977147 0.0
630957.3444801943 0.0199526231496888 0.975564000491087 0.0
630957.3444801943 0.015848931924611134 0.9808495401751466 0.0
630957.3444801943 0.012589254117941675 0.9850501452881603 0.0
630957.3444801943 0.01 0.9883881555963521 0.0
630957.3444801943 0.00794328234724282 0.991040480657746 0.0
630957.3444801943 0.006309573444801936 0.9931478315661106 0.0
630957.3444801943 0.005011872336272725 0.9948220961723738 0.0
630957.3444801943 0.003981071705534973 0.9961522236051766 0.0
630957.3444801943 0.0031622776601683794 0.9972089148110863 0.0
630957.3444801943 0.0025118864315095794 0.9980483585623453 0.0
630957.3444801943 0.0019952623149688807 0.9987152054444948 0.0
630957.3444801943 0.001584893192461114 0.9992449341733178 0.0
630957.3444801943 0.0012589254117941675 0.9996657337351068 0.0
630957.3444801943 0.001 1.0 0.0
794328.2347242822 1.0 0.0 0.0
794328.2347242822 0.7943282347242815 0.09143140586709875 0.0
794328.2347242822 0.6309573444801932 0.2510017337834525 0.0
794328.2347242822 0.5011872336272722 0.3939012300258177 0.0
794328.2347242822 0.3981071705534972 0.5132405941895033 0.0
794328.2347242822 0.31622776601683794 0.6106491160227505 0.0
794328.2347242822 0.251188643150958 0.6893321888279886 0.0
794328.2347242822 0.19952623149688797 0.7525326619996903 0.0
794328.2347242822 0.15848931924611137 0.8031260146318233 0.0
794328.2347242822 0.12589254117941676 0.8435392571612439 0.0
794328.2347242822 0.10000000000000002 0.875773415912337 0.0
794328.2347242822 0.07943282347242818 0.9014573662966434 0.0
794328.2347242822 0.06309573444801933 0.9219069772132498 0.0
794328.2347242822 0.05011872336272722 0.9381801059899199 0.0
794328.2347242822 0.039810717055349734 0.9511244335694006 0.0
794328.2347242822 0.03162277660168379 0.9614177003765519 0.0
794328.2347242822 0.025118864315095808 0.9696009111750027 0.0
794328.2347242822 0.0199526231496888 0.9761054200266386 0.0
794328.2347242822 0.015848931924611134 0.9812748577223347 0.0
794328.2347242822 0.012589254117941675 0.9853827940644395 0.0
794328.2347242822 0.01 0.988646914474903 0.0
794328.2347242822 0.00794328234724282 0.9912403700880486 0.0
794328.2347242822 0.006309573444801936 0.9933008480654041 0.0
794328.2347242822 0.005011872336272725 0.9949378100585845 0.0
794328.2347242822 0.003981071705534973 0.9962382627705644 0.0
794328.2347242822 0.0031622776601683794 0.997271354638503 0.0
794328.2347242822 0.0025118864315095794 0.9980920351949112 0.0
794328.2347242822 0.0019952623149688807 0.9987439668578905 0.0
794328.2347242822 0.001584893192461114 0.9992618410161035 0.0
794328.2347242822 0.0012589254117941675 0.9996732197480148 0.0
794328.2347242822 0.001 1.0 0.0
1000000.0 1.0 0.0 0.0
1000000.0 0.7943282347242815 0.094877898113505 0.0
1000000.0 0.6309573444801932 0.2580409053661894 0.0
1000000.0 0.5011872336272722 0.40151674277229354 0.0
1000000.0 0.3981071705534972 0.5203281913998542 0.0
1000000.0 0.31622776601683794 0.6168434729988238 0.0
1000000.0 0.251188643150958 0.6945708104678907 0.0
1000000.0 0.19952623149688797 0.756877367368102 0.0
1000000.0 0.15848931924611137 0.8066842063535116 0.0
1000000.0 0.12589254117941676 0.8464281945252614 0.0
1000000.0 0.10000000000000002 0.878104344369407 0.0
1000000.0 0.07943282347242818 0.903329160321283 0.0
1000000.0 0.06309573444801933 0.9234043886606222 0.0
1000000.0 0.05011872336272722 0.9393741863530605 0.0
1000000.0 0.039810717055349734 0.9520738894807153 0.0
1000000.0 0.03162277660168379 0.9621705564172611 0.0
1000000.0 0.025118864315095808 0.9701961750274496 0.0
1000000.0 0.0199526231496888 0.9765746110305752 0.0
1000000.0 0.015848931924611134 0.9816433457960572 0.0
1000000.0 0.012589254117941675 0.9856709395920911 0.0
1000000.0 0.01 0.9888710208231488 0.0
1000000.0 0.00794328234724282 0.9914134694017341 0.0
1000000.0 0.006309573444801936 0.9934333436169452 0.0
1000000.0 0.005011872336272725 0.9950379978314252 0.0
1000000.0 0.003981071705534973 0.9963127528707405 0.0
1000000.0 0.0031622776601683794 0.9973254104880457 0.0
1000000.0 0.0025118864315095794 0.9981298457598089 0.0
1000000.0 0.0019952623149688807 0.9987688646446907 0.0
1000000.0 0.001584893192461114 0.9992764763389016 0.0
1000000.0 0.0012589254117941675 0.9996796998499624 0.0
1000000.0 0.001 1.0 0.0
1258925.411794166 1.0 0.0 0.0
1258925.411794166 0.7943282347242815 0.0979942847724754 0.0
1258925.411794166 0.6309573444801932 0.2643279901793213 0.0
1258925.411794166 0.5011872336272722 0.40822507637783156 0.0
1258925.411794166 0.3981071705534972 0.5265190660686037 0.0
1258925.411794166 0.31622776601683794 0.6222245747421637 0.0
1258925.411794166 0.251188643150958 0.6991045901056342 0.0
1258925.411794166 0.19952623149688797 0.7606274292506465 0.0
1258925.411794166 0.15848931924611137 0.8097493428039069 0.0
1258925.411794166 0.12589254117941676 0.8489131114896126 0.0
1258925.411794166 0.10000000000000002 0.8801069927430208 0.0
1258925.411794166 0.07943282347242818 0.9049358950310042 0.0
1258925.411794166 0.06309573444801933 0.9246888462443131 0.0
1258925.411794166 0.05011872336272722 0.9403978764489831 0.0
1258925.411794166 0.039810717055349734 0.9528874994107532 0.0
1258925.411794166 0.03162277660168379 0.9628154670628711 0.0
1258925.411794166 0.025118864315095808 0.9707059456133244 0.0
1258925.411794166 0.0199526231496888 0.9769763256383636 0.0
1258925.411794166 0.015848931924611134 0.9819587837764598 0.0
1258925.411794166 0.012589254117941675 0.9859175667373524 0.0
1258925.411794166 0.01 0.9890628144654698 0.0
1258925.411794166 0.00794328234724282 0.9915615971706789 0.0
1258925.411794166 0.006309573444801936 0.9935467171032067 0.0
1258925.411794166 0.005011872336272725 0.9951237214197582 0.0
1258925.411794166 0.003981071705534973 0.9963764859115937 0.0
1258925.411794166 0.0031622776601683794 0.9973716585196782 0.0
1258925.411794166 0.0025118864315095794 0.998162194054124 0.0
1258925.411794166 0.0019952623149688807 0.9987901651134988 0.0
1258925.411794166 0.001584893192461114 0.9992889968753457 0.0
1258925.411794166 0.0012589254117941675 0.9996852435060831 0.0
1258925.411794166 0.001 1.0 0.0
1584893.1924611141 1.0 0.0 0.0
1584893.1924611141 0.7943282347242815 0.10075698525081855 0.0
1584893.1924611141 0.6309573444801932 0.26984277256027245 0.0
