src/nupyprop/models/ixc_tau_pn_bdhm_water.ecsv
# %ECSV 1.0
# ---
# datatype:
# - {name: energy, datatype: float64}
# - {name: y, datatype: float64}
# - {name: cdf_pn_bdhm, datatype: float64}
# meta: !!omap
# - {Description: Tau-nucleon cross-section CDF values for PN_BDHM in water}
# - {energy: 'Tau energy, in GeV'}
# - {y: Inelasticity; y = (E_initial-E_final)/E_initial}
# - {cdf: Cross-section CDF values for PN_BDHM in water}
# - {Note: 'The integrated cross-section CDF values should be integrated from y = 1, 10^(-0.1),...,10^(-3). This is a convention we chose
#     to adopt'}
# schema: astropy-2.0
energy y cdf_pn_bdhm
[from data line 1555]
100000.0 0.31622776601683794 0.009118135442414736
100000.0 0.251188643150958 0.014880149172093512
100000.0 0.19952623149688797 0.02288193043427893
100000.0 0.15848931924611137 0.03350582163118727
100000.0 0.12589254117941676 0.04705718046495532
100000.0 0.10000000000000002 0.06375019553223787
100000.0 0.07943282347242818 0.08371179845990256
100000.0 0.06309573444801933 0.10699306906282395
100000.0 0.05011872336272722 0.1335827346313155
100000.0 0.039810717055349734 0.16342563260926002
100000.0 0.03162277660168379 0.19643780757754986
100000.0 0.025118864315095808 0.23251538899731558
100000.0 0.0199526231496888 0.2715449789414441
100000.0 0.015848931924611134 0.3134093222574725
100000.0 0.012589254117941675 0.3579915873368815
100000.0 0.01 0.4051781851155253
100000.0 0.00794328234724282 0.454860524701279
100000.0 0.006309573444801936 0.5069380568677564
100000.0 0.005011872336272725 0.5613158527950839
100000.0 0.003981071705534973 0.6179069700362814
100000.0 0.0031622776601683794 0.6766321814273891
100000.0 0.0025118864315095794 0.7374192042922492
100000.0 0.0019952623149688807 0.8002040272441553
100000.0 0.001584893192461114 0.8649286435000729
100000.0 0.0012589254117941675 0.9315423262450374
100000.0 0.001 1.0
125892.54117941688 1.0 0.0
125892.54117941688 0.7943282347242815 0.0002590158719499246
125892.54117941688 0.6309573444801932 0.0010994561524830793
125892.54117941688 0.5011872336272722 0.0026847198913478526
125892.54117941688 0.3981071705534972 0.0053020921693713915
125892.54117941688 0.31622776601683794 0.009328100008829483
125892.54117941688 0.251188643150958 0.015186748082291314
125892.54117941688 0.19952623149688797 0.023302237615125884
125892.54117941688 0.15848931924611137 0.03405332449780197
125892.54117941688 0.12589254117941676 0.04774097909367198
125892.54117941688 0.10000000000000002 0.06457590133206528
125892.54117941688 0.07943282347242818 0.08468074389749701
125892.54117941688 0.06309573444801933 0.10810148837699035
125892.54117941688 0.05011872336272722 0.1348237664390694
125892.54117941688 0.039810717055349734 0.16478997019607494
125892.54117941688 0.03162277660168379 0.19791310213202803
125892.54117941688 0.025118864315095808 0.23408638113334584
125892.54117941688 0.0199526231496888 0.27319437765296284
125892.54117941688 0.015848931924611134 0.31511746089981435
125892.54117941688 0.012589254117941675 0.35973588018293334
125892.54117941688 0.01 0.4069348583509836
125892.54117941688 0.00794328234724282 0.45660326620561326
125892.54117941688 0.006309573444801936 0.5086371606572958
125892.54117941688 0.005011872336272725 0.5629396814392371
125892.54117941688 0.003981071705534973 0.6194213869804409
125892.54117941688 0.0031622776601683794 0.678000095621005
125892.54117941688 0.0025118864315095794 0.7386019081194867
125892.54117941688 0.0019952623149688807 0.8011593553721265
125892.54117941688 0.001584893192461114 0.8656127463840063
125892.54117941688 0.0012589254117941675 0.9319085989777454
125892.54117941688 0.001 1.0
158489.3192461114 1.0 0.0
158489.3192461114 0.7943282347242815 0.0002685438176818854
158489.3192461114 0.6309573444801932 0.0011335360312050614
158489.3192461114 0.5011872336272722 0.002758369986876769
158489.3192461114 0.3981071705534972 0.005432700939107922
158489.3192461114 0.31622776601683794 0.009534504693386492
158489.3192461114 0.251188643150958 0.015487486775643117
158489.3192461114 0.19952623149688797 0.02371372209615533
158489.3192461114 0.15848931924611137 0.03458839015554761
158489.3192461114 0.12589254117941676 0.048408806910706675
158489.3192461114 0.10000000000000002 0.06538139020362586
158489.3192461114 0.07943282347242818 0.08562412742348015
158489.3192461114 0.06309573444801933 0.10917918774257679
158489.3192461114 0.05011872336272722 0.13602887651074902
158489.3192461114 0.039810717055349734 0.1661128482699104
158489.3192461114 0.03162277660168379 0.19934118224218755
158489.3192461114 0.025118864315095808 0.23560541311467134
158489.3192461114 0.0199526231496888 0.27478761943600394
158489.3192461114 0.015848931924611134 0.3167657704668856
158489.3192461114 0.012589254117941675 0.36141846755170737
158489.3192461114 0.01 0.40862791904429263
158489.3192461114 0.00794328234724282 0.45828135088972644
158489.3192461114 0.006309573444801936 0.5102725952901072
158489.3192461114 0.005011872336272725 0.5645019717443284
158489.3192461114 0.003981071705534973 0.6208778126566518
158489.3192461114 0.0031622776601683794 0.6793160111666349
158489.3192461114 0.0025118864315095794 0.7397394317230942
158489.3192461114 0.0019952623149688807 0.802078683918931
158489.3192461114 0.001584893192461114 0.8662711142079257
158489.3192461114 0.0012589254117941675 0.9322613609043545
158489.3192461114 0.001 1.0
199526.2314968883 1.0 0.0
199526.2314968883 0.7943282347242815 0.0002780229315497649
199526.2314968883 0.6309573444801932 0.0011672189599282973
199526.2314968883 0.5011872336272722 0.002830957011791796
199526.2314968883 0.3981071705534972 0.005561125319963204
199526.2314968883 0.31622776601683794 0.00973696679678029
199526.2314968883 0.251188643150958 0.015781891007608143
199526.2314968883 0.19952623149688797 0.024115814112619094
199526.2314968883 0.15848931924611137 0.03511061902445918
199526.2314968883 0.12589254117941676 0.04905975762017757
199526.2314968883 0.10000000000000002 0.06616503518499008
199526.2314968883 0.07943282347242818 0.08654012966936689
199526.2314968883 0.06309573444801933 0.11022373289729873
199526.2314968883 0.05011872336272722 0.13719531970894944
199526.2314968883 0.039810717055349734 0.1673913705438655
199526.2314968883 0.03162277660168379 0.20071986568536354
199526.2314968883 0.025118864315095808 0.23707024311176422
199526.2314968883 0.0199526231496888 0.2763222208162507
199526.2314968883 0.015848931924611134 0.3183519828832926
199526.2314968883 0.012589254117941675 0.3630359178758878
199526.2314968883 0.01 0.41025426842831925
199526.2314968883 0.00794328234724282 0.4598922285454922
199526.2314968883 0.006309573444801936 0.5118414316679687
199526.2314968883 0.005011872336272725 0.5660000324735492
199526.2314968883 0.003981071705534973 0.6222742659223519
199526.2314968883 0.0031622776601683794 0.6805772542012777
199526.2314968883 0.0025118864315095794 0.7408297259849044
199526.2314968883 0.0019952623149688807 0.8029601990516901
199526.2314968883 0.001584893192461114 0.866902835729878
199526.2314968883 0.0012589254117941675 0.9325999340251118
199526.2314968883 0.001 1.0
251188.6431509582 1.0 0.0
251188.6431509582 0.7943282347242815 0.0002874448276369574
251188.6431509582 0.6309573444801932 0.0012004426529762587
251188.6431509582 0.5011872336272722 0.0029023924239545175
251188.6431509582 0.3981071705534972 0.0056871428913690255
251188.6431509582 0.31622776601683794 0.00993519880892369
251188.6431509582 0.251188643150958 0.016069603067630576
251188.6431509582 0.19952623149688797 0.02450817881150378
251188.6431509582 0.15848931924611137 0.035619728305825694
251188.6431509582 0.12589254117941676 0.04969321598891363
251188.6431509582 0.10000000000000002 0.06692620261523488
251188.6431509582 0.07943282347242818 0.08742840983997395
251188.6431509582 0.06309573444801933 0.11123502546752935
251188.6431509582 0.05011872336272722 0.13832289479944213
251188.6431509582 0.039810717055349734 0.16862585923732273
251188.6431509582 0.03162277660168379 0.2020494664584361
251188.6431509582 0.025118864315095808 0.2384808936933779
251188.6431509582 0.0199526231496888 0.27779836220420284
251188.6431509582 0.015848931924611134 0.3198759206988198
251188.6431509582 0.012589254117941675 0.36458846476741497
251188.6431509582 0.01 0.41181406188451714
251188.6431509582 0.00794328234724282 0.4614358468603732
251188.6431509582 0.006309573444801936 0.5133435141592341
251188.6431509582 0.005011872336272725 0.567433623149879
251188.6431509582 0.003981071705534973 0.6236097862656342
251188.6431509582 0.0031622776601683794 0.6817831322284625
251188.6431509582 0.0025118864315095794 0.7418722017265644
251188.6431509582 0.0019952623149688807 0.8038024163229314
251188.6431509582 0.001584893192461114 0.8675063249857494
251188.6431509582 0.0012589254117941675 0.932923492899545
251188.6431509582 0.001 1.0
316227.7660168379 1.0 0.0
316227.7660168379 0.7943282347242815 0.00029678281454525757
316227.7660168379 0.6309573444801932 0.0012331607934258366
316227.7660168379 0.5011872336272722 0.0029725418695855307
316227.7660168379 0.3981071705534972 0.0058105681829474
316227.7660168379 0.31622776601683794 0.010128955229023219
316227.7660168379 0.251188643150958 0.016350329979422432
316227.7660168379 0.19952623149688797 0.024890638761786772
316227.7660168379 0.15848931924611137 0.03611504391999521
316227.7660168379 0.12589254117941676 0.05030833081427902
316227.7660168379 0.10000000000000002 0.06766401543327326
316227.7660168379 0.07943282347242818 0.08828804330113751
316227.7660168379 0.06309573444801933 0.11221219573263512
316227.7660168379 0.05011872336272722 0.13941065776908151
316227.7660168379 0.039810717055349734 0.1698149529149279
316227.7660168379 0.03162277660168379 0.2033282662180434
316227.7660168379 0.025118864315095808 0.23983602473578294
316227.7660168379 0.0199526231496888 0.27921460809147963
316227.7660168379 0.015848931924611134 0.32133653226462894
316227.7660168379 0.012589254117941675 0.3660748609686525
316227.7660168379 0.01 0.41330577798392437
316227.7660168379 0.00794328234724282 0.462910851777519
316227.7660168379 0.006309573444801936 0.5147779949912105
316227.7660168379 0.005011872336272725 0.5688016178555125
316227.7660168379 0.003981071705534973 0.6248835083249606
316227.7660168379 0.0031622776601683794 0.6829328545474673
316227.7660168379 0.0025118864315095794 0.7428655099138872
316227.7660168379 0.0019952623149688807 0.8046048588833542
316227.7660168379 0.001584893192461114 0.868081225255479
316227.7660168379 0.0012589254117941675 0.9332316851784578
316227.7660168379 0.001 1.0
398107.17055349774 1.0 0.0
398107.17055349774 0.7943282347242815 0.00030601566167638147
398107.17055349774 0.6309573444801932 0.0012653494453158554
398107.17055349774 0.5011872336272722 0.0030413084362341638
398107.17055349774 0.3981071705534972 0.00593126810320418
398107.17055349774 0.31622776601683794 0.010318064041711917
398107.17055349774 0.251188643150958 0.016624000076409375
398107.17055349774 0.19952623149688797 0.025262820932654858
398107.17055349774 0.15848931924611137 0.036596156859406884
398107.17055349774 0.12589254117941676 0.050904757218685
398107.17055349774 0.10000000000000002 0.06837821313132296
398107.17055349774 0.07943282347242818 0.08911871166732833
398107.17055349774 0.06309573444801933 0.11315508675514772
398107.17055349774 0.05011872336272722 0.14045853738734898
398107.17055349774 0.039810717055349734 0.17095861351873337
398107.17055349774 0.03162277660168379 0.2045565021840736
398107.17055349774 0.025118864315095808 0.24113584778954308
398107.17055349774 0.0199526231496888 0.28057147096287033
398107.17055349774 0.015848931924611134 0.3227342374864604
398107.17055349774 0.012589254117941675 0.3674953608768146
398107.17055349774 0.01 0.4147298670158625
398107.17055349774 0.00794328234724282 0.4643177641748138
398107.17055349774 0.006309573444801936 0.5161449128412771
398107.17055349774 0.005011872336272725 0.5701042208086711
398107.17055349774 0.003981071705534973 0.626095810154821
398107.17055349774 0.0031622776601683794 0.6840261912358908
398107.17055349774 0.0025118864315095794 0.7438096304319031
398107.17055349774 0.0019952623149688807 0.8053673361776998
398107.17055349774 0.001584893192461114 0.8686273471563652
398107.17055349774 0.0012589254117941675 0.9335244405936797
398107.17055349774 0.001 1.0
501187.2336272725 1.0 0.0
501187.2336272725 0.7943282347242815 0.0003151258624277412
501187.2336272725 0.6309573444801932 0.0012969587670960978
501187.2336272725 0.5011872336272722 0.0031086164959203506
501187.2336272725 0.3981071705534972 0.006049140827078175
501187.2336272725 0.31622776601683794 0.010502452832940157
501187.2336272725 0.251188643150958 0.01689041830534324
501187.2336272725 0.19952623149688797 0.025624470103808035
501187.2336272725 0.15848931924611137 0.037062825537601686
501187.2336272725 0.12589254117941676 0.051482311561318925
501187.2336272725 0.10000000000000002 0.06906851137398272
501187.2336272725 0.07943282347242818 0.08992034018674139
501187.2336272725 0.06309573444801933 0.11406353741708157
501187.2336272725 0.05011872336272722 0.14146661191775495
501187.2336272725 0.039810717055349734 0.17205716974236904
501187.2336272725 0.03162277660168379 0.20573446035103685
501187.2336272725 0.025118864315095808 0.24238081777613427
501187.2336272725 0.0199526231496888 0.2818693083431912
501187.2336272725 0.015848931924611134 0.3240691241740944
501187.2336272725 0.012589254117941675 0.3688505963298561
501187.2336272725 0.01 0.41608721251458963
501187.2336272725 0.00794328234724282 0.46565726734810087
501187.2336272725 0.006309573444801936 0.5174452719903269
501187.2336272725 0.005011872336272725 0.5713426471530841
501187.2336272725 0.003981071705534973 0.6272471222335285
501187.2336272725 0.0031622776601683794 0.6850639264986507
501187.2336272725 0.0025118864315095794 0.7447053293530818
501187.2336272725 0.0019952623149688807 0.8060904761912485
501187.2336272725 0.001584893192461114 0.8691452110333473
501187.2336272725 0.0012589254117941675 0.9338021013552709
501187.2336272725 0.001 1.0
630957.3444801943 1.0 0.0
630957.3444801943 0.7943282347242815 0.0003241008387086668
630957.3444801943 0.6309573444801932 0.0013279501088175442
630957.3444801943 0.5011872336272722 0.003174407462602551
630957.3444801943 0.3981071705534972 0.00616411224679613
630957.3444801943 0.31622776601683794 0.010682041189820421
630957.3444801943 0.251188643150958 0.017149407819049185
630957.3444801943 0.19952623149688797 0.025975411019004004
630957.3444801943 0.15848931924611137 0.037514909862114844
630957.3444801943 0.12589254117941676 0.0520408528929163
630957.3444801943 0.10000000000000002 0.06973499450379375
630957.3444801943 0.07943282347242818 0.09069299075938128
630957.3444801943 0.06309573444801933 0.11493763650414446
630957.3444801943 0.05011872336272722 0.1424351127679005
630957.3444801943 0.039810717055349734 0.1731108633509629
630957.3444801943 0.03162277660168379 0.20686271698988865
630957.3444801943 0.025118864315095808 0.24357146477296923
630957.3444801943 0.0199526231496888 0.28310852026007527
630957.3444801943 0.015848931924611134 0.3253422206558741
630957.3444801943 0.012589254117941675 0.37014151945336127
630957.3444801943 0.01 0.41737858512894305
630957.3444801943 0.00794328234724282 0.4669302917026362
630957.3444801943 0.006309573444801936 0.5186801089021817
630957.3444801943 0.005011872336272725 0.5725172349054616
630957.3444801943 0.003981071705534973 0.6283382791499925
630957.3444801943 0.0031622776601683794 0.6860467761463078
630957.3444801943 0.0025118864315095794 0.7455531276226285
630957.3444801943 0.0019952623149688807 0.8067744589801139
630957.3444801943 0.001584893192461114 0.8696347273330164
630957.3444801943 0.0012589254117941675 0.9340643271285308
630957.3444801943 0.001 1.0
794328.2347242822 1.0 0.0
794328.2347242822 0.7943282347242815 0.0003329346523280895
794328.2347242822 0.6309573444801932 0.0013582948785476655
794328.2347242822 0.5011872336272722 0.0032386401078252397
794328.2347242822 0.3981071705534972 0.006276164024456206
794328.2347242822 0.31622776601683794 0.01085673193819574
794328.2347242822 0.251188643150958 0.01740087978711517
794328.2347242822 0.19952623149688797 0.026315586459122364
794328.2347242822 0.15848931924611137 0.03795237440835353
794328.2347242822 0.12589254117941676 0.052580428294582024
794328.2347242822 0.10000000000000002 0.07037782523271097
794328.2347242822 0.07943282347242818 0.09143689818710743
794328.2347242822 0.06309573444801933 0.11577778345480386
794328.2347242822 0.05011872336272722 0.14336448449476386
794328.2347242822 0.039810717055349734 0.17412047844698592
