src/nupyprop/models/ixc_muon_pn_bdhm_rock.ecsv
# %ECSV 1.0
# ---
# datatype:
# - {name: energy, datatype: float64}
# - {name: y, datatype: float64}
# - {name: cdf_pn_bdhm, datatype: float64}
# meta: !!omap
# - {Description: Muon-nucleon cross-section CDF values for PN_BDHM in rock}
# - {energy: 'Muon energy, in GeV'}
# - {y: Inelasticity; y = (E_initial-E_final)/E_initial}
# - {cdf: Cross-section CDF values for PN_BDHM in rock}
# - {Note: 'The integrated cross-section CDF values should be integrated from y = 1, 10^(-0.1),...,10^(-3). This is a convention we chose
#     to adopt'}
# schema: astropy-2.0
energy y cdf_pn_bdhm
[from data line 1240]
10000.0 1.0 0.0
10000.0 0.7943282347242815 0.004961284433741588
10000.0 0.6309573444801932 0.013372918455618924
10000.0 0.5011872336272722 0.024241659314341447
10000.0 0.3981071705534972 0.03761932822268096
10000.0 0.31622776601683794 0.0535582487386584
10000.0 0.251188643150958 0.07203766746672567
10000.0 0.19952623149688797 0.09297168131300729
10000.0 0.15848931924611137 0.11623580396464732
10000.0 0.12589254117941676 0.1416858259373075
10000.0 0.10000000000000002 0.16917055207083811
10000.0 0.07943282347242818 0.1985426102034046
10000.0 0.06309573444801933 0.22966480814164134
10000.0 0.05011872336272722 0.26241218398740723
10000.0 0.039810717055349734 0.29667214076314685
10000.0 0.03162277660168379 0.3323460896639835
10000.0 0.025118864315095808 0.36934757006720764
10000.0 0.0199526231496888 0.4076022159572092
10000.0 0.015848931924611134 0.4470467484609748
10000.0 0.012589254117941675 0.48762741882688254
10000.0 0.01 0.5292990016087089
10000.0 0.00794328234724282 0.5720235392127939
10000.0 0.006309573444801936 0.6157690345482465
10000.0 0.005011872336272725 0.6605091554544763
10000.0 0.003981071705534973 0.706221254955618
10000.0 0.0031622776601683794 0.7528867427031585
10000.0 0.0025118864315095794 0.8004891833894825
10000.0 0.0019952623149688807 0.8490142617293771
10000.0 0.001584893192461114 0.8984490782296154
10000.0 0.0012589254117941675 0.9487814442531172
10000.0 0.001 1.0
12589.254117941688 1.0 0.0
12589.254117941688 0.7943282347242815 0.005028754300861557
12589.254117941688 0.6309573444801932 0.013528252513664126
12589.254117941688 0.5011872336272722 0.024497162487240313
12589.254117941688 0.3981071705534972 0.03798602712342147
12589.254117941688 0.31622776601683794 0.0540464898511812
12589.254117941688 0.251188643150958 0.07265483042858113
12589.254117941688 0.19952623149688797 0.09372324905618526
12589.254117941688 0.15848931924611137 0.11712382842981685
12589.254117941688 0.12589254117941676 0.14270958952322124
12589.254117941688 0.10000000000000002 0.17032652505951956
12589.254117941688 0.07943282347242818 0.19982460522936335
12589.254117941688 0.06309573444801933 0.2310645579926638
12589.254117941688 0.05011872336272722 0.2639180946448635
12589.254117941688 0.039810717055349734 0.2982712104207123
12589.254117941688 0.03162277660168379 0.33402241340767774
12589.254117941688 0.025118864315095808 0.37108326012772
12589.254117941688 0.0199526231496888 0.4093775388173701
12589.254117941688 0.015848931924611134 0.4488401062044871
12589.254117941688 0.012589254117941675 0.48941551877016415
12589.254117941688 0.01 0.5310571399545393
12589.254117941688 0.00794328234724282 0.5737252070702148
12589.254117941688 0.006309573444801936 0.6173872607905005
12589.254117941688 0.005011872336272725 0.6620164675780373
12589.254117941688 0.003981071705534973 0.7075904201805888
12589.254117941688 0.0031622776601683794 0.7540901951167607
12589.254117941688 0.0025118864315095794 0.8015002565377658
12589.254117941688 0.0019952623149688807 0.8498073030702163
12589.254117941688 0.001584893192461114 0.8989995730739953
12589.254117941688 0.0012589254117941675 0.9490683136218919
12589.254117941688 0.001 1.0
15848.93192461114 1.0 0.0
15848.93192461114 0.7943282347242815 0.00509524256116338
15848.93192461114 0.6309573444801932 0.013680614899916675
15848.93192461114 0.5011872336272722 0.02474728356369317
15848.93192461114 0.3981071705534972 0.038344579701274896
15848.93192461114 0.31622776601683794 0.054523409886302866
15848.93192461114 0.251188643150958 0.07325755782159135
15848.93192461114 0.19952623149688797 0.09445697205016812
15848.93192461114 0.15848931924611137 0.11799135474678145
15848.93192461114 0.12589254117941676 0.14370945702046942
15848.93192461114 0.10000000000000002 0.17145559132149243
15848.93192461114 0.07943282347242818 0.2010784447132261
15848.93192461114 0.06309573444801933 0.23243437782304668
15848.93192461114 0.05011872336272722 0.26539408770896744
15848.93192461114 0.039810717055349734 0.29984047116577156
15848.93192461114 0.03162277660168379 0.33566985702667507
15848.93192461114 0.025118864315095808 0.37279206682544175
15848.93192461114 0.0199526231496888 0.4111289715134182
15848.93192461114 0.015848931924611134 0.4506133579677212
15848.93192461114 0.012589254117941675 0.4911879767946733
15848.93192461114 0.01 0.5328041452200825
15848.93192461114 0.00794328234724282 0.5754212525308584
15848.93192461114 0.006309573444801936 0.6190055868623243
15848.93192461114 0.005011872336272725 0.6635293084430423
15848.93192461114 0.003981071705534973 0.7089692880396398
15848.93192461114 0.0031622776601683794 0.7553068098819137
15848.93192461114 0.0025118864315095794 0.8025265166031402
15848.93192461114 0.0019952623149688807 0.8506155584839195
15848.93192461114 0.001584893192461114 0.8995652334902082
15848.93192461114 0.0012589254117941675 0.9493622208470492
15848.93192461114 0.001 1.0
19952.62314968879 1.0 0.0
19952.62314968879 0.7943282347242815 0.005160506624479891
19952.62314968879 0.6309573444801932 0.013829431694040072
19952.62314968879 0.5011872336272722 0.024991067089388544
19952.62314968879 0.3981071705534972 0.03869370053116575
19952.62314968879 0.31622776601683794 0.0549872932002697
19952.62314968879 0.251188643150958 0.07384386977950844
19952.62314968879 0.19952623149688797 0.09517063701232838
19952.62314968879 0.15848931924611137 0.11883427291102079
19952.62314968879 0.12589254117941676 0.1446813568682833
19952.62314968879 0.10000000000000002 0.17255396129671094
19952.62314968879 0.07943282347242818 0.20229791953549514
19952.62314968879 0.06309573444801933 0.23376807177505263
19952.62314968879 0.05011872336272722 0.26683208739365977
19952.62314968879 0.039810717055349734 0.30137047717553284
19952.62314968879 0.03162277660168379 0.33727780747794694
19952.62314968879 0.025118864315095808 0.37446241475794656
19952.62314968879 0.0199526231496888 0.41284377533310485
19952.62314968879 0.015848931924611134 0.45235276538721864
19952.62314968879 0.012589254117941675 0.4929303296030774
19952.62314968879 0.01 0.5345256183566884
19952.62314968879 0.00794328234724282 0.5770967673194943
19952.62314968879 0.006309573444801936 0.6206087361982534
19952.62314968879 0.005011872336272725 0.6650324310987482
19952.62314968879 0.003981071705534973 0.7103437327783293
19952.62314968879 0.0031622776601683794 0.7565234927590907
19952.62314968879 0.0025118864315095794 0.8035564820109617
19952.62314968879 0.0019952623149688807 0.8514300033376276
19952.62314968879 0.001584893192461114 0.9001342339133076
19952.62314968879 0.0012589254117941675 0.949659796383777
19952.62314968879 0.001 1.0
25118.864315095823 1.0 0.0
25118.864315095823 0.7943282347242815 0.005224294092464122
25118.864315095823 0.6309573444801932 0.013974141730576782
25118.864315095823 0.5011872336272722 0.025227450535688263
25118.864315095823 0.3981071705534972 0.039032232369743125
25118.864315095823 0.31622776601683794 0.05543689399967865
25118.864315095823 0.251188643150958 0.07441152205452718
25118.864315095823 0.19952623149688797 0.09586085446976975
25118.864315095823 0.15848931924611137 0.1196493849920675
25118.864315095823 0.12589254117941676 0.14562130699894826
25118.864315095823 0.10000000000000002 0.17361604544782636
25118.864315095823 0.07943282347242818 0.20347763016541748
25118.864315095823 0.06309573444801933 0.23505849768521325
25118.864315095823 0.05011872336272722 0.26822362679401096
25118.864315095823 0.039810717055349734 0.3028522796262962
25118.864315095823 0.03162277660168379 0.33883650398498394
25118.864315095823 0.025118864315095808 0.3760833366960928
25118.864315095823 0.0199526231496888 0.41451003956953963
25118.864315095823 0.015848931924611134 0.4540455457247989
25118.864315095823 0.012589254117941675 0.49462799219850356
25118.864315095823 0.01 0.5362058558020001
25118.864315095823 0.00794328234724282 0.5787357348344326
25118.864315095823 0.006309573444801936 0.6221804956715162
25118.864315095823 0.005011872336272725 0.6665094958443676
25118.864315095823 0.003981071705534973 0.7116979668675382
25118.864315095823 0.0031622776601683794 0.7577260362943958
25118.864315095823 0.0025118864315095794 0.8045775367852919
25118.864315095823 0.0019952623149688807 0.8522396530612514
25118.864315095823 0.001584893192461114 0.9007024633347265
25118.864315095823 0.0012589254117941675 0.9499580205613029
25118.864315095823 0.001 1.0
31622.776601683792 1.0 0.0
31622.776601683792 0.7943282347242815 0.005286403100586433
31622.776601683792 0.6309573444801932 0.014114305658019896
31622.776601683792 0.5011872336272722 0.025455745757693028
31622.776601683792 0.3981071705534972 0.039358804176108216
31622.776601683792 0.31622776601683794 0.05587012100268743
31622.776601683792 0.251188643150958 0.07495793928845272
31622.776601683792 0.19952623149688797 0.0965246331527398
31622.776601683792 0.15848931924611137 0.12043289652074811
31622.776601683792 0.12589254117941676 0.14652465358758618
31622.776601683792 0.10000000000000002 0.17463723285763996
31622.776601683792 0.07943282347242818 0.20461166024570013
31622.776601683792 0.06309573444801933 0.2362985957801639
31622.776601683792 0.05011872336272722 0.26956164056462456
31622.776601683792 0.039810717055349734 0.30427787548848206
31622.776601683792 0.03162277660168379 0.3403381160381772
31622.776601683792 0.025118864315095808 0.3776459130214457
31622.776601683792 0.0199526231496888 0.4161178896338881
31622.776601683792 0.015848931924611134 0.45567991766614413
31622.776601683792 0.012589254117941675 0.49626974620549813
31622.776601683792 0.01 0.5378337390685141
31622.776601683792 0.00794328234724282 0.5803260924756849
31622.776601683792 0.006309573444801936 0.6237083718259608
31622.776601683792 0.005011872336272725 0.6679483566590729
31622.776601683792 0.003981071705534973 0.7130202500651326
31622.776601683792 0.0031622776601683794 0.7589045293689052
31622.776601683792 0.0025118864315095794 0.8055810241417536
31622.776601683792 0.0019952623149688807 0.8530376612956451
31622.776601683792 0.001584893192461114 0.9012643779318179
31622.776601683792 0.0012589254117941675 0.9502537904912707
31622.776601683792 0.001 1.0
39810.71705534977 1.0 0.0
39810.71705534977 0.7943282347242815 0.005346718140891747
39810.71705534977 0.6309573444801932 0.014249719196234658
39810.71705534977 0.5011872336272722 0.0256758562441431
39810.71705534977 0.3981071705534972 0.039672951751533125
39810.71705534977 0.31622776601683794 0.05628635687445884
39810.71705534977 0.251188643150958 0.07548217242124816
39810.71705534977 0.19952623149688797 0.09716118554978025
39810.71705534977 0.15848931924611137 0.12118391140854469
39810.71705534977 0.12589254117941676 0.14739016146033662
39810.71705534977 0.10000000000000002 0.17561495669811966
39810.71705534977 0.07943282347242818 0.20569728812757176
39810.71705534977 0.06309573444801933 0.23748608171365018
39810.71705534977 0.05011872336272722 0.27084338194985746
39810.71705534977 0.039810717055349734 0.3056442409878676
39810.71705534977 0.03162277660168379 0.3417775467626297
39810.71705534977 0.025118864315095808 0.37914537376954466
39810.71705534977 0.0199526231496888 0.4176613728078935
39810.71705534977 0.015848931924611134 0.4572510001031171
39810.71705534977 0.012589254117941675 0.497849940142285
39810.71705534977 0.01 0.5394022837602848
39810.71705534977 0.00794328234724282 0.5818606530553562
39810.71705534977 0.006309573444801936 0.6251852162850597
39810.71705534977 0.005011872336272725 0.6693421562897701
39810.71705534977 0.003981071705534973 0.7143039731569308
39810.71705534977 0.0031622776601683794 0.760047976228688
39810.71705534977 0.0025118864315095794 0.8065570709492792
39810.71705534977 0.0019952623149688807 0.8538162571718635
39810.71705534977 0.001584893192461114 0.9018143870827096
39810.71705534977 0.0012589254117941675 0.9505442179395647
39810.71705534977 0.001 1.0
50118.72336272725 1.0 0.0
50118.72336272725 0.7943282347242815 0.0054051228438858215
50118.72336272725 0.6309573444801932 0.014380117439795413
50118.72336272725 0.5011872336272722 0.025887391000631067
50118.72336272725 0.3981071705534972 0.039974162156636225
50118.72336272725 0.31622776601683794 0.05668469833209934
50118.72336272725 0.251188643150958 0.07598332608482408
50118.72336272725 0.19952623149688797 0.09776929323679827
50118.72336272725 0.15848931924611137 0.12190069216686683
50118.72336272725 0.12589254117941676 0.14821570483334798
50118.72336272725 0.10000000000000002 0.17654709481596617
50118.72336272725 0.07943282347242818 0.20673229077350572
50118.72336272725 0.06309573444801933 0.23861875708338487
50118.72336272725 0.05011872336272722 0.2720658599311667
50118.72336272725 0.039810717055349734 0.3069475680789774
50118.72336272725 0.03162277660168379 0.3431509575502522
50118.72336272725 0.025118864315095808 0.38057604109207016
50118.72336272725 0.0199526231496888 0.4191351133442999
50118.72336272725 0.015848931924611134 0.45875226333230185
50118.72336272725 0.012589254117941675 0.4993607548831486
50118.72336272725 0.01 0.5409032888067091
50118.72336272725 0.00794328234724282 0.5833310256947066
50118.72336272725 0.006309573444801936 0.6266021893970964
50118.72336272725 0.005011872336272725 0.670681518209924
50118.72336272725 0.003981071705534973 0.7155396313041913
50118.72336272725 0.0031622776601683794 0.7611531463858124
50118.72336272725 0.0025118864315095794 0.80750160129822
50118.72336272725 0.0019952623149688807 0.8545705672924324
50118.72336272725 0.001584893192461114 0.9023485225705045
50118.72336272725 0.0012589254117941675 0.9508269346658884
50118.72336272725 0.001 1.0
63095.73444801943 1.0 0.0
63095.73444801943 0.7943282347242815 0.005461514028976705
63095.73444801943 0.6309573444801932 0.014505364048164462
63095.73444801943 0.5011872336272722 0.02608996855329536
63095.73444801943 0.3981071705534972 0.04026191671525872
63095.73444801943 0.31622776601683794 0.05706443902484955
63095.73444801943 0.251188643150958 0.07646065416037287
63095.73444801943 0.19952623149688797 0.09834777194153191
63095.73444801943 0.15848931924611137 0.1225820452675358
63095.73444801943 0.12589254117941676 0.148999750680846
63095.73444801943 0.10000000000000002 0.17743203622109263
63095.73444801943 0.07943282347242818 0.20771473969633894
63095.73444801943 0.06309573444801933 0.23969344910541682
63095.73444801943 0.05011872336272722 0.2732259700074267
63095.73444801943 0.039810717055349734 0.30818458633420426
63095.73444801943 0.03162277660168379 0.34445459052065946
63095.73444801943 0.025118864315095808 0.3819343640837911
63095.73444801943 0.0199526231496888 0.42053525853839646
63095.73444801943 0.015848931924611134 0.460178950366046
63095.73444801943 0.012589254117941675 0.5007973931903174
63095.73444801943 0.01 0.5423319128265759
63095.73444801943 0.00794328234724282 0.5847318099659577
63095.73444801943 0.006309573444801936 0.6279536071253841
63095.73444801943 0.005011872336272725 0.6719603284147985
63095.73444801943 0.003981071705534973 0.7167213681369905
63095.73444801943 0.0031622776601683794 0.7622105864029919
63095.73444801943 0.0025118864315095794 0.8084076449280292
63095.73444801943 0.0019952623149688807 0.8552961220244314
63095.73444801943 0.001584893192461114 0.9028633443254379
63095.73444801943 0.0012589254117941675 0.9511001068305323
63095.73444801943 0.001 1.0
79432.82347242821 1.0 0.0
79432.82347242821 0.7943282347242815 0.005515844144126699
79432.82347242821 0.6309573444801932 0.014625407135807704
79432.82347242821 0.5011872336272722 0.02628341524246167
79432.82347242821 0.3981071705534972 0.04053597891919346
79432.82347242821 0.31622776601683794 0.05742544484344369
79432.82347242821 0.251188643150958 0.07691371535046237
79432.82347242821 0.19952623149688797 0.09889613120049037
79432.82347242821 0.15848931924611137 0.1232272599748056
79432.82347242821 0.12589254117941676 0.1497416422447003
79432.82347242821 0.10000000000000002 0.17826913683151233
79432.82347242821 0.07943282347242818 0.20864379030743924
79432.82347242821 0.06309573444801933 0.24070941424595
