src/nupyprop/models/ixc_muon_pn_ckmt_water.ecsv
# %ECSV 1.0
# ---
# datatype:
# - {name: energy, datatype: float64}
# - {name: y, datatype: float64}
# - {name: cdf_pn_ckmt, datatype: float64}
# meta: !!omap
# - {Description: Muon-nucleon cross-section CDF values for PN_CKMT in water}
# - {energy: 'Muon energy, in GeV'}
# - {y: Inelasticity; y = (E_initial-E_final)/E_initial}
# - {cdf: Cross-section CDF values for PN_CKMT in water}
# - {Note: 'The integrated cross-section CDF values should be integrated from y = 1, 10^(-0.1),...,10^(-3). This is a convention we chose
#     to adopt'}
# schema: astropy-2.0
energy y cdf_pn_ckmt
[from data line 2694]
398107170.5534969 0.001584893192461114 0.9076001223450484
398107170.5534969 0.0012589254117941675 0.9536079430343074
398107170.5534969 0.001 1.0
501187233.6272735 1.0 0.0
501187233.6272735 0.7943282347242815 0.007573021786902818
501187233.6272735 0.6309573444801932 0.018596811276777155
501187233.6272735 0.5011872336272722 0.032065775230481895
501187233.6272735 0.3981071705534972 0.048031417565285714
501187233.6272735 0.31622776601683794 0.06651242943157341
501187233.6272735 0.251188643150958 0.0874461156942444
501187233.6272735 0.19952623149688797 0.11071063716054745
501187233.6272735 0.15848931924611137 0.13615132333430616
501187233.6272735 0.12589254117941676 0.16360054252996517
501187233.6272735 0.10000000000000002 0.19289070310962908
501187233.6272735 0.07943282347242818 0.22386195426803646
501187233.6272735 0.06309573444801933 0.25636620775411956
501187233.6272735 0.05011872336272722 0.2902687700152415
501187233.6272735 0.039810717055349734 0.32544851331229013
501187233.6272735 0.03162277660168379 0.3617972058282345
501187233.6272735 0.025118864315095808 0.3992184129438732
501187233.6272735 0.0199526231496888 0.4376262235644246
501187233.6272735 0.015848931924611134 0.4769439554662342
501187233.6272735 0.012589254117941675 0.5171029274103758
501187233.6272735 0.01 0.5580413415594845
501187233.6272735 0.00794328234724282 0.5997032942127698
501187233.6272735 0.006309573444801936 0.642037917005677
501187233.6272735 0.005011872336272725 0.6849986418680886
501187233.6272735 0.003981071705534973 0.7285425782205808
501187233.6272735 0.0031622776601683794 0.7726299901539072
501187233.6272735 0.0025118864315095794 0.817223858826098
501187233.6272735 0.0019952623149688807 0.8622895202531051
501187233.6272735 0.001584893192461114 0.9077943653009737
501187233.6272735 0.0012589254117941675 0.9537075916212485
501187233.6272735 0.001 1.0
630957344.4801943 1.0 0.0
630957344.4801943 0.7943282347242815 0.007662730968592859
630957344.4801943 0.6309573444801932 0.018775976654185136
630957344.4801943 0.5011872336272722 0.032333628824206755
630957344.4801943 0.3981071705534972 0.048386662124367326
630957344.4801943 0.31622776601683794 0.06695212560119329
630957344.4801943 0.251188643150958 0.08796553064751848
630957344.4801943 0.19952623149688797 0.11130347488950039
630957344.4801943 0.15848931924611137 0.13681006980304583
630957344.4801943 0.12589254117941676 0.16431612106475385
630957344.4801943 0.10000000000000002 0.19365485114326353
630957344.4801943 0.07943282347242818 0.22466539563894602
630957344.4801943 0.06309573444801933 0.25719953551349756
630957344.4801943 0.05011872336272722 0.29112259039621596
630957344.4801943 0.039810717055349734 0.32631354975351085
630957344.4801943 0.03162277660168379 0.3626643738503242
630957344.4801943 0.025118864315095808 0.40007886974116813
630957344.4801943 0.0199526231496888 0.4384714005582966
630957344.4801943 0.015848931924611134 0.4777655777821164
630957344.4801943 0.012589254117941675 0.5178930234654067
630957344.4801943 0.01 0.5587922458072784
630957344.4801943 0.00794328234724282 0.6004076449858393
630957344.4801943 0.006309573444801936 0.6426886508931222
630957344.4801943 0.005011872336272725 0.6855889854958386
630957344.4801943 0.003981071705534973 0.7290660379105308
630957344.4801943 0.0031622776601683794 0.7730803418665377
630957344.4801943 0.0025118864315095794 0.8175951354770348
630957344.4801943 0.0019952623149688807 0.8625759996771508
630957344.4801943 0.001584893192461114 0.9079905566778791
630957344.4801943 0.0012589254117941675 0.9538082219542724
630957344.4801943 0.001 1.0
794328234.7242821 1.0 0.0
794328234.7242821 0.7943282347242815 0.007753760448691352
794328234.7242821 0.6309573444801932 0.01895776105934122
794328234.7242821 0.5011872336272722 0.03260525165799495
794328234.7242821 0.3981071705534972 0.048746784657525695
794328234.7242821 0.31622776601683794 0.06739752554099004
794328234.7242821 0.251188643150958 0.08849162102912107
794328234.7242821 0.19952623149688797 0.11190386377889269
794328234.7242821 0.15848931924611137 0.13747713428998248
794328234.7242821 0.12589254117941676 0.16504204927774535
794328234.7242821 0.10000000000000002 0.19442987436324485
794328234.7242821 0.07943282347242818 0.22548011190530648
794328234.7242821 0.06309573444801933 0.2580444122607734
794328234.7242821 0.05011872336272722 0.29198810970655714
794328234.7242821 0.039810717055349734 0.32719031433978496
794328234.7242821 0.03162277660168379 0.36354318202629227
794328234.7242821 0.025118864315095808 0.40095076618720243
794328234.7242821 0.0199526231496888 0.4393277092146477
794328234.7242821 0.015848931924611134 0.47859792160132036
794328234.7242821 0.012589254117941675 0.5186933342175674
794328234.7242821 0.01 0.5595527670070851
794328234.7242821 0.00794328234724282 0.6011209298223992
794328234.7242821 0.006309573444801936 0.6433475566543354
794328234.7242821 0.005011872336272725 0.6861866656328487
794328234.7242821 0.003981071705534973 0.7295959323504086
794328234.7242821 0.0031622776601683794 0.7735361656489
794328234.7242821 0.0025118864315095794 0.8179708680120344
794328234.7242821 0.0019952623149688807 0.8628658719011293
794328234.7242821 0.001584893192461114 0.9081890383780548
794328234.7242821 0.0012589254117941675 0.9539100088080362
794328234.7242821 0.001 1.0
1000000000.0 1.0 0.0
1000000000.0 0.7943282347242815 0.007846139101286058
1000000000.0 0.6309573444801932 0.019142067832614032
1000000000.0 0.5011872336272722 0.03288058366250789
1000000000.0 0.3981071705534972 0.04911176552450231
1000000000.0 0.31622776601683794 0.0678493262544382
1000000000.0 0.251188643150958 0.08902513039089026
1000000000.0 0.19952623149688797 0.11251259804235421
1000000000.0 0.15848931924611137 0.13815336450494625
1000000000.0 0.12589254117941676 0.16577715612892902
1000000000.0 0.10000000000000002 0.19521465904553084
1000000000.0 0.07943282347242818 0.2263050482556485
1000000000.0 0.06309573444801933 0.2588998431442708
1000000000.0 0.05011872336272722 0.292864394091145
1000000000.0 0.039810717055349734 0.3280779347064462
1000000000.0 0.03162277660168379 0.3644328199045545
1000000000.0 0.025118864315095808 0.4018333539351056
1000000000.0 0.0199526231496888 0.44019446329909334
1000000000.0 0.015848931924611134 0.4794403625964101
1000000000.0 0.012589254117941675 0.5195032968365656
1000000000.0 0.01 0.5603224031783245
1000000000.0 0.00794328234724282 0.6018427067073988
1000000000.0 0.006309573444801936 0.6440142511317635
1000000000.0 0.005011872336272725 0.6867913565968631
1000000000.0 0.003981071705534973 0.7301319911015747
1000000000.0 0.0031622776601683794 0.7739972446639328
1000000000.0 0.0025118864315095794 0.8183508902566992
1000000000.0 0.0019952623149688807 0.8631590184020468
1000000000.0 0.001584893192461114 0.9083897360254283
1000000000.0 0.0012589254117941675 0.9540129175651627
1000000000.0 0.001 1.0
1258925411.794166 1.0 0.0
1258925411.794166 0.7943282347242815 0.007939883059150174
1258925411.794166 0.6309573444801932 0.019328980089204084
1258925411.794166 0.5011872336272722 0.03315972187868717
1258925411.794166 0.3981071705534972 0.04948171511792139
1258925411.794166 0.31622776601683794 0.06830697892436542
1258925411.794166 0.251188643150958 0.08956552459691121
1258925411.794166 0.19952623149688797 0.11312915541893757
1258925411.794166 0.15848931924611137 0.13883824912760706
1258925411.794166 0.12589254117941676 0.16652163081715546
1258925411.794166 0.10000000000000002 0.19600940298482258
1258925411.794166 0.07943282347242818 0.22714040987755185
1258925411.794166 0.06309573444801933 0.2597660393377386
1258925411.794166 0.05011872336272722 0.2937516593343137
1258925411.794166 0.039810717055349734 0.32897662961826585
1258925411.794166 0.03162277660168379 0.36533350799864023
1258925411.794166 0.025118864315095808 0.40272685377758244
1258925411.794166 0.0199526231496888 0.44107188233647454
1258925411.794166 0.015848931924611134 0.4802931174149335
1258925411.794166 0.012589254117941675 0.5203231234157087
1258925411.794166 0.01 0.561101360071697
1258925411.794166 0.00794328234724282 0.6025731731714937
1258925411.794166 0.006309573444801936 0.6446889217200079
1258925411.794166 0.005011872336272725 0.6874032333060244
1258925411.794166 0.003981071705534973 0.7306743739523412
1258925411.794166 0.0031622776601683794 0.774463721111123
1258925411.794166 0.0025118864315095794 0.8187353236957203
1258925411.794166 0.0019952623149688807 0.8634555366393615
1258925411.794166 0.001584893192461114 0.9085927191406692
1258925411.794166 0.0012589254117941675 0.9541169854835402
1258925411.794166 0.001 1.0
1584893192.4611173 1.0 0.0
1584893192.4611173 0.7943282347242815 0.008034997891134571
1584893192.4611173 0.6309573444801932 0.01951851554017965
1584893192.4611173 0.5011872336272722 0.033442695455478774
1584893192.4611173 0.3981071705534972 0.04985667406007178
1584893192.4611173 0.31622776601683794 0.06877075830418361
1584893192.4611173 0.251188643150958 0.09011308572248533
1584893192.4611173 0.19952623149688797 0.1137538257731314
1584893192.4611173 0.15848931924611137 0.1395320836561095
1584893192.4611173 0.12589254117941676 0.16727577530611415
1584893192.4611173 0.10000000000000002 0.1968144117472832
1584893192.4611173 0.07943282347242818 0.22798650449664895
1584893192.4611173 0.06309573444801933 0.26064330897883403
1584893192.4611173 0.05011872336272722 0.2946502125779187
1584893192.4611173 0.039810717055349734 0.32988670379767776
1584893192.4611173 0.03162277660168379 0.3662455469087431
1584893192.4611173 0.025118864315095808 0.40363156061110556
1584893192.4611173 0.0199526231496888 0.4419602539244614
1584893192.4611173 0.015848931924611134 0.4811564647095149
1584893192.4611173 0.012589254117941675 0.5211530819763908
1584893192.4611173 0.01 0.5618898933433939
1584893192.4611173 0.00794328234724282 0.6033125706998095
1584893192.4611173 0.006309573444801936 0.6453717937732631
1584893192.4611173 0.005011872336272725 0.6880225028680731
1584893192.4611173 0.003981071705534973 0.7312232676329653
1584893192.4611173 0.0031622776601683794 0.7749357585019726
1584893192.4611173 0.0025118864315095794 0.8191243060512858
1584893192.4611173 0.0019952623149688807 0.863755535515949
1584893192.4611173 0.001584893192461114 0.9087980643638172
1584893192.4611173 0.0012589254117941675 0.954222253101545
1584893192.4611173 0.001 1.0
1995262314.9688828 1.0 0.0
1995262314.9688828 0.7943282347242815 0.008131527414118087
1995262314.9688828 0.6309573444801932 0.019710617159858237
1995262314.9688828 0.5011872336272722 0.033729462556064314
1995262314.9688828 0.3981071705534972 0.05023661487373048
1995262314.9688828 0.31622776601683794 0.06924065205962311
1995262314.9688828 0.251188643150958 0.0906678159679224
1995262314.9688828 0.19952623149688797 0.11438662564347335
1995262314.9688828 0.15848931924611137 0.14023489882499243
1995262314.9688828 0.12589254117941676 0.1680396322122697
1995262314.9688828 0.10000000000000002 0.1976297398654647
1995262314.9688828 0.07943282347242818 0.22884339740771434
1995262314.9688828 0.06309573444801933 0.26153172762776633
1995262314.9688828 0.05011872336272722 0.2955601381083574
1995262314.9688828 0.039810717055349734 0.3308082492088411
1995262314.9688828 0.03162277660168379 0.3671690346935222
1995262314.9688828 0.025118864315095808 0.40454757767480465
1995262314.9688828 0.0199526231496888 0.44285968529671693
1995262314.9688828 0.015848931924611134 0.48203051427897425
1995262314.9688828 0.012589254117941675 0.5219932836088066
1995262314.9688828 0.01 0.562688113986205
1995262314.9688828 0.00794328234724282 0.6040610086299433
1995262314.9688828 0.006309573444801936 0.6460629732463624
1995262314.9688828 0.005011872336272725 0.688649266283498
1995262314.9688828 0.003981071705534973 0.7317787662872645
1995262314.9688828 0.0031622776601683794 0.775413442047557
1995262314.9688828 0.0025118864315095794 0.8195179114079005
1995262314.9688828 0.0019952623149688807 0.8640590753449288
1995262314.9688828 0.001584893192461114 0.9090058153601008
1995262314.9688828 0.0012589254117941675 0.9543287441006265
1995262314.9688828 0.001 1.0
2511886431.509582 1.0 0.0
2511886431.509582 0.7943282347242815 0.008229457852956926
2511886431.509582 0.6309573444801932 0.019905629342715697
2511886431.509582 0.5011872336272722 0.03402037652854191
2511886431.509582 0.3981071705534972 0.05062189923649855
2511886431.509582 0.31622776601683794 0.06971702862954281
2511886431.509582 0.251188643150958 0.09123009112770171
2511886431.509582 0.19952623149688797 0.11502793477162367
2511886431.509582 0.15848931924611137 0.14094707674703924
2511886431.509582 0.12589254117941676 0.1688135846720914
2511886431.509582 0.10000000000000002 0.1984557695427042
2511886431.509582 0.07943282347242818 0.2297114680175206
2511886431.509582 0.06309573444801933 0.26243166926194883
2511886431.509582 0.05011872336272722 0.29648180398376983
2511886431.509582 0.039810717055349734 0.3317416260545385
2511886431.509582 0.03162277660168379 0.36810432299870843
2511886431.509582 0.025118864315095808 0.4054752458768066
2511886431.509582 0.0199526231496888 0.4437705048744224
2511886431.509582 0.015848931924611134 0.48291558079124014
2511886431.509582 0.012589254117941675 0.5228440275175306
2511886431.509582 0.01 0.5634963040721408
2511886431.509582 0.00794328234724282 0.604818750230114
2511886431.509582 0.006309573444801936 0.6467627029272522
2511886431.509582 0.005011872336272725 0.6892837440321463
2511886431.509582 0.003981071705534973 0.7323410661788706
2511886431.509582 0.0031622776601683794 0.775896941777363
2511886431.509582 0.0025118864315095794 0.8199162812418251
2511886431.509582 0.0019952623149688807 0.8643662666299063
2511886431.509582 0.001584893192461114 0.9092160489456028
2511886431.509582 0.0012589254117941675 0.9544364985917049
2511886431.509582 0.001 1.0
3162277660.1683793 1.0 0.0
3162277660.1683793 0.7943282347242815 0.00832881616238148
3162277660.1683793 0.6309573444801932 0.020103248188957284
3162277660.1683793 0.5011872336272722 0.034315151186543685
3162277660.1683793 0.3981071705534972 0.05101225852246967
3162277660.1683793 0.31622776601683794 0.07019963823036787
3162277660.1683793 0.251188643150958 0.09179968076917548
3162277660.1683793 0.19952623149688797 0.11567754092574485
3162277660.1683793 0.15848931924611137 0.14166842411104744
3162277660.1683793 0.12589254117941676 0.16959745799720088
3162277660.1683793 0.10000000000000002 0.19929234417913325
3162277660.1683793 0.07943282347242818 0.23059057740410865
3162277660.1683793 0.06309573444801933 0.2633430141197704
3162277660.1683793 0.05011872336272722 0.2974151065267176
3162277660.1683793 0.039810717055349734 0.3326867461177919
3162277660.1683793 0.03162277660168379 0.36905133766600784
3162277660.1683793 0.025118864315095808 0.4064145046499381
3162277660.1683793 0.0199526231496888 0.4446926648612851
3162277660.1683793 0.015848931924611134 0.48381162810228234
3162277660.1683793 0.012589254117941675 0.5237052882865545
3162277660.1683793 0.01 0.5643144478565806
3162277660.1683793 0.00794328234724282 0.6055857883325404
3162277660.1683793 0.006309573444801936 0.6474709830521765
3162277660.1683793 0.005011872336272725 0.6899259424652842
3162277660.1683793 0.003981071705534973 0.7329101783780639
3162277660.1683793 0.0031622776601683794 0.7763862719445336
3162277660.1683793 0.0025118864315095794 0.820319431256576
3162277660.1683793 0.0019952623149688807 0.8646771246500519
3162277660.1683793 0.001584893192461114 0.9094287778245171
3162277660.1683793 0.0012589254117941675 0.9545455242798626
3162277660.1683793 0.001 1.0
3981071705.5349855 1.0 0.0
3981071705.5349855 0.7943282347242815 0.008429616673316766
3981071705.5349855 0.6309573444801932 0.020303616023197767
3981071705.5349855 0.5011872336272722 0.03461393971478409
3981071705.5349855 0.3981071705534972 0.051407859013705766
3981071705.5349855 0.31622776601683794 0.07068865689676346
3981071705.5349855 0.251188643150958 0.09237676687222489
3981071705.5349855 0.19952623149688797 0.11633563539719428
