src/nupyprop/models/ixc_neutrino_bsm.ecsv
# %ECSV 1.0
# ---
# datatype:
# - {name: energy, datatype: float64}
# - {name: y, datatype: float64}
# - {name: cc_cdf_bsm, datatype: float64}
# - {name: nc_cdf_bsm, datatype: float64}
# meta: !!omap
# - {Description: Neutrino-nucleon cross-section CDF values for BSM}
# - {energy: 'Neutrino energy, in GeV'}
# - {y: Inelasticity; y = (E_initial-E_final)/E_initial}
# - {cdf_bsm: Cross-section CDF values for bsm}
# - {nc_cdf_bsm: Cross-section NC CDF values for bsm}
# - {Note: 'The integrated cross-section CDF values should be integrated from y = 1, 10^(-0.1),...,10^(-3). This is a convention we chose
#     to adopt'}
# schema: astropy-2.0
energy y cc_cdf_bsm nc_cdf_bsm
[from data line 1539]
79432823.47242822 0.01 0.9929249682259618 0.0
79432823.47242822 0.00794328234724282 0.9947486179909059 0.0
79432823.47242822 0.006309573444801936 0.9961533104740669 0.0
79432823.47242822 0.005011872336272725 0.9972281319913883 0.0
79432823.47242822 0.003981071705534973 0.9980442015830877 0.0
79432823.47242822 0.0031622776601683794 0.998658324271745 0.0
79432823.47242822 0.0025118864315095794 0.9991158608176286 0.0
79432823.47242822 0.0019952623149688807 0.9994529761719356 0.0
79432823.47242822 0.001584893192461114 0.9996984017162216 0.0
79432823.47242822 0.0012589254117941675 0.9998748248278332 0.0
79432823.47242822 0.001 1.0 0.0
100000000.0 1.0 0.0 0.0
100000000.0 0.7943282347242815 0.2069121345318058 0.0
100000000.0 0.6309573444801932 0.37122180367275537 0.0
100000000.0 0.5011872336272722 0.5016911617579616 0.0
100000000.0 0.3981071705534972 0.6052802431173141 0.0
100000000.0 0.31622776601683794 0.6875176092588802 0.0
100000000.0 0.251188643150958 0.7527947648903985 0.0
100000000.0 0.19952623149688797 0.8046000214973834 0.0
100000000.0 0.15848931924611137 0.845704262553234 0.0
100000000.0 0.12589254117941676 0.8783085030159217 0.0
100000000.0 0.10000000000000002 0.9041611011608439 0.0
100000000.0 0.07943282347242818 0.9246508646579841 0.0
100000000.0 0.06309573444801933 0.940881009054906 0.0
100000000.0 0.05011872336272722 0.953727907106338 0.0
100000000.0 0.039810717055349734 0.9638877573854046 0.0
100000000.0 0.03162277660168379 0.9719136571755298 0.0
100000000.0 0.025118864315095808 0.9782450534974804 0.0
100000000.0 0.0199526231496888 0.983231140036571 0.0
100000000.0 0.015848931924611134 0.9871494450571419 0.0
100000000.0 0.012589254117941675 0.9902205989257383 0.0
100000000.0 0.01 0.992620065948894 0.0
100000000.0 0.00794328234724282 0.9944874630295475 0.0
100000000.0 0.006309573444801936 0.9959339585943199 0.0
100000000.0 0.005011872336272725 0.9970481426256073 0.0
100000000.0 0.003981071705534973 0.9979006772447067 0.0
100000000.0 0.0031622776601683794 0.9985479731606387 0.0
100000000.0 0.0025118864315095794 0.9990350873875288 0.0
100000000.0 0.0019952623149688807 0.9993979994976632 0.0
100000000.0 0.001584893192461114 0.9996653950657133 0.0
100000000.0 0.0012589254117941675 0.9998600634544115 0.0
100000000.0 0.001 1.0 0.0
125892541.17941713 1.0 0.0 0.0
125892541.17941713 0.7943282347242815 0.20671560039821635 0.0
125892541.17941713 0.6309573444801932 0.3708787412334449 0.0
125892541.17941713 0.5011872336272722 0.501241280950173 0.0
125892541.17941713 0.3981071705534972 0.6047550727076652 0.0
125892541.17941713 0.31622776601683794 0.6869421758984318 0.0
125892541.17941713 0.251188643150958 0.7521889259276859 0.0
125892541.17941713 0.19952623149688797 0.8039795225377308 0.0
125892541.17941713 0.15848931924611137 0.8450815761008114 0.0
125892541.17941713 0.12589254117941676 0.8776934928868688 0.0
125892541.17941713 0.10000000000000002 0.9035615480930709 0.0
125892541.17941713 0.07943282347242818 0.9240728811757086 0.0
125892541.17941713 0.06309573444801933 0.9403293657858198 0.0
125892541.17941713 0.05011872336272722 0.9532062880912074 0.0
125892541.17941713 0.039810717055349734 0.963398958225732 0.0
125892541.17941713 0.03162277660168379 0.971459736951935 0.0
125892541.17941713 0.025118864315095808 0.9778274491238532 0.0
125892541.17941713 0.0199526231496888 0.9828507499971244 0.0
125892541.17941713 0.015848931924611134 0.9868066882439822 0.0
125892541.17941713 0.012589254117941675 0.9899154535195562 0.0
125892541.17941713 0.01 0.9923520929471947 0.0
125892541.17941713 0.00794328234724282 0.9942558191048854 0.0
125892541.17941713 0.006309573444801936 0.9957374034046186 0.0
125892541.17941713 0.005011872336272725 0.9968850463674376 0.0
125892541.17941713 0.003981071705534973 0.997769034880042 0.0
125892541.17941713 0.0031622776601683794 0.9984454319461629 0.0
125892541.17941713 0.0025118864315095794 0.9989589935642366 0.0
125892541.17941713 0.0019952623149688807 0.9993454677631168 0.0
125892541.17941713 0.001584893192461114 0.9996334005708355 0.0
125892541.17941713 0.0012589254117941675 0.9998455509910894 0.0
125892541.17941713 0.001 1.0 0.0
158489319.2461111 1.0 0.0 0.0
158489319.2461111 0.7943282347242815 0.2065546200272672 0.0
158489319.2461111 0.6309573444801932 0.3705974943908861 0.0
158489319.2461111 0.5011872336272722 0.5008721008322623 0.0
158489319.2461111 0.3981071705534972 0.6043236336787305 0.0
158489319.2461111 0.31622776601683794 0.6864688607610818 0.0
158489319.2461111 0.251188643150958 0.7516899114077704 0.0
158489319.2461111 0.19952623149688797 0.8034676407957055 0.0
158489319.2461111 0.15848931924611137 0.8445669981569885 0.0
158489319.2461111 0.12589254117941676 0.8771842703693731 0.0
158489319.2461111 0.10000000000000002 0.9030640421804327 0.0
158489319.2461111 0.07943282347242818 0.9235921016111072 0.0
158489319.2461111 0.06309573444801933 0.9398692380702021 0.0
158489319.2461111 0.05011872336272722 0.9527698631674532 0.0
158489319.2461111 0.039810717055349734 0.9629885759489922 0.0
158489319.2461111 0.03162277660168379 0.9710771522494098 0.0
158489319.2461111 0.025118864315095808 0.977473927864352 0.0
158489319.2461111 0.0199526231496888 0.9825271401317832 0.0
158489319.2461111 0.015848931924611134 0.9865134706866966 0.0
158489319.2461111 0.012589254117941675 0.989652776474791 0.0
158489319.2461111 0.01 0.992119792948364 0.0
158489319.2461111 0.00794328234724282 0.9940534318935019 0.0
158489319.2461111 0.006309573444801936 0.9955641679497415 0.0
158489319.2461111 0.005011872336272725 0.9967399057589442 0.0
158489319.2461111 0.003981071705534973 0.9976506384274092 0.0
158489319.2461111 0.0031622776601683794 0.9983521433754281 0.0
158489319.2461111 0.0025118864315095794 0.9988889104057047 0.0
158489319.2461111 0.0019952623149688807 0.9992964564439782 0.0
158489319.2461111 0.001584893192461114 0.9996031499800712 0.0
158489319.2461111 0.0012589254117941675 0.999831644226808 0.0
158489319.2461111 0.001 1.0 0.0
199526231.49688828 1.0 0.0 0.0
199526231.49688828 0.7943282347242815 0.206423236483519 0.0
199526231.49688828 0.6309573444801932 0.3703677843452501 0.0
199526231.49688828 0.5011872336272722 0.5005703180088981 0.0
199526231.49688828 0.3981071705534972 0.6039706265959291 0.0
199526231.49688828 0.31622776601683794 0.6860811829992588 0.0
199526231.49688828 0.251188643150958 0.7512807031612262 0.0
199526231.49688828 0.19952623149688797 0.8030473286568307 0.0
199526231.49688828 0.15848931924611137 0.8441438504034345 0.0
199526231.49688828 0.12589254117941676 0.8767648373322854 0.0
199526231.49688828 0.10000000000000002 0.902653505156014 0.0
199526231.49688828 0.07943282347242818 0.9231945489136837 0.0
199526231.49688828 0.06309573444801933 0.9394878829548028 0.0
199526231.49688828 0.05011872336272722 0.9524072152695083 0.0
199526231.49688828 0.039810717055349734 0.9626465754369222 0.0
199526231.49688828 0.03162277660168379 0.9707572739363176 0.0
199526231.49688828 0.025118864315095808 0.9771772609801417 0.0
199526231.49688828 0.0199526231496888 0.982254448243376 0.0
199526231.49688828 0.015848931924611134 0.9862652353190852 0.0
199526231.49688828 0.012589254117941675 0.9894292272954757 0.0
199526231.49688828 0.01 0.9919209269144961 0.0
199526231.49688828 0.00794328234724282 0.9938790235200041 0.0
199526231.49688828 0.006309573444801936 0.9954137728398044 0.0
199526231.49688828 0.005011872336272725 0.9966128597430453 0.0
199526231.49688828 0.003981071705534973 0.997546055057235 0.0
199526231.49688828 0.0031622776601683794 0.9982689130380185 0.0
199526231.49688828 0.0025118864315095794 0.9988257048033663 0.0
199526231.49688828 0.0019952623149688807 0.9992517423718997 0.0
199526231.49688828 0.001584893192461114 0.9995752158965722 0.0
199526231.49688828 0.0012589254117941675 0.9998186417424827 0.0
199526231.49688828 0.001 1.0 0.0
251188643.1509582 1.0 0.0 0.0
251188643.1509582 0.7943282347242815 0.2063163807895657 0.0
251188643.1509582 0.6309573444801932 0.3701808403837975 0.0
251188643.1509582 0.5011872336272722 0.5003245451160316 0.0
251188643.1509582 0.3981071705534972 0.6036829081571851 0.0
251188643.1509582 0.31622776601683794 0.6857649255556646 0.0
251188643.1509582 0.251188643150958 0.750946550363139 0.0
251188643.1509582 0.19952623149688797 0.802703728087639 0.0
251188643.1509582 0.15848931924611137 0.8437975034607981 0.0
251188643.1509582 0.12589254117941676 0.8764210561282687 0.0
251188643.1509582 0.10000000000000002 0.9023164954479279 0.0
251188643.1509582 0.07943282347242818 0.9228676341415051 0.0
251188643.1509582 0.06309573444801933 0.9391736813297573 0.0
251188643.1509582 0.05011872336272722 0.9521077793659997 0.0
251188643.1509582 0.039810717055349734 0.9623635017552595 0.0
251188643.1509582 0.03162277660168379 0.9704917883232204 0.0
251188643.1509582 0.025118864315095808 0.9769302845369995 0.0
251188643.1509582 0.0199526231496888 0.9820266473567065 0.0
251188643.1509582 0.015848931924611134 0.986057058667572 0.0
251188643.1509582 0.012589254117941675 0.9892409320914394 0.0
251188643.1509582 0.01 0.991752596205441 0.0
251188643.1509582 0.00794328234724282 0.9937305761000376 0.0
251188643.1509582 0.006309573444801936 0.9952849672023226 0.0
251188643.1509582 0.005011872336272725 0.9965032935505861 0.0
251188643.1509582 0.003981071705534973 0.9974551618128675 0.0
251188643.1509582 0.0031622776601683794 0.998195957996769 0.0
251188643.1509582 0.0025118864315095794 0.998769782602963 0.0
251188643.1509582 0.0019952623149688807 0.9992117792661755 0.0
251188643.1509582 0.001584893192461114 0.9995499796409194 0.0
251188643.1509582 0.0012589254117941675 0.9998067618482739 0.0
251188643.1509582 0.001 1.0 0.0
316227766.01683795 1.0 0.0 0.0
316227766.01683795 0.7943282347242815 0.20622975854676195 0.0
316227766.01683795 0.6309573444801932 0.3700292142459266 0.0
316227766.01683795 0.5011872336272722 0.5001250853893312 0.0
316227766.01683795 0.3981071705534972 0.6034492514891413 0.0
316227766.01683795 0.31622776601683794 0.6855079011383203 0.0
316227766.01683795 0.251188643150958 0.7506747566303893 0.0
316227766.01683795 0.19952623149688797 0.8024239906184617 0.0
316227766.01683795 0.15848931924611137 0.8435152384745641 0.0
316227766.01683795 0.12589254117941676 0.8761405589313662 0.0
316227766.01683795 0.10000000000000002 0.9020411691953428 0.0
316227766.01683795 0.07943282347242818 0.9226001711001759 0.0
316227766.01683795 0.06309573444801933 0.9389162063036018 0.0
316227766.01683795 0.05011872336272722 0.9518619629314522 0.0
316227766.01683795 0.039810717055349734 0.9621306493546451 0.0
316227766.01683795 0.03162277660168379 0.9702729099872409 0.0
316227766.01683795 0.025118864315095808 0.9767261489908701 0.0
316227766.01683795 0.0199526231496888 0.981837823455603 0.0
316227766.01683795 0.015848931924611134 0.9858839464668676 0.0
316227766.01683795 0.012589254117941675 0.9890837853572021 0.0
316227766.01683795 0.01 0.9916115377918304 0.0
316227766.01683795 0.00794328234724282 0.9936056073523672 0.0
316227766.01683795 0.006309573444801936 0.9951759723853273 0.0
316227766.01683795 0.005011872336272725 0.9964100402548951 0.0
316227766.01683795 0.003981071705534973 0.9973772983656947 0.0
316227766.01683795 0.0031622776601683794 0.9981330090982228 0.0
316227766.01683795 0.0025118864315095794 0.9987211447142254 0.0
316227766.01683795 0.0019952623149688807 0.9991767176445068 0.0
316227766.01683795 0.001584893192461114 0.9995276292520969 0.0
316227766.01683795 0.0012589254117941675 0.9997961345306808 0.0
316227766.01683795 0.001 1.0 0.0
398107170.55349857 1.0 0.0 0.0
398107170.55349857 0.7943282347242815 0.2061597505487467 0.0
398107170.55349857 0.6309573444801932 0.36990661584932405 0.0
398107170.55349857 0.5011872336272722 0.4999637307763014 0.0
398107170.55349857 0.3981071705534972 0.6032601281458886 0.0
398107170.55349857 0.31622776601683794 0.6852997349798544 0.0
398107170.55349857 0.251188643150958 0.7504544766889887 0.0
398107170.55349857 0.19952623149688797 0.8021970980425526 0.0
398107170.55349857 0.15848931924611137 0.843286099489119 0.0
398107170.55349857 0.12589254117941676 0.8759126373619264 0.0
398107170.55349857 0.10000000000000002 0.9018172109398311 0.0
398107170.55349857 0.07943282347242818 0.9223823503745285 0.0
398107170.55349857 0.06309573444801933 0.9387062414528458 0.0
398107170.55349857 0.05011872336272722 0.9516612079791197 0.0
398107170.55349857 0.039810717055349734 0.9619401661745443 0.0
398107170.55349857 0.03162277660168379 0.9700935249545827 0.0
398107170.55349857 0.025118864315095808 0.9765584971508505 0.0
398107170.55349857 0.0199526231496888 0.9816823825945707 0.0
398107170.55349857 0.015848931924611134 0.9857410629515438 0.0
398107170.55349857 0.012589254117941675 0.9889536931964892 0.0
398107170.55349857 0.01 0.9914943720560843 0.0
398107170.55349857 0.00794328234724282 0.9935014128456531 0.0
398107170.55349857 0.006309573444801936 0.9950847083022841 0.0
398107170.55349857 0.005011872336272725 0.9963315814661614 0.0
398107170.55349857 0.003981071705534973 0.9973114339696694 0.0
398107170.55349857 0.0031622776601683794 0.9980794389593278 0.0
398107170.55349857 0.0025118864315095794 0.998679474882356 0.0
398107170.55349857 0.0019952623149688807 0.9991464558077601 0.0
398107170.55349857 0.001584893192461114 0.9995081816797926 0.0
398107170.55349857 0.0012589254117941675 0.9997868062398241 0.0
398107170.55349857 0.001 1.0 0.0
501187233.6272715 1.0 0.0 0.0
501187233.6272715 0.7943282347242815 0.20610332435763623 0.0
501187233.6272715 0.6309573444801932 0.36980776573495977 0.0
501187233.6272715 0.5011872336272722 0.4998335784358757 0.0
501187233.6272715 0.3981071705534972 0.6031075069771938 0.0
501187233.6272715 0.31622776601683794 0.6851316604924547 0.0
501187233.6272715 0.251188643150958 0.7502765201065241 0.0
501187233.6272715 0.19952623149688797 0.802013682992039 0.0
501187233.6272715 0.15848931924611137 0.8431007375773165 0.0
501187233.6272715 0.12589254117941676 0.8757281151845266 0.0
501187233.6272715 0.10000000000000002 0.9016357384830964 0.0
501187233.6272715 0.07943282347242818 0.9222056787134323 0.0
501187233.6272715 0.06309573444801933 0.9385357560153442 0.0
501187233.6272715 0.05011872336272722 0.9514980023460039 0.0
501187233.6272715 0.039810717055349734 0.9617851003493755 0.0
501187233.6272715 0.03162277660168379 0.9699472712136876 0.0
501187233.6272715 0.025118864315095808 0.9764215759258458 0.0
501187233.6272715 0.0199526231496888 0.981555190315138 0.0
501187233.6272715 0.015848931924611134 0.9856238933573804 0.0
501187233.6272715 0.012589254117941675 0.9888467532939047 0.0
501187233.6272715 0.01 0.9913977936313169 0.0
501187233.6272715 0.00794328234724282 0.9934152602431172 0.0
501187233.6272715 0.006309573444801936 0.9950089830255873 0.0
501187233.6272715 0.005011872336272725 0.9962662240611101 0.0
501187233.6272715 0.003981071705534973 0.9972563236039044 0.0
501187233.6272715 0.0031622776601683794 0.9980343911282004 0.0
501187233.6272715 0.0025118864315095794 0.9986442377518618 0.0
501187233.6272715 0.0019952623149688807 0.9991207058564467 0.0
501187233.6272715 0.001584893192461114 0.9994915195158719 0.0
501187233.6272715 0.0012589254117941675 0.9997787537197123 0.0
501187233.6272715 0.001 1.0 0.0
630957344.4801943 1.0 0.0 0.0
630957344.4801943 0.7943282347242815 0.20605795471938804 0.0
630957344.4801943 0.6309573444801932 0.3697282610454913 0.0
630957344.4801943 0.5011872336272722 0.49972886220356516 0.0
630957344.4801943 0.3981071705534972 0.6029846668412984 0.0
630957344.4801943 0.31622776601683794 0.6849963256660112 0.0
630957344.4801943 0.251188643150958 0.7501331611528896 0.0
630957344.4801943 0.19952623149688797 0.8018658498993567 0.0
630957344.4801943 0.15848931924611137 0.8429512488093815 0.0
630957344.4801943 0.12589254117941676 0.8755792077759277 0.0
630957344.4801943 0.10000000000000002 0.9014891871721027 0.0
630957344.4801943 0.07943282347242818 0.9220628904574523 0.0
630957344.4801943 0.06309573444801933 0.9383978449231394 0.0
