src/nupyprop/models/ixc_neutrino_bsm.ecsv
# %ECSV 1.0
# ---
# datatype:
# - {name: energy, datatype: float64}
# - {name: y, datatype: float64}
# - {name: cc_cdf_bsm, datatype: float64}
# - {name: nc_cdf_bsm, datatype: float64}
# meta: !!omap
# - {Description: Neutrino-nucleon cross-section CDF values for BSM}
# - {energy: 'Neutrino energy, in GeV'}
# - {y: Inelasticity; y = (E_initial-E_final)/E_initial}
# - {cdf_bsm: Cross-section CDF values for bsm}
# - {nc_cdf_bsm: Cross-section NC CDF values for bsm}
# - {Note: 'The integrated cross-section CDF values should be integrated from y = 1, 10^(-0.1),...,10^(-3). This is a convention we chose
#     to adopt'}
# schema: astropy-2.0
energy y cc_cdf_bsm nc_cdf_bsm
[from data line 2355]
31622776601.683792 0.001 1.0 0.0
39810717055.34985 1.0 0.0 0.0
39810717055.34985 0.7943282347242815 0.11794363439279998 0.0
39810717055.34985 0.6309573444801932 0.29958562867231864 0.0
39810717055.34985 0.5011872336272722 0.44386949476510296 0.0
39810717055.34985 0.3981071705534972 0.5584783895429617 0.0
39810717055.34985 0.31622776601683794 0.6495155306599903 0.0
39810717055.34985 0.251188643150958 0.7218289309280213 0.0
39810717055.34985 0.19952623149688797 0.779269521405642 0.0
39810717055.34985 0.15848931924611137 0.8248962124050196 0.0
39810717055.34985 0.12589254117941676 0.8611387859617223 0.0
39810717055.34985 0.10000000000000002 0.8899272881409712 0.0
39810717055.34985 0.07943282347242818 0.9127948098632118 0.0
39810717055.34985 0.06309573444801933 0.9309591289922668 0.0
39810717055.34985 0.05011872336272722 0.945387561129317 0.0
39810717055.34985 0.039810717055349734 0.956848472519383 0.0
39810717055.34985 0.03162277660168379 0.9659521982548286 0.0
39810717055.34985 0.025118864315095808 0.9731835447857222 0.0
39810717055.34985 0.0199526231496888 0.9789276075961941 0.0
39810717055.34985 0.015848931924611134 0.9834902789221996 0.0
39810717055.34985 0.012589254117941675 0.9871145376157537 0.0
39810717055.34985 0.01 0.9899933886470085 0.0
39810717055.34985 0.00794328234724282 0.9922801413178906 0.0
39810717055.34985 0.006309573444801936 0.9940965735384911 0.0
39810717055.34985 0.005011872336272725 0.9955394169429886 0.0
39810717055.34985 0.003981071705534973 0.9966855082007462 0.0
39810717055.34985 0.0031622776601683794 0.9975958808484185 0.0
39810717055.34985 0.0025118864315095794 0.9983190155478859 0.0
39810717055.34985 0.0019952623149688807 0.9988934218580013 0.0
39810717055.34985 0.001584893192461114 0.9993496890088464 0.0
39810717055.34985 0.0012589254117941675 0.9997121148896653 0.0
39810717055.34985 0.001 1.0 0.0
50118723362.72715 1.0 0.0 0.0
50118723362.72715 0.7943282347242815 0.11794468602868668 0.0
50118723362.72715 0.6309573444801932 0.2995866221516653 0.0
50118723362.72715 0.5011872336272722 0.44387033892060246 0.0
50118723362.72715 0.3981071705534972 0.5584790850324857 0.0
50118723362.72715 0.31622776601683794 0.6495160957104655 0.0
50118723362.72715 0.251188643150958 0.7218293864704108 0.0
50118723362.72715 0.19952623149688797 0.7792698868990107 0.0
50118723362.72715 0.15848931924611137 0.8248965046908455 0.0
50118723362.72715 0.12589254117941676 0.8611390191426443 0.0
50118723362.72715 0.10000000000000002 0.8899274738170424 0.0
50118723362.72715 0.07943282347242818 0.912794957474561 0.0
50118723362.72715 0.06309573444801933 0.9309592461688659 0.0
50118723362.72715 0.05011872336272722 0.9453876540097377 0.0
50118723362.72715 0.039810717055349734 0.9568485460264556 0.0
50118723362.72715 0.03162277660168379 0.9659522563273123 0.0
50118723362.72715 0.025118864315095808 0.9731835905696845 0.0
50118723362.72715 0.0199526231496888 0.978927643601368 0.0
50118723362.72715 0.015848931924611134 0.9834903071487779 0.0
50118723362.72715 0.012589254117941675 0.9871145596566756 0.0
50118723362.72715 0.01 0.9899934057701655 0.0
50118723362.72715 0.00794328234724282 0.9922801545320151 0.0
50118723362.72715 0.006309573444801936 0.9940965836458562 0.0
50118723362.72715 0.005011872336272725 0.995539424581495 0.0
50118723362.72715 0.003981071705534973 0.9966855138774939 0.0
50118723362.72715 0.0031622776601683794 0.9975958849664613 0.0
50118723362.72715 0.0025118864315095794 0.9983190184275379 0.0
50118723362.72715 0.0019952623149688807 0.9988934237537959 0.0
50118723362.72715 0.001584893192461114 0.999349690123029 0.0
50118723362.72715 0.0012589254117941675 0.9997121153829246 0.0
50118723362.72715 0.001 1.0 0.0
63095734448.019424 1.0 0.0 0.0
63095734448.019424 0.7943282347242815 0.11794552162953398 0.0
63095734448.019424 0.6309573444801932 0.29958741150440826 0.0
63095734448.019424 0.5011872336272722 0.44387100961913906 0.0
63095734448.019424 0.3981071705534972 0.5584796376080334 0.0
63095734448.019424 0.31622776601683794 0.649516544648066 0.0
63095734448.019424 0.251188643150958 0.7218297484015813 0.0
63095734448.019424 0.19952623149688797 0.7792701772849717 0.0
63095734448.019424 0.15848931924611137 0.824896736912702 0.0
63095734448.019424 0.12589254117941676 0.8611392044052546 0.0
63095734448.019424 0.10000000000000002 0.8899276213368271 0.0
63095734448.019424 0.07943282347242818 0.9127950747518053 0.0
63095734448.019424 0.06309573444801933 0.9309593392656416 0.0
63095734448.019424 0.05011872336272722 0.945387727803173 0.0
63095734448.019424 0.039810717055349734 0.9568486044277578 0.0
63095734448.019424 0.03162277660168379 0.9659523024658351 0.0
63095734448.019424 0.025118864315095808 0.973183626944983 0.0
63095734448.019424 0.0199526231496888 0.9789276722074269 0.0
63095734448.019424 0.015848931924611134 0.9834903295747509 0.0
63095734448.019424 0.012589254117941675 0.9871145771681522 0.0
63095734448.019424 0.01 0.9899934193744848 0.0
63095734448.019424 0.00794328234724282 0.9922801650306139 0.0
63095734448.019424 0.006309573444801936 0.9940965916761396 0.0
63095734448.019424 0.005011872336272725 0.9955394306502744 0.0
63095734448.019424 0.003981071705534973 0.9966855183876595 0.0
63095734448.019424 0.0031622776601683794 0.9975958882382386 0.0
63095734448.019424 0.0025118864315095794 0.9983190207154159 0.0
63095734448.019424 0.0019952623149688807 0.998893425260001 0.0
63095734448.019424 0.001584893192461114 0.9993496910082449 0.0
63095734448.019424 0.0012589254117941675 0.999712115774818 0.0
63095734448.019424 0.001 1.0 0.0
79432823472.42822 1.0 0.0 0.0
79432823472.42822 0.7943282347242815 0.11794618552371527 0.0
79432823472.42822 0.6309573444801932 0.29958803863103844 0.0
79432823472.42822 0.5011872336272722 0.44387154247034655 0.0
79432823472.42822 0.3981071705534972 0.5584800766109295 0.0
79432823472.42822 0.31622776601683794 0.6495169013126235 0.0
79432823472.42822 0.251188643150958 0.7218300359419354 0.0
79432823472.42822 0.19952623149688797 0.779270407984988 0.0
79432823472.42822 0.15848931924611137 0.8248969214034193 0.0
79432823472.42822 0.12589254117941676 0.8611393515886356 0.0
79432823472.42822 0.10000000000000002 0.8899277385350275 0.0
79432823472.42822 0.07943282347242818 0.9127951679235397 0.0
79432823472.42822 0.06309573444801933 0.9309594132269997 0.0
79432823472.42822 0.05011872336272722 0.9453877864288431 0.0
79432823472.42822 0.039810717055349734 0.9568486508250363 0.0
79432823472.42822 0.03162277660168379 0.9659523391208645 0.0
79432823472.42822 0.025118864315095808 0.9731836558435549 0.0
79432823472.42822 0.0199526231496888 0.9789276949336776 0.0
79432823472.42822 0.015848931924611134 0.9834903473911945 0.0
79432823472.42822 0.012589254117941675 0.9871145910802446 0.0
79432823472.42822 0.01 0.9899934301825132 0.0
79432823472.42822 0.00794328234724282 0.9922801733712847 0.0
79432823472.42822 0.006309573444801936 0.9940965980558432 0.0
79432823472.42822 0.005011872336272725 0.9955394354716499 0.0
79432823472.42822 0.003981071705534973 0.9966855219707855 0.0
79432823472.42822 0.0031622776601683794 0.9975958908375202 0.0
79432823472.42822 0.0025118864315095794 0.9983190225330333 0.0
79432823472.42822 0.0019952623149688807 0.998893426456614 0.0
79432823472.42822 0.001584893192461114 0.9993496917115096 0.0
79432823472.42822 0.0012589254117941675 0.99971211608616 0.0
79432823472.42822 0.001 1.0 0.0
100000000000.0 1.0 0.0 0.0
100000000000.0 0.7943282347242815 0.11794671299286108 0.0
100000000000.0 0.6309573444801932 0.29958853687018383 0.0
100000000000.0 0.5011872336272722 0.4438719658043323 0.0
100000000000.0 0.3981071705534972 0.558480425383039 0.0
100000000000.0 0.31622776601683794 0.6495171846687473 0.0
100000000000.0 0.251188643150958 0.7218302643809702 0.0
100000000000.0 0.19952623149688797 0.7792705912663684 0.0
100000000000.0 0.15848931924611137 0.8248970679732784 0.0
100000000000.0 0.12589254117941676 0.8611394685193234 0.0
100000000000.0 0.10000000000000002 0.8899278316437472 0.0
100000000000.0 0.07943282347242818 0.9127952419442674 0.0
100000000000.0 0.06309573444801933 0.9309594719859275 0.0
100000000000.0 0.05011872336272722 0.9453878330042506 0.0
100000000000.0 0.039810717055349734 0.9568486876855378 0.0
100000000000.0 0.03162277660168379 0.9659523682415917 0.0
100000000000.0 0.025118864315095808 0.9731836788021315 0.0
100000000000.0 0.0199526231496888 0.9789277129886285 0.0
100000000000.0 0.015848931924611134 0.9834903615455302 0.0
100000000000.0 0.012589254117941675 0.987114602132754 0.0
100000000000.0 0.01 0.9899934387689878 0.0
100000000000.0 0.00794328234724282 0.9922801799975585 0.0
100000000000.0 0.006309573444801936 0.9940966031242197 0.0
100000000000.0 0.005011872336272725 0.9955394393020076 0.0
100000000000.0 0.003981071705534973 0.9966855248174118 0.0
100000000000.0 0.0031622776601683794 0.9975958929025278 0.0
100000000000.0 0.0025118864315095794 0.9983190239770452 0.0
100000000000.0 0.0019952623149688807 0.998893427407267 0.0
100000000000.0 0.001584893192461114 0.9993496922702205 0.0
100000000000.0 0.0012589254117941675 0.9997121163335067 0.0
100000000000.0 0.001 1.0 0.0
125892541179.41661 1.0 0.0 0.0
125892541179.41661 0.7943282347242815 0.11794713204150109 0.0
125892541179.41661 0.6309573444801932 0.2995889326872615 0.0
125892541179.41661 0.5011872336272722 0.4438723021114791 0.0
125892541179.41661 0.3981071705534972 0.558480702455125 0.0
125892541179.41661 0.31622776601683794 0.6495174097723531 0.0
125892541179.41661 0.251188643150958 0.7218304458570486 0.0
125892541179.41661 0.19952623149688797 0.7792707368682117 0.0
125892541179.41661 0.15848931924611137 0.8248971844107602 0.0
125892541179.41661 0.12589254117941676 0.8611395614109031 0.0
125892541179.41661 0.10000000000000002 0.8899279056107433 0.0
125892541179.41661 0.07943282347242818 0.9127953007474473 0.0
125892541179.41661 0.06309573444801933 0.9309595186648901 0.0
125892541179.41661 0.05011872336272722 0.9453878700044356 0.0
125892541179.41661 0.039810717055349734 0.9568487169680542 0.0
125892541179.41661 0.03162277660168379 0.9659523913755161 0.0
125892541179.41661 0.025118864315095808 0.9731836970407529 0.0
125892541179.41661 0.0199526231496888 0.9789277273317384 0.0
125892541179.41661 0.015848931924611134 0.9834903727899351 0.0
125892541179.41661 0.012589254117941675 0.9871146109130238 0.0
125892541179.41661 0.01 0.9899934455902043 0.0
125892541179.41661 0.00794328234724282 0.9922801852615636 0.0
125892541179.41661 0.006309573444801936 0.9940966071506092 0.0
125892541179.41661 0.005011872336272725 0.9955394423448974 0.0
125892541179.41661 0.003981071705534973 0.9966855270788115 0.0
125892541179.41661 0.0031622776601683794 0.9975958945429989 0.0
125892541179.41661 0.0025118864315095794 0.9983190251241886 0.0
125892541179.41661 0.0019952623149688807 0.9988934281624792 0.0
125892541179.41661 0.001584893192461114 0.9993496927140683 0.0
125892541179.41661 0.0012589254117941675 0.9997121165300022 0.0
125892541179.41661 0.001 1.0 0.0
158489319246.11172 1.0 0.0 0.0
158489319246.11172 0.7943282347242815 0.11794746493736152 0.0
158489319246.11172 0.6309573444801932 0.2995892471227217 0.0
158489319246.11172 0.5011872336272722 0.4438725692710006 0.0
158489319246.11172 0.3981071705534972 0.5584809225581803 0.0
158489319246.11172 0.31622776601683794 0.6495175885918953 0.0
158489319246.11172 0.251188643150958 0.7218305900192492 0.0
158489319246.11172 0.19952623149688797 0.7792708525322991 0.0
158489319246.11172 0.15848931924611137 0.8248972769070282 0.0
158489319246.11172 0.12589254117941676 0.8611396352026116 0.0
158489319246.11172 0.10000000000000002 0.8899279643690209 0.0
158489319246.11172 0.07943282347242818 0.9127953474598038 0.0
158489319246.11172 0.06309573444801933 0.9309595557459449 0.0
158489319246.11172 0.05011872336272722 0.9453878993968129 0.0
158489319246.11172 0.039810717055349734 0.9568487402296316 0.0
158489319246.11172 0.03162277660168379 0.9659524097527458 0.0
158489319246.11172 0.025118864315095808 0.9731837115292289 0.0
158489319246.11172 0.0199526231496888 0.9789277387256803 0.0
158489319246.11172 0.015848931924611134 0.9834903817223138 0.0
158489319246.11172 0.012589254117941675 0.9871146178879321 0.0
158489319246.11172 0.01 0.9899934510088714 0.0
158489319246.11172 0.00794328234724282 0.9922801894432063 0.0
158489319246.11172 0.006309573444801936 0.9940966103491096 0.0
158489319246.11172 0.005011872336272725 0.9955394447621211 0.0
158489319246.11172 0.003981071705534973 0.9966855288752318 0.0
158489319246.11172 0.0031622776601683794 0.9975958958461631 0.0
158489319246.11172 0.0025118864315095794 0.9983190260354611 0.0
158489319246.11172 0.0019952623149688807 0.9988934287624077 0.0
158489319246.11172 0.001584893192461114 0.9993496930666539 0.0
158489319246.11172 0.0012589254117941675 0.9997121166860952 0.0
158489319246.11172 0.001 1.0 0.0
199526231496.88828 1.0 0.0 0.0
199526231496.88828 0.7943282347242815 0.11794772939244835 0.0
199526231496.88828 0.6309573444801932 0.2995894969087485 0.0
199526231496.88828 0.5011872336272722 0.4438727815000729 0.0
199526231496.88828 0.3981071705534972 0.5584810974055245 0.0
199526231496.88828 0.31622776601683794 0.6495177306438413 0.0
199526231496.88828 0.251188643150958 0.7218307045397158 0.0
199526231496.88828 0.19952623149688797 0.7792709444141828 0.0
199526231496.88828 0.15848931924611137 0.8248973503846873 0.0
199526231496.88828 0.12589254117941676 0.8611396938216216 0.0
199526231496.88828 0.10000000000000002 0.889928011045687 0.0
199526231496.88828 0.07943282347242818 0.9127953845673678 0.0
199526231496.88828 0.06309573444801933 0.930959585202548 0.0
199526231496.88828 0.05011872336272722 0.945387922745649 0.0
199526231496.88828 0.039810717055349734 0.9568487587082559 0.0
199526231496.88828 0.03162277660168379 0.965952424351321 0.0
199526231496.88828 0.025118864315095808 0.9731837230386401 0.0
199526231496.88828 0.0199526231496888 0.978927747776843 0.0
199526231496.88828 0.015848931924611134 0.9834903888180505 0.0
199526231496.88828 0.012589254117941675 0.9871146234286857 0.0
199526231496.88828 0.01 0.9899934553133721 0.0
199526231496.88828 0.00794328234724282 0.9922801927650351 0.0
199526231496.88828 0.006309573444801936 0.9940966128899461 0.0
199526231496.88828 0.005011872336272725 0.9955394466823242 0.0
199526231496.88828 0.003981071705534973 0.9966855303022787 0.0
199526231496.88828 0.0031622776601683794 0.9975958968813755 0.0
199526231496.88828 0.0025118864315095794 0.998319026759361 0.0
199526231496.88828 0.0019952623149688807 0.9988934292389812 0.0
199526231496.88828 0.001584893192461114 0.9993496933467422 0.0
199526231496.88828 0.0012589254117941675 0.999712116810093 0.0
199526231496.88828 0.001 1.0 0.0
251188643150.95822 1.0 0.0 0.0
251188643150.95822 0.7943282347242815 0.11794793947709281 0.0
251188643150.95822 0.6309573444801932 0.2995896953371321 0.0
251188643150.95822 0.5011872336272722 0.4438729500925499 0.0
251188643150.95822 0.3981071705534972 0.5584812363019728 0.0
251188643150.95822 0.31622776601683794 0.649517843487861 0.0
251188643150.95822 0.251188643150958 0.7218307955130222 0.0
251188643150.95822 0.19952623149688797 0.7792710174036879 0.0
251188643150.95822 0.15848931924611137 0.8248974087541364 0.0
251188643150.95822 0.12589254117941676 0.8611397403875837 0.0
251188643150.95822 0.10000000000000002 0.889928048124839 0.0
251188643150.95822 0.07943282347242818 0.9127954140449801 0.0
251188643150.95822 0.06309573444801933 0.9309596086023639 0.0
251188643150.95822 0.05011872336272722 0.9453879412935577 0.0
251188643150.95822 0.039810717055349734 0.9568487733873516 0.0
251188643150.95822 0.03162277660168379 0.9659524359481728 0.0
251188643150.95822 0.025118864315095808 0.9731837321815135 0.0
251188643150.95822 0.0199526231496888 0.9789277549669269 0.0
251188643150.95822 0.015848931924611134 0.9834903944547781 0.0
251188643150.95822 0.012589254117941675 0.9871146278301622 0.0
251188643150.95822 0.01 0.9899934587327912 0.0
