src/nupyprop/models/ixc_neutrino_bsm.ecsv
# %ECSV 1.0
# ---
# datatype:
# - {name: energy, datatype: float64}
# - {name: y, datatype: float64}
# - {name: cc_cdf_bsm, datatype: float64}
# - {name: nc_cdf_bsm, datatype: float64}
# meta: !!omap
# - {Description: Neutrino-nucleon cross-section CDF values for BSM}
# - {energy: 'Neutrino energy, in GeV'}
# - {y: Inelasticity; y = (E_initial-E_final)/E_initial}
# - {cdf_bsm: Cross-section CDF values for bsm}
# - {nc_cdf_bsm: Cross-section NC CDF values for bsm}
# - {Note: 'The integrated cross-section CDF values should be integrated from y = 1, 10^(-0.1),...,10^(-3). This is a convention we chose
#     to adopt'}
# schema: astropy-2.0
energy y cc_cdf_bsm nc_cdf_bsm
[from data line 2626]
251188643150.95822 0.006309573444801936 0.9940966149083414 0.0
251188643150.95822 0.005011872336272725 0.9955394482076992 0.0
251188643150.95822 0.003981071705534973 0.9966855314358993 0.0
251188643150.95822 0.0031622776601683794 0.9975958977037298 0.0
251188643150.95822 0.0025118864315095794 0.9983190273344144 0.0
251188643150.95822 0.0019952623149688807 0.9988934296175626 0.0
251188643150.95822 0.001584893192461114 0.9993496935692393 0.0
251188643150.95822 0.0012589254117941675 0.9997121169085945 0.0
251188643150.95822 0.001 1.0 0.0
316227766016.83795 1.0 0.0 0.0
316227766016.83795 0.7943282347242815 0.11794810635966813 0.0
316227766016.83795 0.6309573444801932 0.29958985295949636 0.0
316227766016.83795 0.5011872336272722 0.4438730840143602 0.0
316227766016.83795 0.3981071705534972 0.5584813466345542 0.0
316227766016.83795 0.31622776601683794 0.6495179331256002 0.0
316227766016.83795 0.251188643150958 0.7218308677777101 0.0
316227766016.83795 0.19952623149688797 0.779271075382917 0.0
316227766016.83795 0.15848931924611137 0.8248974551199105 0.0
316227766016.83795 0.12589254117941676 0.8611397773772513 0.0
316227766016.83795 0.10000000000000002 0.8899280775786563 0.0
316227766016.83795 0.07943282347242818 0.9127954374605136 0.0
316227766016.83795 0.06309573444801933 0.9309596271900001 0.0
316227766016.83795 0.05011872336272722 0.9453879560270823 0.0
316227766016.83795 0.039810717055349734 0.9568487850476854 0.0
316227766016.83795 0.03162277660168379 0.9659524451601269 0.0
316227766016.83795 0.025118864315095808 0.9731837394441509 0.0
316227766016.83795 0.0199526231496888 0.9789277606783666 0.0
316227766016.83795 0.015848931924611134 0.98349039893231 0.0
316227766016.83795 0.012589254117941675 0.9871146313264729 0.0
316227766016.83795 0.01 0.989993461449005 0.0
316227766016.83795 0.00794328234724282 0.9922801974999678 0.0
316227766016.83795 0.006309573444801936 0.9940966165116527 0.0
316227766016.83795 0.005011872336272725 0.9955394494193802 0.0
316227766016.83795 0.003981071705534973 0.9966855323363903 0.0
316227766016.83795 0.0031622776601683794 0.9975958983569665 0.0
316227766016.83795 0.0025118864315095794 0.9983190277912075 0.0
316227766016.83795 0.0019952623149688807 0.9988934299182886 0.0
316227766016.83795 0.001584893192461114 0.9993496937459797 0.0
316227766016.83795 0.0012589254117941675 0.9997121169868391 0.0
316227766016.83795 0.001 1.0 0.0
398107170553.49695 1.0 0.0 0.0
398107170553.49695 0.7943282347242815 0.11794823893655215 0.0
398107170553.49695 0.6309573444801932 0.2995899781771658 0.0
398107170553.49695 0.5011872336272722 0.4438731904031722 0.0
398107170553.49695 0.3981071705534972 0.5584814342835211 0.0
398107170553.49695 0.31622776601683794 0.6495180043342792 0.0
398107170553.49695 0.251188643150958 0.7218309251850619 0.0
398107170553.49695 0.19952623149688797 0.7792711214417956 0.0
398107170553.49695 0.15848931924611137 0.8248974919529968 0.0
398107170553.49695 0.12589254117941676 0.8611398067619187 0.0
398107170553.49695 0.10000000000000002 0.8899281009768191 0.0
398107170553.49695 0.07943282347242818 0.9127954560618474 0.0
398107170553.49695 0.06309573444801933 0.9309596419560418 0.0
398107170553.49695 0.05011872336272722 0.9453879677314105 0.0
398107170553.49695 0.039810717055349734 0.9568487943106662 0.0
398107170553.49695 0.03162277660168379 0.9659524524781116 0.0
398107170553.49695 0.025118864315095808 0.9731837452135961 0.0
398107170553.49695 0.0199526231496888 0.9789277652155387 0.0
398107170553.49695 0.015848931924611134 0.9834904024892646 0.0
398107170553.49695 0.012589254117941675 0.9871146341039445 0.0
398107170553.49695 0.01 0.9899934636067671 0.0
398107170553.49695 0.00794328234724282 0.9922801991651354 0.0
398107170553.49695 0.006309573444801936 0.9940966177853242 0.0
398107170553.49695 0.005011872336272725 0.9955394503819402 0.0
398107170553.49695 0.003981071705534973 0.9966855330517409 0.0
398107170553.49695 0.0031622776601683794 0.9975958988758982 0.0
398107170553.49695 0.0025118864315095794 0.9983190281540844 0.0
398107170553.49695 0.0019952623149688807 0.9988934301571855 0.0
398107170553.49695 0.001584893192461114 0.9993496938863825 0.0
398107170553.49695 0.0012589254117941675 0.9997121170489969 0.0
398107170553.49695 0.001 1.0 0.0
501187233627.2735 1.0 0.0 0.0
501187233627.2735 0.7943282347242815 0.1179483442328888 0.0
501187233627.2735 0.6309573444801932 0.29959007763059653 0.0
501187233627.2735 0.5011872336272722 0.4438732749024723 0.0
501187233627.2735 0.3981071705534972 0.558481503898951 0.0
501187233627.2735 0.31622776601683794 0.6495180608920885 0.0
501187233627.2735 0.251188643150958 0.7218309707811713 0.0
501187233627.2735 0.19952623149688797 0.7792711580243539 0.0
501187233627.2735 0.15848931924611137 0.8248975212079316 0.0
501187233627.2735 0.12589254117941676 0.8611398301009077 0.0
501187233627.2735 0.10000000000000002 0.8899281195609898 0.0
501187233627.2735 0.07943282347242818 0.9127954708361046 0.0
501187233627.2735 0.06309573444801933 0.9309596536840903 0.0
501187233627.2735 0.05011872336272722 0.9453879770276699 0.0
501187233627.2735 0.039810717055349734 0.9568488016678661 0.0
501187233627.2735 0.03162277660168379 0.9659524582904829 0.0
501187233627.2735 0.025118864315095808 0.9731837497960272 0.0
501187233627.2735 0.0199526231496888 0.9789277688192266 0.0
501187233627.2735 0.015848931924611134 0.9834904053144065 0.0
501187233627.2735 0.012589254117941675 0.9871146363099754 0.0
501187233627.2735 0.01 0.9899934653205884 0.0
501187233627.2735 0.00794328234724282 0.9922802004877094 0.0
501187233627.2735 0.006309573444801936 0.994096618796949 0.0
501187233627.2735 0.005011872336272725 0.995539451146462 0.0
501187233627.2735 0.003981071705534973 0.9966855336199143 0.0
501187233627.2735 0.0031622776601683794 0.9975958992880641 0.0
501187233627.2735 0.0025118864315095794 0.9983190284423025 0.0
501187233627.2735 0.0019952623149688807 0.9988934303469315 0.0
501187233627.2735 0.001584893192461114 0.9993496939978985 0.0
501187233627.2735 0.0012589254117941675 0.999712117098366 0.0
501187233627.2735 0.001 1.0 0.0
630957344480.1943 1.0 0.0 0.0
630957344480.1943 0.7943282347242815 0.11794842788930804 0.0
630957344480.1943 0.6309573444801932 0.2995901566424206 0.0
630957344480.1943 0.5011872336272722 0.4438733420330979 0.0
630957344480.1943 0.3981071705534972 0.5584815592047453 0.0
630957344480.1943 0.31622776601683794 0.6495181058241362 0.0
630957344480.1943 0.251188643150958 0.721831007004673 0.0
630957344480.1943 0.19952623149688797 0.7792711870870583 0.0
630957344480.1943 0.15848931924611137 0.824897544449241 0.0
630957344480.1943 0.12589254117941676 0.8611398486423335 0.0
630957344480.1943 0.10000000000000002 0.8899281343249887 0.0
630957344480.1943 0.07943282347242818 0.9127954825733517 0.0
630957344480.1943 0.06309573444801933 0.930959663001307 0.0
630957344480.1943 0.05011872336272722 0.9453879844129769 0.0
630957344480.1943 0.039810717055349734 0.9568488075127083 0.0
630957344480.1943 0.03162277660168379 0.9659524629080529 0.0
630957344480.1943 0.025118864315095808 0.9731837534364851 0.0
630957344480.1943 0.0199526231496888 0.9789277716821335 0.0
630957344480.1943 0.015848931924611134 0.9834904075588065 0.0
630957344480.1943 0.012589254117941675 0.98711463806253 0.0
630957344480.1943 0.01 0.9899934666821129 0.0
630957344480.1943 0.00794328234724282 0.9922802015384122 0.0
630957344480.1943 0.006309573444801936 0.9940966196006219 0.0
630957344480.1943 0.005011872336272725 0.9955394517538271 0.0
630957344480.1943 0.003981071705534973 0.9966855340712928 0.0
630957344480.1943 0.0031622776601683794 0.9975958996155044 0.0
630957344480.1943 0.0025118864315095794 0.9983190286712739 0.0
630957344480.1943 0.0019952623149688807 0.9988934304976728 0.0
630957344480.1943 0.001584893192461114 0.9993496940864912 0.0
630957344480.1943 0.0012589254117941675 0.9997121171375869 0.0
630957344480.1943 0.001 1.0 0.0
794328234724.2821 1.0 0.0 0.0
794328234724.2821 0.7943282347242815 0.11794849434922994 0.0
794328234724.2821 0.6309573444801932 0.2995902194111022 0.0
794328234724.2821 0.5011872336272722 0.4438733953626919 0.0
794328234724.2821 0.3981071705534972 0.5584816031403377 0.0
794328234724.2821 0.31622776601683794 0.6495181415186123 0.0
794328234724.2821 0.251188643150958 0.7218310357809454 0.0
794328234724.2821 0.19952623149688797 0.7792712101747038 0.0
794328234724.2821 0.15848931924611137 0.8248975629123088 0.0
794328234724.2821 0.12589254117941676 0.8611398633717703 0.0
794328234724.2821 0.10000000000000002 0.8899281460536062 0.0
794328234724.2821 0.07943282347242818 0.9127954918974948 0.0
794328234724.2821 0.06309573444801933 0.9309596704029606 0.0
794328234724.2821 0.05011872336272722 0.9453879902799085 0.0
794328234724.2821 0.039810717055349734 0.9568488121558847 0.0
794328234724.2821 0.03162277660168379 0.9659524665762769 0.0
794328234724.2821 0.025118864315095808 0.9731837563284854 0.0
794328234724.2821 0.0199526231496888 0.9789277739564426 0.0
794328234724.2821 0.015848931924611134 0.9834904093417701 0.0
794328234724.2821 0.012589254117941675 0.987114639454769 0.0
794328234724.2821 0.01 0.9899934677637154 0.0
794328234724.2821 0.00794328234724282 0.9922802023730962 0.0
794328234724.2821 0.006309573444801936 0.994096620239064 0.0
794328234724.2821 0.005011872336272725 0.995539452236321 0.0
794328234724.2821 0.003981071705534973 0.9966855344298703 0.0
794328234724.2821 0.0031622776601683794 0.9975958998756247 0.0
794328234724.2821 0.0025118864315095794 0.9983190288531699 0.0
794328234724.2821 0.0019952623149688807 0.9988934306174225 0.0
794328234724.2821 0.001584893192461114 0.9993496941568696 0.0
794328234724.2821 0.0012589254117941675 0.9997121171687441 0.0
794328234724.2821 0.001 1.0 0.0
1000000000000.0 1.0 0.0 0.0
1000000000000.0 0.7943282347242815 0.11794854710276115 0.0
1000000000000.0 0.6309573444801932 0.2995902692402921 0.0
1000000000000.0 0.5011872336272722 0.44387343770027565 0.0
1000000000000.0 0.3981071705534972 0.558481638020868 0.0
1000000000000.0 0.31622776601683794 0.6495181698568575 0.0
1000000000000.0 0.251188643150958 0.7218310586269371 0.0
1000000000000.0 0.19952623149688797 0.779271228504498 0.0
1000000000000.0 0.15848931924611137 0.824897577570608 0.0
1000000000000.0 0.12589254117941676 0.8611398750658803 0.0
1000000000000.0 0.10000000000000002 0.8899281553653033 0.0
1000000000000.0 0.07943282347242818 0.9127954993002212 0.0
1000000000000.0 0.06309573444801933 0.9309596762793707 0.0
1000000000000.0 0.05011872336272722 0.9453879949378584 0.0
1000000000000.0 0.039810717055349734 0.9568488158422581 0.0
1000000000000.0 0.03162277660168379 0.9659524694886047 0.0
1000000000000.0 0.025118864315095808 0.973183758624544 0.0
1000000000000.0 0.0199526231496888 0.9789277757620956 0.0
1000000000000.0 0.015848931924611134 0.9834904107573273 0.0
1000000000000.0 0.012589254117941675 0.9871146405601164 0.0
1000000000000.0 0.01 0.9899934686224379 0.0
1000000000000.0 0.00794328234724282 0.9922802030357815 0.0
1000000000000.0 0.006309573444801936 0.9940966207459458 0.0
1000000000000.0 0.005011872336272725 0.9955394526193903 0.0
1000000000000.0 0.003981071705534973 0.9966855347145577 0.0
1000000000000.0 0.0031622776601683794 0.9975959000821435 0.0
1000000000000.0 0.0025118864315095794 0.9983190289975837 0.0
1000000000000.0 0.0019952623149688807 0.998893430712496 0.0
1000000000000.0 0.001584893192461114 0.9993496942127456 0.0
1000000000000.0 0.0012589254117941675 0.9997121171934809 0.0
1000000000000.0 0.001 1.0 0.0
