src/nupyprop/models/ixc_muon_pn_ckmt_water.ecsv
# %ECSV 1.0
# ---
# datatype:
# - {name: energy, datatype: float64}
# - {name: y, datatype: float64}
# - {name: cdf_pn_ckmt, datatype: float64}
# meta: !!omap
# - {Description: Muon-nucleon cross-section CDF values for PN_CKMT in water}
# - {energy: 'Muon energy, in GeV'}
# - {y: Inelasticity; y = (E_initial-E_final)/E_initial}
# - {cdf: Cross-section CDF values for PN_CKMT in water}
# - {Note: 'The integrated cross-section CDF values should be integrated from y = 1, 10^(-0.1),...,10^(-3). This is a convention we chose
#     to adopt'}
# schema: astropy-2.0
energy y cdf_pn_ckmt
[from data line 947]
1000.0 0.0199526231496888 0.304198073495489
1000.0 0.015848931924611134 0.3384604560244735
1000.0 0.012589254117941675 0.37483766754685927
1000.0 0.01 0.4135003988610476
1000.0 0.00794328234724282 0.45465892495950383
1000.0 0.006309573444801936 0.4985686655914016
1000.0 0.005011872336272725 0.545533303444152
1000.0 0.003981071705534973 0.5959163526714851
1000.0 0.0031622776601683794 0.6501464829952079
1000.0 0.0025118864315095794 0.7087281863170665
1000.0 0.0019952623149688807 0.772252989785292
1000.0 0.001584893192461114 0.8414127313838334
1000.0 0.0012589254117941675 0.9170148548777656
1000.0 0.001 1.0
1258.9254117941675 1.0 0.0
1258.9254117941675 0.7943282347242815 0.0030521912157785414
1258.9254117941675 0.6309573444801932 0.008507639650012819
1258.9254117941675 0.5011872336272722 0.01575039830196343
1258.9254117941675 0.3981071705534972 0.024856100745173623
1258.9254117941675 0.31622776601683794 0.03590898769368857
1258.9254117941675 0.251188643150958 0.04894547528131825
1258.9254117941675 0.19952623149688797 0.06395607466607356
1258.9254117941675 0.15848931924611137 0.08090243931975152
1258.9254117941675 0.12589254117941676 0.09973190490852601
1258.9254117941675 0.10000000000000002 0.12039085133871635
1258.9254117941675 0.07943282347242818 0.14282606670791076
1258.9254117941675 0.06309573444801933 0.16700027418319657
1258.9254117941675 0.05011872336272722 0.19288987505342214
1258.9254117941675 0.039810717055349734 0.22048907268753984
1258.9254117941675 0.03162277660168379 0.24981132005768578
1258.9254117941675 0.025118864315095808 0.28089297699099613
1258.9254117941675 0.0199526231496888 0.313794829833433
1258.9254117941675 0.015848931924611134 0.34860343153902273
1258.9254117941675 0.012589254117941675 0.38543487837316787
1258.9254117941675 0.01 0.42443753646184557
1258.9254117941675 0.00794328234724282 0.46579674199438204
1258.9254117941675 0.006309573444801936 0.5097364379664377
1258.9254117941675 0.005011872336272725 0.5565290743637469
1258.9254117941675 0.003981071705534973 0.606498537577496
1258.9254117941675 0.0031622776601683794 0.6600292380389488
1258.9254117941675 0.0025118864315095794 0.7175743677847409
1258.9254117941675 0.0019952623149688807 0.7796663443554079
1258.9254117941675 0.001584893192461114 0.8469287831787039
1258.9254117941675 0.0012589254117941675 0.9200901313917833
1258.9254117941675 0.001 1.0
1584.893192461114 1.0 0.0
1584.893192461114 0.7943282347242815 0.0031947716031282777
1584.893192461114 0.6309573444801932 0.00888696960746194
1584.893192461114 0.5011872336272722 0.016432724072173943
1584.893192461114 0.3981071705534972 0.025905750994578616
1584.893192461114 0.31622776601683794 0.03739144994337877
1584.893192461114 0.251188643150958 0.0509225197102236
1584.893192461114 0.19952623149688797 0.06648398403708862
1584.893192461114 0.15848931924611137 0.08403030157708717
1584.893192461114 0.12589254117941676 0.10350073455403727
1584.893192461114 0.10000000000000002 0.12483217388579668
1584.893192461114 0.07943282347242818 0.14796226774109572
1584.893192461114 0.06309573444801933 0.17284359172776176
1584.893192461114 0.05011872336272722 0.19944154804878336
1584.893192461114 0.039810717055349734 0.2277378271216615
1584.893192461114 0.03162277660168379 0.25773416670938365
1584.893192461114 0.025118864315095808 0.2894534624100899
1584.893192461114 0.0199526231496888 0.3229407667165336
1584.893192461114 0.015848931924611134 0.35826603374356697
1584.893192461114 0.012589254117941675 0.39552649539612317
1584.893192461114 0.01 0.434849312224352
1584.893192461114 0.00794328234724282 0.47639520833914056
1584.893192461114 0.006309573444801936 0.5203608149375066
1584.893192461114 0.005011872336272725 0.5669863599670628
1584.893192461114 0.003981071705534973 0.6165596562824319
1584.893192461114 0.0031622776601683794 0.6694227603967613
1584.893192461114 0.0025118864315095794 0.7259804524258298
1584.893192461114 0.0019952623149688807 0.7867090953459284
1584.893192461114 0.001584893192461114 0.8521677254118009
1584.893192461114 0.0012589254117941675 0.9230103061315595
1584.893192461114 0.001 1.0
1995.262314968881 1.0 0.0
1995.262314968881 0.7943282347242815 0.0033329695915507622
1995.262314968881 0.6309573444801932 0.009252989746045069
1995.262314968881 0.5011872336272722 0.017087733488063618
1995.262314968881 0.3981071705534972 0.02691095926667863
1995.262314968881 0.31622776601683794 0.03880811700954296
1995.262314968881 0.251188643150958 0.052808414828147396
1995.262314968881 0.19952623149688797 0.06889169245478781
1995.262314968881 0.15848931924611137 0.08700570385865952
1995.262314968881 0.12589254117941676 0.1070821572791314
1995.262314968881 0.10000000000000002 0.1290482777714736
1995.262314968881 0.07943282347242818 0.15283440643787538
1995.262314968881 0.06309573444801933 0.178382577478053
1995.262314968881 0.05011872336272722 0.20564729242466273
1995.262314968881 0.039810717055349734 0.2346000907613803
1995.262314968881 0.03162277660168379 0.2652311077536067
1995.262314968881 0.025118864315095808 0.2975495539095528
1995.262314968881 0.0199526231496888 0.33158652300769986
1995.262314968881 0.015848931924611134 0.3673963422791891
1995.262314968881 0.012589254117941675 0.40505846165239884
1995.262314968881 0.01 0.4446798544583207
1995.262314968881 0.00794328234724282 0.4863981725381656
1995.262314968881 0.006309573444801936 0.5303846738318022
1995.262314968881 0.005011872336272725 0.5768496042075458
1995.262314968881 0.003981071705534973 0.6260461209400018
1995.262314968881 0.0031622776601683794 0.6782770739335815
1995.262314968881 0.0025118864315095794 0.7339016445728013
1995.262314968881 0.0019952623149688807 0.7933438505754462
1995.262314968881 0.001584893192461114 0.8571020829790984
1995.262314968881 0.0012589254117941675 0.9257600083815323
1995.262314968881 0.001 1.0
2511.886431509582 1.0 0.0
2511.886431509582 0.7943282347242815 0.0034662513679139706
2511.886431509582 0.6309573444801932 0.009603450922624176
2511.886431509582 0.5011872336272722 0.017712062894781232
2511.886431509582 0.3981071705534972 0.027866856869128893
2511.886431509582 0.31622776601683794 0.04015223194551065
2511.886431509582 0.251188643150958 0.054594479918607136
2511.886431509582 0.19952623149688797 0.07116835926849412
2511.886431509582 0.15848931924611137 0.08981555748948551
2511.886431509582 0.12589254117941676 0.11046102808558486
2511.886431509582 0.10000000000000002 0.1330218861063238
2511.886431509582 0.07943282347242818 0.15742212108637837
2511.886431509582 0.06309573444801933 0.1835934551128354
2511.886431509582 0.05011872336272722 0.21148155333485322
2511.886431509582 0.039810717055349734 0.2410477049642166
2511.886431509582 0.03162277660168379 0.2722708500435347
2511.886431509582 0.025118864315095808 0.30514784044316917
2511.886431509582 0.0199526231496888 0.3396968488806088
2511.886431509582 0.015848931924611134 0.3759573792619522
2511.886431509582 0.012589254117941675 0.413992894044323
2511.886431509582 0.01 0.45389081996088265
2511.886431509582 0.00794328234724282 0.49576727061274073
2511.886431509582 0.006309573444801936 0.5397700876899612
2511.886431509582 0.005011872336272725 0.5860812258545275
2511.886431509582 0.003981071705534973 0.6349221951974267
2511.886431509582 0.0031622776601683794 0.6865590370062812
2511.886431509582 0.0025118864315095794 0.7413085502676767
2511.886431509582 0.0019952623149688807 0.7995460657705459
2511.886431509582 0.001584893192461114 0.8617133549588918
2511.886431509582 0.0012589254117941675 0.928329071586717
2511.886431509582 0.001 1.0
3162.2776601683795 1.0 0.0
3162.2776601683795 0.7943282347242815 0.0035943434462274793
3162.2776601683795 0.6309573444801932 0.009937146447251641
3162.2776601683795 0.5011872336272722 0.018303991502578016
3162.2776601683795 0.3981071705534972 0.028770453387867025
3162.2776601683795 0.31622776601683794 0.04141978189028041
3162.2776601683795 0.251188643150958 0.056276416235981466
3162.2776601683795 0.19952623149688797 0.07331076777660463
3162.2776601683795 0.15848931924611137 0.09245686742800342
3162.2776601683795 0.12589254117941676 0.11363052356507508
3162.2776601683795 0.10000000000000002 0.13674519984768302
3162.2776601683795 0.07943282347242818 0.1617154702667952
3162.2776601683795 0.06309573444801933 0.18846552409252237
3162.2776601683795 0.05011872336272722 0.216931840019801
3162.2776601683795 0.039810717055349734 0.24706673059905174
3162.2776601683795 0.03162277660168379 0.2788376140860403
3162.2776601683795 0.025118864315095808 0.31223137056690475
3162.2776601683795 0.0199526231496888 0.3472535211353732
3162.2776601683795 0.015848931924611134 0.383931512866761
3162.2776601683795 0.012589254117941675 0.4223098959826874
3162.2776601683795 0.01 0.4624607018582802
3162.2776601683795 0.00794328234724282 0.5044809164871304
3162.2776601683795 0.006309573444801936 0.5484952793273407
3162.2776601683795 0.005011872336272725 0.5946603092189497
3162.2776601683795 0.003981071705534973 0.6431678889425771
3162.2776601683795 0.0031622776601683794 0.694250272803043
3162.2776601683795 0.0025118864315095794 0.7481850275645744
3162.2776601683795 0.0019952623149688807 0.8053023077712865
3162.2776601683795 0.001584893192461114 0.8659918253602243
3162.2776601683795 0.0012589254117941675 0.9307119362511153
3162.2776601683795 0.001 1.0
3981.0717055349733 1.0 0.0
3981.0717055349733 0.7943282347242815 0.003716923722355183
3981.0717055349733 0.6309573444801932 0.010253543831771397
3981.0717055349733 0.5011872336272722 0.018862669154278467
3981.0717055349733 0.3981071705534972 0.029620560863444924
3981.0717055349733 0.31622776601683794 0.04260913515186389
3981.0717055349733 0.251188643150958 0.057850507355370055
3981.0717055349733 0.19952623149688797 0.07530795789656385
3981.0717055349733 0.15848931924611137 0.09491259342135819
3981.0717055349733 0.12589254117941676 0.11657579902682827
3981.0717055349733 0.10000000000000002 0.14020190139924527
3981.0717055349733 0.07943282347242818 0.16569885391659836
3981.0717055349733 0.06309573444801933 0.19298264490134232
3981.0717055349733 0.05011872336272722 0.22198259001486612
3981.0717055349733 0.039810717055349734 0.2526404205101529
3981.0717055349733 0.03162277660168379 0.2849156465470636
3981.0717055349733 0.025118864315095808 0.318784462431715
3981.0717055349733 0.0199526231496888 0.35424245004580845
3981.0717055349733 0.015848931924611134 0.391300481667721
3981.0717055349733 0.012589254117941675 0.42999271782499415
3981.0717055349733 0.01 0.47037466082350843
3981.0717055349733 0.00794328234724282 0.5125246498116187
3981.0717055349733 0.006309573444801936 0.5565469769205792
3981.0717055349733 0.005011872336272725 0.602574519718666
3981.0717055349733 0.003981071705534973 0.6507722196574559
3981.0717055349733 0.0031622776601683794 0.7013408983329736
3981.0717055349733 0.0025118864315095794 0.754522660760047
3981.0717055349733 0.0019952623149688807 0.8106059669643269
3981.0717055349733 0.001584893192461114 0.8699327812966255
3981.0717055349733 0.0012589254117941675 0.9329063119855292
3981.0717055349733 0.001 1.0
5011.872336272725 1.0 0.0
5011.872336272725 0.7943282347242815 0.003833804086255866
5011.872336272725 0.6309573444801932 0.010552365023613024
5011.872336272725 0.5011872336272722 0.01938844556913005
5011.872336272725 0.3981071705534972 0.030417413491952414
5011.872336272725 0.31622776601683794 0.04372062262358774
5011.872336272725 0.251188643150958 0.05931711150448778
5011.872336272725 0.19952623149688797 0.07716673550140954
5011.872336272725 0.15848931924611137 0.09719572550271223
5011.872336272725 0.12589254117941676 0.11930882240961724
5011.872336272725 0.10000000000000002 0.14340482656852
5011.872336272725 0.07943282347242818 0.16938459885007967
5011.872336272725 0.06309573444801933 0.19715811497082944
5011.872336272725 0.05011872336272722 0.2266452656134059
5011.872336272725 0.039810717055349734 0.25778144504946665
5011.872336272725 0.03162277660168379 0.2905172060021743
5011.872336272725 0.025118864315095808 0.3248200677205177
5011.872336272725 0.0199526231496888 0.36067275698370804
5011.872336272725 0.015848931924611134 0.39807760791888325
5011.872336272725 0.012589254117941675 0.4370549641116922
5011.872336272725 0.01 0.4776454049947129
5011.872336272725 0.00794328234724282 0.5199110490501496
5011.872336272725 0.006309573444801936 0.5639373295832896
5011.872336272725 0.005011872336272725 0.6098356524236498
5011.872336272725 0.003981071705534973 0.6577461241295591
5011.872336272725 0.0031622776601683794 0.7078414205397546
5011.872336272725 0.0025118864315095794 0.760330878532824
5011.872336272725 0.0019952623149688807 0.8154648631101598
5011.872336272725 0.001584893192461114 0.8735421722940521
5011.872336272725 0.0012589254117941675 0.9349153891311289
5011.872336272725 0.001 1.0
6309.573444801937 1.0 0.0
6309.573444801937 0.7943282347242815 0.003944978670613314
6309.573444801937 0.6309573444801932 0.010833982432495413
6309.573444801937 0.5011872336272722 0.019881523255688465
6309.573444801937 0.3981071705534972 0.03116179658610804
6309.573444801937 0.31622776601683794 0.04475550393529365
6309.573444801937 0.251188643150958 0.060678829185438474
6309.573444801937 0.19952623149688797 0.07888903658160908
6309.573444801937 0.15848931924611137 0.09930655177869618
6309.573444801937 0.12589254117941676 0.1218313980399077
6309.573444801937 0.10000000000000002 0.1463564134916513
6309.573444801937 0.07943282347242818 0.17277723979083406
6309.573444801937 0.06309573444801933 0.2009957909501383
6309.573444801937 0.05011872336272722 0.23092651522957103
6309.573444801937 0.039810717055349734 0.2624974452554433
6309.573444801937 0.03162277660168379 0.29565155064983006
6309.573444801937 0.025118864315095808 0.3303471679027634
6309.573444801937 0.0199526231496888 0.3665585139324826
6309.573444801937 0.015848931924611134 0.4042767009470519
6309.573444801937 0.012589254117941675 0.4435109569866874
6309.573444801937 0.01 0.4842885080214238
6309.573444801937 0.00794328234724282 0.5266564424753238
6309.573444801937 0.006309573444801936 0.5706832296010825
6309.573444801937 0.005011872336272725 0.6164606180627574
6309.573444801937 0.003981071705534973 0.6641065429448025
6309.573444801937 0.0031622776601683794 0.7137679219916909
6309.573444801937 0.0025118864315095794 0.7656238168166645
6309.573444801937 0.0019952623149688807 0.8198912996599352
6309.573444801937 0.001584893192461114 0.8768290284530852
6309.573444801937 0.0012589254117941675 0.9367443637410138
6309.573444801937 0.001 1.0
7943.282347242822 1.0 0.0
7943.282347242822 0.7943282347242815 0.004050586491160807
7943.282347242822 0.6309573444801932 0.011099101936037128
7943.282347242822 0.5011872336272722 0.02034279992534433
7943.282347242822 0.3981071705534972 0.03185529152548518
7943.282347242822 0.31622776601683794 0.04571615496198322
7943.282347242822 0.251188643150958 0.06193909852983454
7943.282347242822 0.19952623149688797 0.08047879459084013
7943.282347242822 0.15848931924611137 0.10125088848582021
7943.282347242822 0.12589254117941676 0.12415057616293128
7943.282347242822 0.10000000000000002 0.1490660707393415
7943.282347242822 0.07943282347242818 0.175886334728098
7943.282347242822 0.06309573444801933 0.20450839429087952
7943.282347242822 0.05011872336272722 0.2348406953185809
7943.282347242822 0.039810717055349734 0.26680485767891093
7943.282347242822 0.03162277660168379 0.3003361314206877
7943.282347242822 0.025118864315095808 0.33538637708411917
7943.282347242822 0.0199526231496888 0.3719200294565133
7943.282347242822 0.015848931924611134 0.40991992390905724
7943.282347242822 0.012589254117941675 0.44938420185085487
7943.282347242822 0.01 0.49032838369017423
7943.282347242822 0.00794328234724282 0.5327860212865412
7943.282347242822 0.006309573444801936 0.5768101470416619
7943.282347242822 0.005011872336272725 0.6224750730213284
7943.282347242822 0.003981071705534973 0.6698783428168696
7943.282347242822 0.0031622776601683794 0.7191432448248963
7943.282347242822 0.0025118864315095794 0.7704229189811348
