src/nupyprop/models/ixc_neutrino_bsm.ecsv
# %ECSV 1.0
# ---
# datatype:
# - {name: energy, datatype: float64}
# - {name: y, datatype: float64}
# - {name: cc_cdf_bsm, datatype: float64}
# - {name: nc_cdf_bsm, datatype: float64}
# meta: !!omap
# - {Description: Neutrino-nucleon cross-section CDF values for BSM}
# - {energy: 'Neutrino energy, in GeV'}
# - {y: Inelasticity; y = (E_initial-E_final)/E_initial}
# - {cdf_bsm: Cross-section CDF values for bsm}
# - {nc_cdf_bsm: Cross-section NC CDF values for bsm}
# - {Note: 'The integrated cross-section CDF values should be integrated from y = 1, 10^(-0.1),...,10^(-3). This is a convention we chose
#     to adopt'}
# schema: astropy-2.0
energy y cc_cdf_bsm nc_cdf_bsm
[from data line 370]
12589.254117941662 0.0012589254117941675 0.0 0.0
12589.254117941662 0.001 0.0 0.0
15848.93192461114 1.0 0.0 0.0
15848.93192461114 0.7943282347242815 0.0 0.0
15848.93192461114 0.6309573444801932 0.0 0.0
15848.93192461114 0.5011872336272722 0.0 0.0
15848.93192461114 0.3981071705534972 0.0 0.0
15848.93192461114 0.31622776601683794 0.0 0.0
15848.93192461114 0.251188643150958 0.0 0.0
15848.93192461114 0.19952623149688797 0.0 0.0
15848.93192461114 0.15848931924611137 0.0 0.0
15848.93192461114 0.12589254117941676 0.0 0.0
15848.93192461114 0.10000000000000002 0.0 0.0
15848.93192461114 0.07943282347242818 0.0 0.0
15848.93192461114 0.06309573444801933 0.0 0.0
15848.93192461114 0.05011872336272722 0.0 0.0
15848.93192461114 0.039810717055349734 0.0 0.0
15848.93192461114 0.03162277660168379 0.0 0.0
15848.93192461114 0.025118864315095808 0.0 0.0
15848.93192461114 0.0199526231496888 0.0 0.0
15848.93192461114 0.015848931924611134 0.0 0.0
15848.93192461114 0.012589254117941675 0.0 0.0
15848.93192461114 0.01 0.0 0.0
15848.93192461114 0.00794328234724282 0.0 0.0
15848.93192461114 0.006309573444801936 0.0 0.0
15848.93192461114 0.005011872336272725 0.0 0.0
15848.93192461114 0.003981071705534973 0.0 0.0
15848.93192461114 0.0031622776601683794 0.0 0.0
15848.93192461114 0.0025118864315095794 0.0 0.0
15848.93192461114 0.0019952623149688807 0.0 0.0
15848.93192461114 0.001584893192461114 0.0 0.0
15848.93192461114 0.0012589254117941675 0.0 0.0
15848.93192461114 0.001 0.0 0.0
19952.62314968879 1.0 0.0 0.0
19952.62314968879 0.7943282347242815 0.0 0.0
19952.62314968879 0.6309573444801932 0.0 0.0
19952.62314968879 0.5011872336272722 0.0 0.0
19952.62314968879 0.3981071705534972 0.0 0.0
19952.62314968879 0.31622776601683794 0.0 0.0
19952.62314968879 0.251188643150958 0.0 0.0
19952.62314968879 0.19952623149688797 0.0 0.0
19952.62314968879 0.15848931924611137 0.0 0.0
19952.62314968879 0.12589254117941676 0.0 0.0
19952.62314968879 0.10000000000000002 0.0 0.0
19952.62314968879 0.07943282347242818 0.0 0.0
19952.62314968879 0.06309573444801933 0.0 0.0
19952.62314968879 0.05011872336272722 0.0 0.0
19952.62314968879 0.039810717055349734 0.0 0.0
19952.62314968879 0.03162277660168379 0.0 0.0
19952.62314968879 0.025118864315095808 0.0 0.0
19952.62314968879 0.0199526231496888 0.0 0.0
19952.62314968879 0.015848931924611134 0.0 0.0
19952.62314968879 0.012589254117941675 0.0 0.0
19952.62314968879 0.01 0.0 0.0
19952.62314968879 0.00794328234724282 0.0 0.0
19952.62314968879 0.006309573444801936 0.0 0.0
19952.62314968879 0.005011872336272725 0.0 0.0
19952.62314968879 0.003981071705534973 0.0 0.0
19952.62314968879 0.0031622776601683794 0.0 0.0
19952.62314968879 0.0025118864315095794 0.0 0.0
19952.62314968879 0.0019952623149688807 0.0 0.0
19952.62314968879 0.001584893192461114 0.0 0.0
19952.62314968879 0.0012589254117941675 0.0 0.0
19952.62314968879 0.001 0.0 0.0
25118.864315095823 1.0 0.0 0.0
25118.864315095823 0.7943282347242815 0.0 0.0
25118.864315095823 0.6309573444801932 0.0 0.0
25118.864315095823 0.5011872336272722 0.0 0.0
25118.864315095823 0.3981071705534972 0.0 0.0
25118.864315095823 0.31622776601683794 0.0 0.0
25118.864315095823 0.251188643150958 0.0 0.0
25118.864315095823 0.19952623149688797 0.0 0.0
25118.864315095823 0.15848931924611137 0.0 0.0
25118.864315095823 0.12589254117941676 0.0 0.0
25118.864315095823 0.10000000000000002 0.0 0.0
25118.864315095823 0.07943282347242818 0.0 0.0
25118.864315095823 0.06309573444801933 0.0 0.0
25118.864315095823 0.05011872336272722 0.0 0.0
25118.864315095823 0.039810717055349734 0.0 0.0
25118.864315095823 0.03162277660168379 0.0 0.0
25118.864315095823 0.025118864315095808 0.0 0.0
25118.864315095823 0.0199526231496888 0.0 0.0
25118.864315095823 0.015848931924611134 0.0 0.0
25118.864315095823 0.012589254117941675 0.0 0.0
25118.864315095823 0.01 0.0 0.0
25118.864315095823 0.00794328234724282 0.0 0.0
25118.864315095823 0.006309573444801936 0.0 0.0
25118.864315095823 0.005011872336272725 0.0 0.0
25118.864315095823 0.003981071705534973 0.0 0.0
25118.864315095823 0.0031622776601683794 0.0 0.0
25118.864315095823 0.0025118864315095794 0.0 0.0
25118.864315095823 0.0019952623149688807 0.0 0.0
25118.864315095823 0.001584893192461114 0.0 0.0
25118.864315095823 0.0012589254117941675 0.0 0.0
25118.864315095823 0.001 0.0 0.0
31622.776601683792 1.0 0.0 0.0
31622.776601683792 0.7943282347242815 0.0 0.0
31622.776601683792 0.6309573444801932 0.0 0.0
31622.776601683792 0.5011872336272722 0.0 0.0
31622.776601683792 0.3981071705534972 0.0 0.0
31622.776601683792 0.31622776601683794 0.0 0.0
31622.776601683792 0.251188643150958 0.0 0.0
31622.776601683792 0.19952623149688797 0.0 0.0
31622.776601683792 0.15848931924611137 0.0 0.0
31622.776601683792 0.12589254117941676 0.0 0.0
31622.776601683792 0.10000000000000002 0.0 0.0
31622.776601683792 0.07943282347242818 0.0 0.0
31622.776601683792 0.06309573444801933 0.0 0.0
31622.776601683792 0.05011872336272722 0.0 0.0
31622.776601683792 0.039810717055349734 0.0 0.0
31622.776601683792 0.03162277660168379 0.0 0.0
31622.776601683792 0.025118864315095808 0.0 0.0
31622.776601683792 0.0199526231496888 0.0 0.0
31622.776601683792 0.015848931924611134 0.0 0.0
31622.776601683792 0.012589254117941675 0.0 0.0
31622.776601683792 0.01 0.0 0.0
31622.776601683792 0.00794328234724282 0.0 0.0
31622.776601683792 0.006309573444801936 0.0 0.0
31622.776601683792 0.005011872336272725 0.0 0.0
31622.776601683792 0.003981071705534973 0.0 0.0
31622.776601683792 0.0031622776601683794 0.0 0.0
31622.776601683792 0.0025118864315095794 0.0 0.0
31622.776601683792 0.0019952623149688807 0.0 0.0
31622.776601683792 0.001584893192461114 0.0 0.0
31622.776601683792 0.0012589254117941675 0.0 0.0
31622.776601683792 0.001 0.0 0.0
39810.71705534969 1.0 0.0 0.0
39810.71705534969 0.7943282347242815 0.0 0.0
39810.71705534969 0.6309573444801932 0.0 0.0
39810.71705534969 0.5011872336272722 0.0 0.0
39810.71705534969 0.3981071705534972 0.0 0.0
39810.71705534969 0.31622776601683794 0.0 0.0
39810.71705534969 0.251188643150958 0.0 0.0
39810.71705534969 0.19952623149688797 0.0 0.0
39810.71705534969 0.15848931924611137 0.0 0.0
39810.71705534969 0.12589254117941676 0.0 0.0
39810.71705534969 0.10000000000000002 0.0 0.0
39810.71705534969 0.07943282347242818 0.0 0.0
39810.71705534969 0.06309573444801933 0.0 0.0
39810.71705534969 0.05011872336272722 0.0 0.0
39810.71705534969 0.039810717055349734 0.0 0.0
39810.71705534969 0.03162277660168379 0.0 0.0
39810.71705534969 0.025118864315095808 0.0 0.0
39810.71705534969 0.0199526231496888 0.0 0.0
39810.71705534969 0.015848931924611134 0.0 0.0
39810.71705534969 0.012589254117941675 0.0 0.0
39810.71705534969 0.01 0.0 0.0
39810.71705534969 0.00794328234724282 0.0 0.0
39810.71705534969 0.006309573444801936 0.0 0.0
39810.71705534969 0.005011872336272725 0.0 0.0
39810.71705534969 0.003981071705534973 0.0 0.0
39810.71705534969 0.0031622776601683794 0.0 0.0
39810.71705534969 0.0025118864315095794 0.0 0.0
39810.71705534969 0.0019952623149688807 0.0 0.0
39810.71705534969 0.001584893192461114 0.0 0.0
39810.71705534969 0.0012589254117941675 0.0 0.0
39810.71705534969 0.001 0.0 0.0
50118.72336272725 1.0 0.0 0.0
50118.72336272725 0.7943282347242815 0.0 0.0
50118.72336272725 0.6309573444801932 0.0 0.0
50118.72336272725 0.5011872336272722 0.0 0.0
50118.72336272725 0.3981071705534972 0.0 0.0
50118.72336272725 0.31622776601683794 0.0 0.0
50118.72336272725 0.251188643150958 0.0 0.0
50118.72336272725 0.19952623149688797 0.0 0.0
50118.72336272725 0.15848931924611137 0.0 0.0
50118.72336272725 0.12589254117941676 0.0 0.0
50118.72336272725 0.10000000000000002 0.0 0.0
50118.72336272725 0.07943282347242818 0.0 0.0
50118.72336272725 0.06309573444801933 0.0 0.0
50118.72336272725 0.05011872336272722 0.0 0.0
50118.72336272725 0.039810717055349734 0.0 0.0
50118.72336272725 0.03162277660168379 0.0 0.0
50118.72336272725 0.025118864315095808 0.0 0.0
50118.72336272725 0.0199526231496888 0.0 0.0
50118.72336272725 0.015848931924611134 0.0 0.0
50118.72336272725 0.012589254117941675 0.0 0.0
50118.72336272725 0.01 0.0 0.0
50118.72336272725 0.00794328234724282 0.0 0.0
50118.72336272725 0.006309573444801936 0.0 0.0
50118.72336272725 0.005011872336272725 0.0 0.0
50118.72336272725 0.003981071705534973 0.0 0.0
50118.72336272725 0.0031622776601683794 0.0 0.0
50118.72336272725 0.0025118864315095794 0.0 0.0
50118.72336272725 0.0019952623149688807 0.0 0.0
50118.72336272725 0.001584893192461114 0.0 0.0
50118.72336272725 0.0012589254117941675 0.0 0.0
50118.72336272725 0.001 0.0 0.0
63095.7344480193 1.0 0.0 0.0
63095.7344480193 0.7943282347242815 0.0 0.0
63095.7344480193 0.6309573444801932 0.0 0.0
63095.7344480193 0.5011872336272722 0.0 0.0
63095.7344480193 0.3981071705534972 0.0 0.0
63095.7344480193 0.31622776601683794 0.0 0.0
63095.7344480193 0.251188643150958 0.0 0.0
63095.7344480193 0.19952623149688797 0.0 0.0
63095.7344480193 0.15848931924611137 0.0 0.0
63095.7344480193 0.12589254117941676 0.0 0.0
63095.7344480193 0.10000000000000002 0.0 0.0
63095.7344480193 0.07943282347242818 0.0 0.0
63095.7344480193 0.06309573444801933 0.0 0.0
63095.7344480193 0.05011872336272722 0.0 0.0
63095.7344480193 0.039810717055349734 0.0 0.0
63095.7344480193 0.03162277660168379 0.0 0.0
63095.7344480193 0.025118864315095808 0.0 0.0
63095.7344480193 0.0199526231496888 0.0 0.0
63095.7344480193 0.015848931924611134 0.0 0.0
63095.7344480193 0.012589254117941675 0.0 0.0
63095.7344480193 0.01 0.0 0.0
63095.7344480193 0.00794328234724282 0.0 0.0
63095.7344480193 0.006309573444801936 0.0 0.0
63095.7344480193 0.005011872336272725 0.0 0.0
63095.7344480193 0.003981071705534973 0.0 0.0
63095.7344480193 0.0031622776601683794 0.0 0.0
63095.7344480193 0.0025118864315095794 0.0 0.0
63095.7344480193 0.0019952623149688807 0.0 0.0
63095.7344480193 0.001584893192461114 0.0 0.0
63095.7344480193 0.0012589254117941675 0.0 0.0
63095.7344480193 0.001 0.0 0.0
79432.82347242821 1.0 0.0 0.0
79432.82347242821 0.7943282347242815 0.0 0.0
79432.82347242821 0.6309573444801932 0.0 0.0
79432.82347242821 0.5011872336272722 0.0 0.0
79432.82347242821 0.3981071705534972 0.0 0.0
79432.82347242821 0.31622776601683794 0.0 0.0
79432.82347242821 0.251188643150958 0.0 0.0
79432.82347242821 0.19952623149688797 0.0 0.0
79432.82347242821 0.15848931924611137 0.0 0.0
79432.82347242821 0.12589254117941676 0.0 0.0
79432.82347242821 0.10000000000000002 0.0 0.0
79432.82347242821 0.07943282347242818 0.0 0.0
79432.82347242821 0.06309573444801933 0.0 0.0
79432.82347242821 0.05011872336272722 0.0 0.0
79432.82347242821 0.039810717055349734 0.0 0.0
79432.82347242821 0.03162277660168379 0.0 0.0
79432.82347242821 0.025118864315095808 0.0 0.0
79432.82347242821 0.0199526231496888 0.0 0.0
79432.82347242821 0.015848931924611134 0.0 0.0
79432.82347242821 0.012589254117941675 0.0 0.0
79432.82347242821 0.01 0.0 0.0
79432.82347242821 0.00794328234724282 0.0 0.0
79432.82347242821 0.006309573444801936 0.0 0.0
79432.82347242821 0.005011872336272725 0.0 0.0
79432.82347242821 0.003981071705534973 0.0 0.0
79432.82347242821 0.0031622776601683794 0.0 0.0
79432.82347242821 0.0025118864315095794 0.0 0.0
79432.82347242821 0.0019952623149688807 0.0 0.0
79432.82347242821 0.001584893192461114 0.0 0.0
79432.82347242821 0.0012589254117941675 0.0 0.0
79432.82347242821 0.001 0.0 0.0
100000.0 1.0 0.0 0.0
100000.0 0.7943282347242815 0.0 0.0
100000.0 0.6309573444801932 0.0 0.0
100000.0 0.5011872336272722 0.0 0.0
100000.0 0.3981071705534972 0.0 0.0
100000.0 0.31622776601683794 0.0 0.0
100000.0 0.251188643150958 0.0 0.0
100000.0 0.19952623149688797 0.0 0.0
100000.0 0.15848931924611137 0.0 0.0
100000.0 0.12589254117941676 0.0 0.0
100000.0 0.10000000000000002 0.0 0.0
100000.0 0.07943282347242818 0.0 0.0
100000.0 0.06309573444801933 0.0 0.0
100000.0 0.05011872336272722 0.0 0.0
100000.0 0.039810717055349734 0.0 0.0
100000.0 0.03162277660168379 0.0 0.0
100000.0 0.025118864315095808 0.0 0.0
100000.0 0.0199526231496888 0.0 0.0
100000.0 0.015848931924611134 0.0 0.0
100000.0 0.012589254117941675 0.0 0.0
100000.0 0.01 0.0 0.0
100000.0 0.00794328234724282 0.0 0.0
100000.0 0.006309573444801936 0.0 0.0
100000.0 0.005011872336272725 0.0 0.0
100000.0 0.003981071705534973 0.0 0.0
100000.0 0.0031622776601683794 0.0 0.0
100000.0 0.0025118864315095794 0.0 0.0
100000.0 0.0019952623149688807 0.0 0.0
100000.0 0.001584893192461114 0.0 0.0
100000.0 0.0012589254117941675 0.0 0.0
100000.0 0.001 0.0 0.0
125892.54117941661 1.0 0.0 0.0
125892.54117941661 0.7943282347242815 0.0 0.0
125892.54117941661 0.6309573444801932 0.0 0.0
125892.54117941661 0.5011872336272722 0.0 0.0
125892.54117941661 0.3981071705534972 0.0 0.0
125892.54117941661 0.31622776601683794 0.0 0.0
125892.54117941661 0.251188643150958 0.0 0.0
125892.54117941661 0.19952623149688797 0.0 0.0
125892.54117941661 0.15848931924611137 0.0 0.0
125892.54117941661 0.12589254117941676 0.0 0.0
125892.54117941661 0.10000000000000002 0.0 0.0
125892.54117941661 0.07943282347242818 0.0 0.0
125892.54117941661 0.06309573444801933 0.0 0.0
125892.54117941661 0.05011872336272722 0.0 0.0
125892.54117941661 0.039810717055349734 0.0 0.0
125892.54117941661 0.03162277660168379 0.0 0.0
125892.54117941661 0.025118864315095808 0.0 0.0
125892.54117941661 0.0199526231496888 0.0 0.0
125892.54117941661 0.015848931924611134 0.0 0.0
125892.54117941661 0.012589254117941675 0.0 0.0
125892.54117941661 0.01 0.0 0.0
125892.54117941661 0.00794328234724282 0.0 0.0
125892.54117941661 0.006309573444801936 0.0 0.0
125892.54117941661 0.005011872336272725 0.0 0.0
125892.54117941661 0.003981071705534973 0.0 0.0
125892.54117941661 0.0031622776601683794 0.0 0.0
125892.54117941661 0.0025118864315095794 0.0 0.0
125892.54117941661 0.0019952623149688807 0.0 0.0
125892.54117941661 0.001584893192461114 0.0 0.0
125892.54117941661 0.0012589254117941675 0.0 0.0
125892.54117941661 0.001 0.0 0.0
158489.3192461114 1.0 0.0 0.0
158489.3192461114 0.7943282347242815 0.064178197813612 0.0
158489.3192461114 0.6309573444801932 0.19137023948988974 0.0
158489.3192461114 0.5011872336272722 0.3241733312621796 0.0
158489.3192461114 0.3981071705534972 0.4449474975500627 0.0
158489.3192461114 0.31622776601683794 0.5488597567720064 0.0
158489.3192461114 0.251188643150958 0.635785847723316 0.0
158489.3192461114 0.19952623149688797 0.7073309922623342 0.0
158489.3192461114 0.15848931924611137 0.765619258850791 0.0
158489.3192461114 0.12589254117941676 0.8127860511609688 0.0
158489.3192461114 0.10000000000000002 0.8507743074497846 0.0
158489.3192461114 0.07943282347242818 0.8812674648825869 0.0
158489.3192461114 0.06309573444801933 0.9056841736332565 0.0
158489.3192461114 0.05011872336272722 0.9251995121186551 0.0
158489.3192461114 0.039810717055349734 0.9407758044181465 0.0
158489.3192461114 0.03162277660168379 0.9531949964764705 0.0
158489.3192461114 0.025118864315095808 0.9630889409378767 0.0
158489.3192461114 0.0199526231496888 0.9709661426682206 0.0
158489.3192461114 0.015848931924611134 0.9772346096887258 0.0
158489.3192461114 0.012589254117941675 0.9822209744724348 0.0
158489.3192461114 0.01 0.9861862737781113 0.0
158489.3192461114 0.00794328234724282 0.9893388459215663 0.0
158489.3192461114 0.006309573444801936 0.9918447994545679 0.0
158489.3192461114 0.005011872336272725 0.9938364676333461 0.0
158489.3192461114 0.003981071705534973 0.9954192104776022 0.0
158489.3192461114 0.0031622776601683794 0.996676871778869 0.0
158489.3192461114 0.0025118864315095794 0.9976761474945581 0.0
158489.3192461114 0.0019952623149688807 0.9984700768267822 0.0
158489.3192461114 0.001584893192461114 0.9991008285499537 0.0
158489.3192461114 0.0012589254117941675 0.9996019226025926 0.0
158489.3192461114 0.001 1.0 0.0
199526.2314968883 1.0 0.0 0.0
199526.2314968883 0.7943282347242815 0.06776309635096844 0.0
199526.2314968883 0.6309573444801932 0.19969396816335583 0.0
199526.2314968883 0.5011872336272722 0.33453976485860515 0.0
199526.2314968883 0.3981071705534972 0.45553231521573323 0.0
199526.2314968883 0.31622776601683794 0.5587109480572721 0.0
