src/nupyprop/models/ixc_neutrino_bsm.ecsv
# %ECSV 1.0
# ---
# datatype:
# - {name: energy, datatype: float64}
# - {name: y, datatype: float64}
# - {name: cc_cdf_bsm, datatype: float64}
# - {name: nc_cdf_bsm, datatype: float64}
# meta: !!omap
# - {Description: Neutrino-nucleon cross-section CDF values for BSM}
# - {energy: 'Neutrino energy, in GeV'}
# - {y: Inelasticity; y = (E_initial-E_final)/E_initial}
# - {cdf_bsm: Cross-section CDF values for bsm}
# - {nc_cdf_bsm: Cross-section NC CDF values for bsm}
# - {Note: 'The integrated cross-section CDF values should be integrated from y = 1, 10^(-0.1),...,10^(-3). This is a convention we chose
#     to adopt'}
# schema: astropy-2.0
energy y cc_cdf_bsm nc_cdf_bsm
[from data line 996]
1584893.1924611141 0.3981071705534972 0.5318443476798873 0.0
1584893.1924611141 0.31622776601683794 0.6268321681510278 0.0
1584893.1924611141 0.251188643150958 0.7029745473911139 0.0
1584893.1924611141 0.19952623149688797 0.7638213175851277 0.0
1584893.1924611141 0.15848931924611137 0.8123556506703447 0.0
1584893.1924611141 0.12589254117941676 0.8510234913449626 0.0
1584893.1924611141 0.10000000000000002 0.8818062248952079 0.0
1584893.1924611141 0.07943282347242818 0.9062982277628064 0.0
1584893.1924611141 0.06309573444801933 0.9257773201923754 0.0
1584893.1924611141 0.05011872336272722 0.9412649944751119 0.0
1584893.1924611141 0.039810717055349734 0.9535764339192001 0.0
1584893.1924611141 0.03162277660168379 0.9633614070536521 0.0
1584893.1924611141 0.025118864315095808 0.9711373937510591 0.0
1584893.1924611141 0.0199526231496888 0.9773162633528913 0.0
1584893.1924611141 0.015848931924611134 0.9822256778044717 0.0
1584893.1924611141 0.012589254117941675 0.9861262179298808 0.0
1584893.1924611141 0.01 0.9892250622379541 0.0
1584893.1924611141 0.00794328234724282 0.9916868977202405 0.0
1584893.1924611141 0.006309573444801936 0.993642614275644 0.0
1584893.1924611141 0.005011872336272725 0.9951962279405502 0.0
1584893.1924611141 0.003981071705534973 0.9964303907112991 0.0
1584893.1924611141 0.0031622776601683794 0.9974107736704458 0.0
1584893.1924611141 0.0025118864315095794 0.9981895526865412 0.0
1584893.1924611141 0.0019952623149688807 0.9988081797379952 0.0
1584893.1924611141 0.001584893192461114 0.9992995858394542 0.0
1584893.1924611141 0.0012589254117941675 0.9996899318822249 0.0
1584893.1924611141 0.001 1.0 0.0
1995262.3149688828 1.0 0.0 0.0
1995262.3149688828 0.7943282347242815 0.10315624918757305 0.0
1995262.3149688828 0.6309573444801932 0.27459728507625414 0.0
1995262.3149688828 0.5011872336272722 0.4190035740169562 0.0
1995262.3149688828 0.3981071705534972 0.536368423884274 0.0
1995262.3149688828 0.31622776601683794 0.630731414520153 0.0
1995262.3149688828 0.251188643150958 0.7062409546584903 0.0
1995262.3149688828 0.19952623149688797 0.7665120750001742 0.0
1995262.3149688828 0.15848931924611137 0.8145484048178153 0.0
1995262.3149688828 0.12589254117941676 0.85279720850048 0.0
1995262.3149688828 0.10000000000000002 0.8832332849871639 0.0
1995262.3149688828 0.07943282347242818 0.907441673479986 0.0
1995262.3149688828 0.06309573444801933 0.9266904865662173 0.0
1995262.3149688828 0.05011872336272722 0.9419921913727896 0.0
1995262.3149688828 0.039810717055349734 0.9541540324483018 0.0
1995262.3149688828 0.03162277660168379 0.9638190140407943 0.0
1995262.3149688828 0.025118864315095808 0.9714989666959513 0.0
1995262.3149688828 0.0199526231496888 0.9776011041743006 0.0
1995262.3149688828 0.015848931924611134 0.9824492872243052 0.0
1995262.3149688828 0.012589254117941675 0.9863010136375823 0.0
1995262.3149688828 0.01 0.9893609735373555 0.0
1995262.3149688828 0.00794328234724282 0.9917918527780332 0.0
1995262.3149688828 0.006309573444801936 0.9937229363847322 0.0
1995262.3149688828 0.005011872336272725 0.9952569560194438 0.0
1995262.3149688828 0.003981071705534973 0.9964755374624976 0.0
1995262.3149688828 0.0031622776601683794 0.9974435328785268 0.0
1995262.3149688828 0.0025118864315095794 0.9982124652809572 0.0
1995262.3149688828 0.0019952623149688807 0.998823266579608 0.0
1995262.3149688828 0.001584893192461114 0.9993084537481108 0.0
1995262.3149688828 0.0012589254117941675 0.9996938582041196 0.0
1995262.3149688828 0.001 1.0 0.0
2511886.4315095823 1.0 0.0 0.0
2511886.4315095823 0.7943282347242815 0.10521713116343467 0.0
2511886.4315095823 0.6309573444801932 0.27864655620329914 0.0
2511886.4315095823 0.5011872336272722 0.423194813275244 0.0
2511886.4315095823 0.3981071705534972 0.5401669208351174 0.0
2511886.4315095823 0.31622776601683794 0.6339949096646031 0.0
2511886.4315095823 0.251188643150958 0.7089689106106585 0.0
2511886.4315095823 0.19952623149688797 0.768755855854677 0.0
2511886.4315095823 0.15848931924611137 0.8163748835617219 0.0
2511886.4315095823 0.12589254117941676 0.8542734294106209 0.0
2511886.4315095823 0.10000000000000002 0.8844202535779613 0.0
2511886.4315095823 0.07943282347242818 0.9083922920983437 0.0
2511886.4315095823 0.06309573444801933 0.9274493817986365 0.0
2511886.4315095823 0.05011872336272722 0.942596363571629 0.0
2511886.4315095823 0.039810717055349734 0.9546338087166072 0.0
2511886.4315095823 0.03162277660168379 0.9641990547890281 0.0
2511886.4315095823 0.025118864315095808 0.9717992107586559 0.0
2511886.4315095823 0.0199526231496888 0.9778376058824162 0.0
2511886.4315095823 0.015848931924611134 0.9826349331908562 0.0
2511886.4315095823 0.012589254117941675 0.9864461236095112 0.0
2511886.4315095823 0.01 0.9894737969375695 0.0
2511886.4315095823 0.00794328234724282 0.9918789749887233 0.0
2511886.4315095823 0.006309573444801936 0.993789608813861 0.0
2511886.4315095823 0.005011872336272725 0.9953073628455295 0.0
2511886.4315095823 0.003981071705534973 0.9965130103623328 0.0
2511886.4315095823 0.0031622776601683794 0.9974707233692476 0.0
2511886.4315095823 0.0025118864315095794 0.9982314827293933 0.0
2511886.4315095823 0.0019952623149688807 0.9988357885251316 0.0
2511886.4315095823 0.001584893192461114 0.9993158139735654 0.0
2511886.4315095823 0.0012589254117941675 0.9996971169685873 0.0
2511886.4315095823 0.001 1.0 0.0
3162277.6601683795 1.0 0.0 0.0
3162277.6601683795 0.7943282347242815 0.1069602901647535 0.0
3162277.6601683795 0.6309573444801932 0.28205084040600736 0.0
3162277.6601683795 0.5011872336272722 0.4266938393919385 0.0
3162277.6601683795 0.3981071705534972 0.5433250928214239 0.0
3162277.6601683795 0.31622776601683794 0.63670120499909 0.0
3162277.6601683795 0.251188643150958 0.7112271183145958 0.0
3162277.6601683795 0.19952623149688797 0.7706109520123162 0.0
3162277.6601683795 0.15848931924611137 0.8178835996199645 0.0
3162277.6601683795 0.12589254117941676 0.8554920042974664 0.0
3162277.6601683795 0.10000000000000002 0.8853995625939598 0.0
3162277.6601683795 0.07943282347242818 0.9091762967317248 0.0
3162277.6601683795 0.06309573444801933 0.9280750795369183 0.0
3162277.6601683795 0.05011872336272722 0.9430943792825687 0.0
3162277.6601683795 0.039810717055349734 0.9550292142753922 0.0
3162277.6601683795 0.03162277660168379 0.9645122195570648 0.0
3162277.6601683795 0.025118864315095808 0.9720465933042578 0.0
3162277.6601683795 0.0199526231496888 0.9780324516819442 0.0
3162277.6601683795 0.015848931924611134 0.9827878701425492 0.0
3162277.6601683795 0.012589254117941675 0.9865656601251753 0.0
3162277.6601683795 0.01 0.9895667329161171 0.0
3162277.6601683795 0.00794328234724282 0.9919507376976564 0.0
3162277.6601683795 0.006309573444801936 0.9938445255261653 0.0
3162277.6601683795 0.005011872336272725 0.995348881028832 0.0
3162277.6601683795 0.003981071705534973 0.9965438748411795 0.0
3162277.6601683795 0.0031622776601683794 0.9974931184620716 0.0
3162277.6601683795 0.0025118864315095794 0.9982471460359249 0.0
3162277.6601683795 0.0019952623149688807 0.9988461018652939 0.0
3162277.6601683795 0.001584893192461114 0.9993218759708647 0.0
3162277.6601683795 0.0012589254117941675 0.9996998009239088 0.0
3162277.6601683795 0.001 1.0 0.0
3981071.7055349695 1.0 0.0 0.0
3981071.7055349695 0.7943282347242815 0.10841802043068016 0.0
3981071.7055349695 0.6309573444801932 0.28488357573754375 0.0
3981071.7055349695 0.5011872336272722 0.4295886671993423 0.0
3981071.7055349695 0.3981071705534972 0.5459291788776098 0.0
3981071.7055349695 0.31622776601683794 0.6389279583054539 0.0
3981071.7055349695 0.251188643150958 0.7130825187377694 0.0
3981071.7055349695 0.19952623149688797 0.7721336042868059 0.0
3981071.7055349695 0.15848931924611137 0.8191210348075495 0.0
3981071.7055349695 0.12589254117941676 0.8564909227712658 0.0
3981071.7055349695 0.10000000000000002 0.8862020139424065 0.0
3981071.7055349695 0.07943282347242818 0.9098185126679756 0.0
3981071.7055349695 0.06309573444801933 0.9285874946360139 0.0
3981071.7055349695 0.05011872336272722 0.9435021526740265 0.0
3981071.7055349695 0.039810717055349734 0.9553529235164991 0.0
3981071.7055349695 0.03162277660168379 0.9647685708565886 0.0
3981071.7055349695 0.025118864315095808 0.9722490782150279 0.0
3981071.7055349695 0.0199526231496888 0.9781919235032595 0.0
3981071.7055349695 0.015848931924611134 0.9829130346301106 0.0
3981071.7055349695 0.012589254117941675 0.9866634851955379 0.0
3981071.7055349695 0.01 0.9896427862637442 0.0
3981071.7055349695 0.00794328234724282 0.9920094624668899 0.0
3981071.7055349695 0.006309573444801936 0.9938894639201801 0.0
3981071.7055349695 0.005011872336272725 0.9953828548072795 0.0
3981071.7055349695 0.003981071705534973 0.9965691304883678 0.0
3981071.7055349695 0.0031622776601683794 0.997511443618797 0.0
3981071.7055349695 0.0025118864315095794 0.9982599626861001 0.0
3981071.7055349695 0.0019952623149688807 0.9988545407966007 0.0
3981071.7055349695 0.001584893192461114 0.999326836197128 0.0
3981071.7055349695 0.0012589254117941675 0.9997019970595341 0.0
3981071.7055349695 0.001 1.0 0.0
5011872.336272725 1.0 0.0 0.0
5011872.336272725 0.7943282347242815 0.1096254678022548 0.0
5011872.336272725 0.6309573444801932 0.28722046101673393 0.0
5011872.336272725 0.5011872336272722 0.43196554832766876 0.0
5011872.336272725 0.3981071705534972 0.5480615183853644 0.0
5011872.336272725 0.31622776601683794 0.6407481823117331 0.0
5011872.336272725 0.251188643150958 0.7145974246835118 0.0
5011872.336272725 0.19952623149688797 0.7733758088506381 0.0
5011872.336272725 0.15848931924611137 0.8201299543758367 0.0
5011872.336272725 0.12589254117941676 0.8573050127593613 0.0
5011872.336272725 0.10000000000000002 0.8868557711821046 0.0
5011872.336272725 0.07943282347242818 0.9103415932100021 0.0
5011872.336272725 0.06309573444801933 0.9290047716622424 0.0
5011872.336272725 0.05011872336272722 0.9438341660665519 0.0
5011872.336272725 0.039810717055349734 0.9556164598569329 0.0
5011872.336272725 0.03162277660168379 0.9649772508387555 0.0
5011872.336272725 0.025118864315095808 0.9724138968903095 0.0
5011872.336272725 0.0199526231496888 0.9783217229703463 0.0
5011872.336272725 0.015848931924611134 0.9830149056201992 0.0
5011872.336272725 0.012589254117941675 0.9867431018875034 0.0
5011872.336272725 0.01 0.9897046819077538 0.0
5011872.336272725 0.00794328234724282 0.9920572542690369 0.0
5011872.336272725 0.006309573444801936 0.9939260353536418 0.0
5011872.336272725 0.005011872336272725 0.9954105027117993 0.0
5011872.336272725 0.003981071705534973 0.996589683338903 0.0
5011872.336272725 0.0031622776601683794 0.9975263563587733 0.0
5011872.336272725 0.0025118864315095794 0.9982703926127016 0.0
5011872.336272725 0.0019952623149688807 0.9988614081875489 0.0
5011872.336272725 0.001584893192461114 0.9993308726873167 0.0
5011872.336272725 0.0012589254117941675 0.9997037842056328 0.0
5011872.336272725 0.001 1.0 0.0
6309573.444801942 1.0 0.0 0.0
6309573.444801942 0.7943282347242815 0.11061769735473037 0.0
6309573.444801942 0.6309573444801932 0.2891345187650579 0.0
6309573.444801942 0.5011872336272722 0.43390492408104075 0.0
6309573.444801942 0.3981071705534972 0.5497975313139303 0.0
6309573.444801942 0.31622776601683794 0.6422280301782031 0.0
6309573.444801942 0.251188643150958 0.7158278937614369 0.0
6309573.444801942 0.19952623149688797 0.7743841126985429 0.0
6309573.444801942 0.15848931924611137 0.8209485071541125 0.0
6309573.444801942 0.12589254117941676 0.8579652622903127 0.0
6309573.444801942 0.10000000000000002 0.8873858442684962 0.0
6309573.444801942 0.07943282347242818 0.9107656255390352 0.0
6309573.444801942 0.06309573444801933 0.9293429816976141 0.0
6309573.444801942 0.05011872336272722 0.9441032356510428 0.0
6309573.444801942 0.039810717055349734 0.955830014102655 0.0
6309573.444801942 0.03162277660168379 0.965146340156042 0.0
6309573.444801942 0.025118864315095808 0.9725474384455796 0.0
6309573.444801942 0.0199526231496888 0.9784268859679395 0.0
6309573.444801942 0.015848931924611134 0.9830974380886089 0.0
6309573.444801942 0.012589254117941675 0.9868076028219319 0.0
6309573.444801942 0.01 0.9897548251181314 0.0
6309573.444801942 0.00794328234724282 0.9920959709107482 0.0
6309573.444801942 0.006309573444801936 0.9939556618364125 0.0
6309573.444801942 0.005011872336272725 0.9954329000006675 0.0
6309573.444801942 0.003981071705534973 0.9966063328476399 0.0
6309573.444801942 0.0031622776601683794 0.9975384368260992 0.0
6309573.444801942 0.0025118864315095794 0.9982788416087301 0.0
6309573.444801942 0.0019952623149688807 0.9988669712468878 0.0
6309573.444801942 0.001584893192461114 0.9993341425106419 0.0
6309573.444801942 0.0012589254117941675 0.9997052319078036 0.0
6309573.444801942 0.001 1.0 0.0
7943282.347242822 1.0 0.0 0.0
7943282.347242822 0.7943282347242815 0.11142775585156328 0.0
7943282.347242822 0.6309573444801932 0.29069302247345785 0.0
7943282.347242822 0.5011872336272722 0.4354791583668999 0.0
7943282.347242822 0.3981071705534972 0.551204187888378 0.0
7943282.347242822 0.31622776601683794 0.6434257788542481 0.0
7943282.347242822 0.251188643150958 0.7168230512969715 0.0
7943282.347242822 0.19952623149688797 0.7751991586077261 0.0
7943282.347242822 0.15848931924611137 0.8216099161003524 0.0
7943282.347242822 0.12589254117941676 0.8584986062712051 0.0
7943282.347242822 0.10000000000000002 0.8878139406146616 0.0
7943282.347242822 0.07943282347242818 0.9111080252497483 0.0
7943282.347242822 0.06309573444801933 0.9296160466680096 0.0
7943282.347242822 0.05011872336272722 0.9443204565187742 0.0
7943282.347242822 0.039810717055349734 0.9560024040671565 0.0
7943282.347242822 0.03162277660168379 0.9652828280056869 0.0
7943282.347242822 0.025118864315095808 0.9726552273065955 0.0
7943282.347242822 0.0199526231496888 0.9785117657747597 0.0
7943282.347242822 0.015848931924611134 0.9831640502649771 0.0
7943282.347242822 0.012589254117941675 0.9868596605027665 0.0
7943282.347242822 0.01 0.9897952941724865 0.0
7943282.347242822 0.00794328234724282 0.9921272174811175 0.0
7943282.347242822 0.006309573444801936 0.993979571850215 0.0
7943282.347242822 0.005011872336272725 0.9954509755399636 0.0
7943282.347242822 0.003981071705534973 0.9966197695942925 0.0
7943282.347242822 0.0031622776601683794 0.9975481861382444 0.0
7943282.347242822 0.0025118864315095794 0.9982856601801058 0.0
7943282.347242822 0.0019952623149688807 0.9988714607722116 0.0
7943282.347242822 0.001584893192461114 0.9993367813307754 0.0
7943282.347242822 0.0012589254117941675 0.999706400233017 0.0
7943282.347242822 0.001 1.0 0.0
10000000.0 1.0 0.0 0.0
10000000.0 0.7943282347242815 0.11208556137508352 0.0
10000000.0 0.6309573444801932 0.29195590364896606 0.0
10000000.0 0.5011872336272722 0.4367516051317133 0.0
10000000.0 0.3981071705534972 0.5523395582910928 0.0
10000000.0 0.31622776601683794 0.644391662085711 0.0
10000000.0 0.251188643150958 0.7176250765243286 0.0
10000000.0 0.19952623149688797 0.7758557473598067 0.0
10000000.0 0.15848931924611137 0.8221425727280951 0.0
10000000.0 0.12589254117941676 0.858928029185281 0.0
10000000.0 0.10000000000000002 0.888158563712419 0.0
10000000.0 0.07943282347242818 0.9113836251635796 0.0
10000000.0 0.06309573444801933 0.9298358162970504 0.0
10000000.0 0.05011872336272722 0.9444952676665336 0.0
10000000.0 0.039810717055349734 0.9561411285096456 0.0
10000000.0 0.03162277660168379 0.9653926562927295 0.0
10000000.0 0.025118864315095808 0.9727419589916151 0.0
10000000.0 0.0199526231496888 0.978580061802332 0.0
10000000.0 0.015848931924611134 0.9832176465343497 0.0
10000000.0 0.012589254117941675 0.9869015454295259 0.0
10000000.0 0.01 0.9898278545686217 0.0
10000000.0 0.00794328234724282 0.9921523574061232 0.0
10000000.0 0.006309573444801936 0.9939988088565103 0.0
10000000.0 0.005011872336272725 0.99546551826472 0.0
10000000.0 0.003981071705534973 0.9966305801037343 0.0
10000000.0 0.0031622776601683794 0.9975560298934774 0.0
10000000.0 0.0025118864315095794 0.9982911460042552 0.0
