src/nupyprop/models/ixc_muon_pn_bdhm_rock.ecsv
# %ECSV 1.0
# ---
# datatype:
# - {name: energy, datatype: float64}
# - {name: y, datatype: float64}
# - {name: cdf_pn_bdhm, datatype: float64}
# meta: !!omap
# - {Description: Muon-nucleon cross-section CDF values for PN_BDHM in rock}
# - {energy: 'Muon energy, in GeV'}
# - {y: Inelasticity; y = (E_initial-E_final)/E_initial}
# - {cdf: Cross-section CDF values for PN_BDHM in rock}
# - {Note: 'The integrated cross-section CDF values should be integrated from y = 1, 10^(-0.1),...,10^(-3). This is a convention we chose
#     to adopt'}
# schema: astropy-2.0
energy y cdf_pn_bdhm
[from data line 2116]
6309573.444801942 0.15848931924611137 0.1296197107520686
6309573.444801942 0.12589254117941676 0.15700516055401972
6309573.444801942 0.10000000000000002 0.1863826621196539
6309573.444801942 0.07943282347242818 0.21757488892325466
6309573.444801942 0.06309573444801933 0.2504143900989076
6309573.444801942 0.05011872336272722 0.28474622842553615
6309573.444801942 0.039810717055349734 0.3204288863376726
6309573.444801942 0.03162277660168379 0.3573340905813824
6309573.444801942 0.025118864315095808 0.3953461019801123
6309573.444801942 0.0199526231496888 0.43436065855536377
6309573.444801942 0.015848931924611134 0.4742838434076484
6309573.444801942 0.012589254117941675 0.5150309562824784
6309573.444801942 0.01 0.5565254570521471
6309573.444801942 0.00794328234724282 0.5986980119228877
6309573.444801942 0.006309573444801936 0.6414856563197615
6309573.444801942 0.005011872336272725 0.6848311394269143
6309573.444801942 0.003981071705534973 0.7286822288175664
6309573.444801942 0.0031622776601683794 0.7729911632395886
6309573.444801942 0.0025118864315095794 0.81771428501012
6309573.444801942 0.0019952623149688807 0.8628116845988159
6309573.444801942 0.001584893192461114 0.9082467154340109
6309573.444801942 0.0012589254117941675 0.9539863209678412
6309573.444801942 0.001 1.0
7943282.347242822 1.0 0.0
7943282.347242822 0.7943282347242815 0.006201224306928926
7943282.347242822 0.6309573444801932 0.016039611704968718
7943282.347242822 0.5011872336272722 0.02846636934113639
7943282.347242822 0.3981071705534972 0.04353148666131028
7943282.347242822 0.31622776601683794 0.061270092048206985
7943282.347242822 0.251188643150958 0.08163284079740282
7943282.347242822 0.19952623149688797 0.10450318406777728
7943282.347242822 0.15848931924611137 0.12972367968430148
7943282.347242822 0.12589254117941676 0.15711733468164615
7943282.347242822 0.10000000000000002 0.18650238287902113
7943282.347242822 0.07943282347242818 0.21770160743869926
7943282.347242822 0.06309573444801933 0.25054764174227495
7943282.347242822 0.05011872336272722 0.2848855983031894
7943282.347242822 0.039810717055349734 0.32057396097711993
7943282.347242822 0.03162277660168379 0.3574844284264062
7943282.347242822 0.025118864315095808 0.39550116850679
7943282.347242822 0.0199526231496888 0.4345197826616797
7943282.347242822 0.015848931924611134 0.4744461678110289
7943282.347242822 0.012589254117941675 0.5151953878403501
7943282.347242822 0.01 0.5566906172021056
7943282.347242822 0.00794328234724282 0.5988621873558728
7943282.347242822 0.006309573444801936 0.6416467676113875
7943282.347242822 0.005011872336272725 0.6849867138433866
7943282.347242822 0.003981071705534973 0.7288292532532091
7943282.347242822 0.0031622776601683794 0.7731261094327685
7943282.347242822 0.0025118864315095794 0.8178330757735378
7943282.347242822 0.0019952623149688807 0.8629095782370418
7943282.347242822 0.001584893192461114 0.9083184310597363
7943282.347242822 0.0012589254117941675 0.9540256189947642
7943282.347242822 0.001 1.0
10000000.0 1.0 0.0
10000000.0 0.7943282347242815 0.006219214145280318
10000000.0 0.6309573444801932 0.016071746496206255
10000000.0 0.5011872336272722 0.02851090795387183
10000000.0 0.3981071705534972 0.04358714495647563
10000000.0 0.31622776601683794 0.06133562811972874
10000000.0 0.251188643150958 0.08170704321462736
10000000.0 0.19952623149688797 0.10458493080343366
10000000.0 0.15848931924611137 0.1298119910338222
10000000.0 0.12589254117941676 0.15721140160215977
10000000.0 0.10000000000000002 0.18660158212459874
10000000.0 0.07943282347242818 0.21780545937222226
10000000.0 0.06309573444801933 0.2506557994697773
10000000.0 0.05011872336272722 0.2849978054188026
10000000.0 0.039810717055349734 0.3206900078006886
10000000.0 0.03162277660168379 0.35760410505618506
10000000.0 0.025118864315095808 0.3956242162081153
10000000.0 0.0199526231496888 0.4346458445302751
10000000.0 0.015848931924611134 0.4745747392666342
10000000.0 0.012589254117941675 0.5153257672647436
10000000.0 0.01 0.5568218671956927
10000000.0 0.00794328234724282 0.5989930551432847
10000000.0 0.006309573444801936 0.6417757237896035
10000000.0 0.005011872336272725 0.6851117773073262
10000000.0 0.003981071705534973 0.7289480148609233
10000000.0 0.0031622776601683794 0.7732356916209573
10000000.0 0.0025118864315095794 0.8179300387549945
10000000.0 0.0019952623149688807 0.8629899260138103
10000000.0 0.001584893192461114 0.9083775487711013
10000000.0 0.0012589254117941675 0.9540581808849743
10000000.0 0.001 1.0
12589254.117941687 1.0 0.0
12589254.117941687 0.7943282347242815 0.006236067266274791
12589254.117941687 0.6309573444801932 0.016101296219300912
12589254.117941687 0.5011872336272722 0.028551212474526168
12589254.117941687 0.3981071705534972 0.04363672887291422
12589254.117941687 0.31622776601683794 0.06139308300893221
12589254.117941687 0.251188643150958 0.08177102491778285
12589254.117941687 0.19952623149688797 0.10465422119740679
12589254.117941687 0.15848931924611137 0.12988556006471963
12589254.117941687 0.12589254117941676 0.1572884329513925
12589254.117941687 0.10000000000000002 0.1866814689147176
12589254.117941687 0.07943282347242818 0.2178878011356443
12589254.117941687 0.06309573444801933 0.2507403595831025
12589254.117941687 0.05011872336272722 0.28508447567128
12589254.117941687 0.039810717055349734 0.3207787637392045
12589254.117941687 0.03162277660168379 0.35769495841873655
12589254.117941687 0.025118864315095808 0.39571716596818757
12589254.117941687 0.0199526231496888 0.4347408274792727
12589254.117941687 0.015848931924611134 0.4746715806615891
12589254.117941687 0.012589254117941675 0.515424131826126
12589254.117941687 0.01 0.5569212002789335
12589254.117941687 0.00794328234724282 0.5990926112883374
12589254.117941687 0.006309573444801936 0.6418744130641423
12589254.117941687 0.005011872336272725 0.6852081188674715
12589254.117941687 0.003981071705534973 0.72904016255818
12589254.117941687 0.0031622776601683794 0.7733213454211655
12589254.117941687 0.0025118864315095794 0.8180064167692483
12589254.117941687 0.0019952623149688807 0.8630537108416528
12589254.117941687 0.001584893192461114 0.9084248325407509
12589254.117941687 0.0012589254117941675 0.9540844325280944
12589254.117941687 0.001 1.0
15848931.924611142 1.0 0.0
15848931.924611142 0.7943282347242815 0.006251836674016794
15848931.924611142 0.6309573444801932 0.01612839364783666
15848931.924611142 0.5011872336272722 0.028587511640866526
15848931.924611142 0.3981071705534972 0.04368057856638249
15848931.924611142 0.31622776601683794 0.061442920845831875
15848931.924611142 0.251188643150958 0.08182538427013501
15848931.924611142 0.19952623149688797 0.10471179848658937
15848931.924611142 0.15848931924611137 0.1299452782373722
15848931.924611142 0.12589254117941676 0.1573494651448921
15848931.924611142 0.10000000000000002 0.18674324675161535
15848931.924611142 0.07943282347242818 0.21794998284605926
15848931.924611142 0.06309573444801933 0.250802812006302
15848931.924611142 0.05011872336272722 0.285147229265577
15848931.924611142 0.039810717055349734 0.3208419671536668
15848931.924611142 0.03162277660168379 0.3577588304154847
15848931.924611142 0.025118864315095808 0.39578194621093293
15848931.924611142 0.0199526231496888 0.43480672710590546
15848931.924611142 0.015848931924611134 0.47473873314043347
15848931.924611142 0.012589254117941675 0.5154925443525119
15848931.924611142 0.01 0.5569907118075849
15848931.924611142 0.00794328234724282 0.5991628723306571
15848931.924611142 0.006309573444801936 0.6419447312826978
15848931.924611142 0.005011872336272725 0.6852774908721245
15848931.924611142 0.003981071705534973 0.7291073070316931
15848931.924611142 0.0031622776601683794 0.7733845339976243
15848931.924611142 0.0025118864315095794 0.818063470093798
15848931.924611142 0.0019952623149688807 0.8631019299144272
15848931.924611142 0.001584893192461114 0.9084610070262544
15848931.924611142 0.0012589254117941675 0.9541047414368277
15848931.924611142 0.001 1.0
19952623.14968883 1.0 0.0
19952623.14968883 0.7943282347242815 0.006266572155904707
19952623.14968883 0.6309573444801932 0.01615316274889723
19952623.14968883 0.5011872336272722 0.028620018134039922
19952623.14968883 0.3981071705534972 0.04371900936326111
19952623.14968883 0.31622776601683794 0.061485571581910224
19952623.14968883 0.251188643150958 0.0818706700857297
19952623.14968883 0.19952623149688797 0.10475834324812758
19952623.14968883 0.15848931924611137 0.129991960026347
19952623.14968883 0.12589254117941676 0.15739545002443073
19952623.14968883 0.10000000000000002 0.18678798563445853
19952623.14968883 0.07943282347242818 0.21799320614534015
19952623.14968883 0.06309573444801933 0.25084448311414015
19952623.14968883 0.05011872336272722 0.2851875078608013
19952623.14968883 0.039810717055349734 0.3208811631071956
19952623.14968883 0.03162277660168379 0.35779735529835316
19952623.14968883 0.025118864315095808 0.39582026390595454
19952623.14968883 0.0199526231496888 0.4348453044322304
19952623.14968883 0.015848931924611134 0.4747779909652244
19952623.14968883 0.012589254117941675 0.5155328093712322
19952623.14968883 0.01 0.5570321811097537
19952623.14968883 0.00794328234724282 0.5992055362578163
19952623.14968883 0.006309573444801936 0.6419883677526586
19952623.14968883 0.005011872336272725 0.6853216114609408
19952623.14968883 0.003981071705534973 0.729151036359599
19952623.14968883 0.0031622776601683794 0.7734266777475614
19952623.14968883 0.0025118864315095794 0.8181023926408124
19952623.14968883 0.0019952623149688807 0.8631355582594883
19952623.14968883 0.001584893192461114 0.9084867442496486
19952623.14968883 0.0012589254117941675 0.9541194727871741
19952623.14968883 0.001 1.0
25118864.315095823 1.0 0.0
25118864.315095823 0.7943282347242815 0.00628032236885444
25118864.315095823 0.6309573444801932 0.01617572430250388
25118864.315095823 0.5011872336272722 0.028648938836913874
25118864.315095823 0.3981071705534972 0.04375232731085235
25118864.315095823 0.31622776601683794 0.06152145196036588
25118864.315095823 0.251188643150958 0.08190743261938395
25118864.315095823 0.19952623149688797 0.10479453131500162
25118864.315095823 0.15848931924611137 0.1300264126064568
25118864.315095823 0.12589254117941676 0.15742732757442549
25118864.315095823 0.10000000000000002 0.18681677461332527
25118864.315095823 0.07943282347242818 0.2180186877056409
25118864.315095823 0.06309573444801933 0.2508667107560578
25118864.315095823 0.05011872336272722 0.28520676162241215
25118864.315095823 0.039810717055349734 0.32089790290387155
25118864.315095823 0.03162277660168379 0.3578121721065622
25118864.315095823 0.025118864315095808 0.3958338302726478
25118864.315095823 0.0199526231496888 0.4348583252082741
25118864.315095823 0.015848931924611134 0.4747911547023441
25118864.315095823 0.012589254117941675 0.5155467520647389
25118864.315095823 0.01 0.5570474319793933
25118864.315095823 0.00794328234724282 0.5992224321971468
25118864.315095823 0.006309573444801936 0.6420070797345008
25118864.315095823 0.005011872336272725 0.6853420576364357
25118864.315095823 0.003981071705534973 0.7291728327707692
25118864.315095823 0.0031622776601683794 0.7734490941679023
25118864.315095823 0.0025118864315095794 0.8181243303667094
25118864.315095823 0.0019952623149688807 0.8631554992815694
25118864.315095823 0.001584893192461114 0.9085027083079084
25118864.315095823 0.0012589254117941675 0.9541289804932188
25118864.315095823 0.001 1.0
31622776.60168379 1.0 0.0
31622776.60168379 0.7943282347242815 0.00629313542625473
31622776.60168379 0.6309573444801932 0.016196196878455495
31622776.60168379 0.5011872336272722 0.028674476701564422
31622776.60168379 0.3981071705534972 0.04378083256273608
31622776.60168379 0.31622776601683794 0.06155097099428145
31622776.60168379 0.251188643150958 0.08193618692561952
31622776.60168379 0.19952623149688797 0.10482100253253802
31622776.60168379 0.15848931924611137 0.13004940511350965
31622776.60168379 0.12589254117941676 0.15744599794970196
31622776.60168379 0.10000000000000002 0.1868306295270177
31622776.60168379 0.07943282347242818 0.21802757009637608
31622776.60168379 0.06309573444801933 0.2508707584033795
31622776.60168379 0.05011872336272722 0.2852063667818315
31622776.60168379 0.039810717055349734 0.32089366517676654
31622776.60168379 0.03162277660168379 0.3578048489107947
31622776.60168379 0.025118864315095808 0.3958242887407112
31622776.60168379 0.0199526231496888 0.4348474916610439
31622776.60168379 0.015848931924611134 0.4747799740649792
31622776.60168379 0.012589254117941675 0.5155361366473518
31622776.60168379 0.01 0.5570382034489414
31622776.60168379 0.00794328234724282 0.5992152798842229
31622776.60168379 0.006309573444801936 0.6420025194027155
31622776.60168379 0.005011872336272725 0.6853404037116153
31622776.60168379 0.003981071705534973 0.7291741294165917
31622776.60168379 0.0031622776601683794 0.7734530907408783
31622776.60168379 0.0025118864315095794 0.818130414987466
31622776.60168379 0.0019952623149688807 0.8631626801848151
31622776.60168379 0.001584893192461114 0.9085095639476147
31622776.60168379 0.0012589254117941675 0.9541336068738339
31622776.60168379 0.001 1.0
39810717.055349775 1.0 0.0
39810717.055349775 0.7943282347242815 0.006305056896905782
39810717.055349775 0.6309573444801932 0.016214692628432763
39810717.055349775 0.5011872336272722 0.02869682269684033
39810717.055349775 0.3981071705534972 0.04380480670550358
39810717.055349775 0.31622776601683794 0.06157451101041346
39810717.055349775 0.251188643150958 0.08195742633388312
39810717.055349775 0.19952623149688797 0.10483836585814901
39810717.055349775 0.15848931924611137 0.13006166592863871
39810717.055349775 0.12589254117941676 0.1574523102785381
39810717.055349775 0.10000000000000002 0.18683052609754502
39810717.055349775 0.07943282347242818 0.2180209458871368
39810717.055349775 0.06309573444801933 0.25085782904084486
39810717.055349775 0.05011872336272722 0.2851876288331751
39810717.055349775 0.039810717055349734 0.32086984794772183
39810717.055349775 0.03162277660168379 0.357776865696
39810717.055349775 0.025118864315095808 0.3957931859192315
39810717.055349775 0.0199526231496888 0.43481440568116814
39810717.055349775 0.015848931924611134 0.47474608115667866
39810717.055349775 0.012589254117941675 0.515502597749307
39810717.055349775 0.01 0.5570061240192764
39810717.055349775 0.00794328234724282 0.5991856650861923
39810717.055349775 0.006309573444801936 0.6419762301431567
39810717.055349775 0.005011872336272725 0.6853181133910303
39810717.055349775 0.003981071705534973 0.7291562812587838
39810717.055349775 0.0031622776601683794 0.773439832367584
39810717.055349775 0.0025118864315095794 0.8181216456833487
39810717.055349775 0.0019952623149688807 0.8631578900202357
39810717.055349775 0.001584893192461114 0.9085078605004071
39810717.055349775 0.0012589254117941675 0.9541336530974616
39810717.055349775 0.001 1.0
50118723.36272725 1.0 0.0
50118723.36272725 0.7943282347242815 0.006316130619105228
50118723.36272725 0.6309573444801932 0.016231318173134706
50118723.36272725 0.5011872336272722 0.028716159483675216
50118723.36272725 0.3981071705534972 0.04382451848335793
50118723.36272725 0.31622776601683794 0.06159243609438995
50118723.36272725 0.251188643150958 0.08197161850072407
50118723.36272725 0.19952623149688797 0.1048472032713217
50118723.36272725 0.15848931924611137 0.1300638900090313
50118723.36272725 0.12589254117941676 0.15744707369850644
50118723.36272725 0.10000000000000002 0.18681738712583643
50118723.36272725 0.07943282347242818 0.217999845569987
50118723.36272725 0.06309573444801933 0.25082905748013307
50118723.36272725 0.05011872336272722 0.28515177941542846
50118723.36272725 0.039810717055349734 0.32082777023357234
50118723.36272725 0.03162277660168379 0.3577296160970565
50118723.36272725 0.025118864315095808 0.3957419810398266
50118723.36272725 0.0199526231496888 0.43476057290203796
50118723.36272725 0.015848931924611134 0.47469100528589714
