src/nupyprop/models/ixc_tau_pn_ckmt_water.ecsv
# %ECSV 1.0
# ---
# datatype:
# - {name: energy, datatype: float64}
# - {name: y, datatype: float64}
# - {name: cdf_pn_ckmt, datatype: float64}
# meta: !!omap
# - {Description: Tau-nucleon cross-section CDF values for PN_CKMT in water}
# - {energy: 'Tau energy, in GeV'}
# - {y: Inelasticity; y = (E_initial-E_final)/E_initial}
# - {cdf: Cross-section CDF values for PN_CKMT in water}
# - {Note: 'The integrated cross-section CDF values should be integrated from y = 1, 10^(-0.1),...,10^(-3). This is a convention we chose
#     to adopt'}
# schema: astropy-2.0
energy y cdf_pn_ckmt
[from data line 976]
1258.9254117941675 0.03162277660168379 0.12180949091423893
1258.9254117941675 0.025118864315095808 0.14858662604431153
1258.9254117941675 0.0199526231496888 0.17865763068809168
1258.9254117941675 0.015848931924611134 0.21216415975269418
1258.9254117941675 0.012589254117941675 0.24927590229615562
1258.9254117941675 0.01 0.29019725699341387
1258.9254117941675 0.00794328234724282 0.33517895217040083
1258.9254117941675 0.006309573444801936 0.3845256822522709
1258.9254117941675 0.005011872336272725 0.4386062592621394
1258.9254117941675 0.003981071705534973 0.49786501399733424
1258.9254117941675 0.0031622776601683794 0.5628324780728933
1258.9254117941675 0.0025118864315095794 0.6341421744462296
1258.9254117941675 0.0019952623149688807 0.7125447592319687
1258.9254117941675 0.001584893192461114 0.7989276047142274
1258.9254117941675 0.0012589254117941675 0.894336436106451
1258.9254117941675 0.001 1.0
1584.893192461114 1.0 0.0
1584.893192461114 0.7943282347242815 6.913250009102769e-05
1584.893192461114 0.6309573444801932 0.00033600606438751823
1584.893192461114 0.5011872336272722 0.0009144364412935897
1584.893192461114 0.3981071705534972 0.001979992571305898
1584.893192461114 0.31622776601683794 0.0037724739344911066
1584.893192461114 0.251188643150958 0.006583464593925069
1584.893192461114 0.19952623149688797 0.010737810294829727
1584.893192461114 0.15848931924611137 0.01656841340902485
1584.893192461114 0.12589254117941676 0.02439566937603464
1584.893192461114 0.10000000000000002 0.034503320108965604
1584.893192461114 0.07943282347242818 0.0471298172475986
1584.893192461114 0.06309573444801933 0.06246893289157406
1584.893192461114 0.05011872336272722 0.0806738539138824
1584.893192461114 0.039810717055349734 0.10186609195987667
1584.893192461114 0.03162277660168379 0.12615213401990474
1584.893192461114 0.025118864315095808 0.15363230927807592
1584.893192461114 0.0199526231496888 0.1844121130980704
1584.893192461114 0.015848931924611134 0.21861334270500438
1584.893192461114 0.012589254117941675 0.2563802425853672
1584.893192461114 0.01 0.2978908642418857
1584.893192461114 0.00794328234724282 0.3433644358302838
1584.893192461114 0.006309573444801936 0.3930693676728734
1584.893192461114 0.005011872336272725 0.4473329564116032
1584.893192461114 0.003981071705534973 0.5065516318502713
1584.893192461114 0.0031622776601683794 0.5712017512377934
1584.893192461114 0.0025118864315095794 0.6418524731779963
1584.893192461114 0.0019952623149688807 0.7191809461245822
1584.893192461114 0.001584893192461114 0.8039893143699767
1584.893192461114 0.0012589254117941675 0.897224244511442
1584.893192461114 0.001 1.0
1995.262314968881 1.0 0.0
1995.262314968881 0.7943282347242815 7.281675002084777e-05
1995.262314968881 0.6309573444801932 0.000352943469053645
1995.262314968881 0.5011872336272722 0.0009596627318158651
1995.262314968881 0.3981071705534972 0.0020776623030512972
1995.262314968881 0.31622776601683794 0.003956845965938268
1995.262314968881 0.251188643150958 0.006899079631635439
1995.262314968881 0.19952623149688797 0.011237788048554855
1995.262314968881 0.15848931924611137 0.017315316360014408
1995.262314968881 0.12589254117941676 0.02545611648229324
1995.262314968881 0.10000000000000002 0.03594588367749614
1995.262314968881 0.07943282347242818 0.04902403911650241
1995.262314968881 0.06309573444801933 0.06488003294090955
1995.262314968881 0.05011872336272722 0.083658384753498
1995.262314968881 0.039810717055349734 0.10547316817072382
1995.262314968881 0.03162277660168379 0.13041789743944804
1995.262314968881 0.025118864315095808 0.15857816091897228
1995.262314968881 0.0199526231496888 0.19004288063050961
1995.262314968881 0.015848931924611134 0.22491220351914185
1995.262314968881 0.012589254117941675 0.26330821537958904
1995.262314968881 0.01 0.30538290448247474
1995.262314968881 0.00794328234724282 0.3513248025051193
1995.262314968881 0.006309573444801936 0.40136904066011464
1995.262314968881 0.005011872336272725 0.45580109767075827
1995.262314968881 0.003981071705534973 0.5149728041521214
1995.262314968881 0.0031622776601683794 0.5793074309150218
1995.262314968881 0.0025118864315095794 0.6493133707561116
1995.262314968881 0.0019952623149688807 0.7255971952980238
1995.262314968881 0.001584893192461114 0.8088794661345448
1995.262314968881 0.0012589254117941675 0.9000122621744173
1995.262314968881 0.001 1.0
2511.886431509582 1.0 0.0
2511.886431509582 0.7943282347242815 7.633288444364713e-05
2511.886431509582 0.6309573444801932 0.00036936194325709094
2511.886431509582 0.5011872336272722 0.0010048401131877418
2511.886431509582 0.3981071705534972 0.0021764099465255067
2511.886431509582 0.31622776601683794 0.004143195774295066
2511.886431509582 0.251188643150958 0.007217134639389271
2511.886431509582 0.19952623149688797 0.011740826486505745
2511.886431509582 0.15848931924611137 0.01806361612589441
2511.886431509582 0.12589254117941676 0.026512805381146046
2511.886431509582 0.10000000000000002 0.03737801562231384
2511.886431509582 0.07943282347242818 0.050897605291681074
2511.886431509582 0.06309573444801933 0.06725452416447256
2511.886431509582 0.05011872336272722 0.08658884247071777
2511.886431509582 0.039810717055349734 0.10900432496747989
2511.886431509582 0.03162277660168379 0.1345832883982548
2511.886431509582 0.025118864315095808 0.16339691210038484
2511.886431509582 0.0199526231496888 0.1955164487445349
2511.886431509582 0.015848931924611134 0.231023598960387
2511.886431509582 0.012589254117941675 0.2700187158073937
2511.886431509582 0.01 0.3126281880317077
2511.886431509582 0.00794328234724282 0.3590128419577433
2511.886431509582 0.006309573444801936 0.40937205575628205
2511.886431509582 0.005011872336272725 0.4639572497171524
2511.886431509582 0.003981071705534973 0.5230746897778121
2511.886431509582 0.0031622776601683794 0.58709794057796
2511.886431509582 0.0025118864315095794 0.6564774017292285
2511.886431509582 0.0019952623149688807 0.7317527804673358
2511.886431509582 0.001584893192461114 0.8135671750917343
2511.886431509582 0.0012589254117941675 0.9026827834882961
2511.886431509582 0.001 1.0
3162.2776601683795 1.0 0.0
3162.2776601683795 0.7943282347242815 7.968479552636713e-05
3162.2776601683795 0.6309573444801932 0.00038546651269637895
3162.2776601683795 0.5011872336272722 0.0010502698677875694
3162.2776601683795 0.3981071705534972 0.002276030425629701
3162.2776601683795 0.31622776601683794 0.004331809337304698
3162.2776601683795 0.251188643150958 0.007537839764976661
3162.2776601683795 0.19952623149688797 0.01224603157385898
3162.2776601683795 0.15848931924611137 0.01880944802725837
3162.2776601683795 0.12589254117941676 0.027561525006324875
3162.2776601683795 0.10000000000000002 0.03879324616382259
3162.2776601683795 0.07943282347242818 0.05273923847489176
3162.2776601683795 0.06309573444801933 0.06958029815017067
3162.2776601683795 0.05011872336272722 0.08944868293941059
3162.2776601683795 0.039810717055349734 0.1124400502434676
3162.2776601683795 0.03162277660168379 0.13862512289337572
3162.2776601683795 0.025118864315095808 0.1680602411315583
3162.2776601683795 0.0199526231496888 0.20080162432580795
3162.2776601683795 0.015848931924611134 0.23691295497849554
3162.2776601683795 0.012589254117941675 0.27647347404302575
3162.2776601683795 0.01 0.31958599022468226
3162.2776601683795 0.00794328234724282 0.36638393399765246
3162.2776601683795 0.006309573444801936 0.41703629014372207
3162.2776601683795 0.005011872336272725 0.47175770559738106
3162.2776601683795 0.003981071705534973 0.5308141779983553
3162.2776601683795 0.0031622776601683794 0.5945317369405235
3162.2776601683795 0.0025118864315095794 0.6633064624442419
3162.2776601683795 0.0019952623149688807 0.7376150463398735
3162.2776601683795 0.001584893192461114 0.8180281177033125
3162.2776601683795 0.0012589254117941675 0.9052220036327593
3162.2776601683795 0.001 1.0
3981.0717055349733 1.0 0.0
3981.0717055349733 0.7943282347242815 8.287875472633743e-05
3981.0717055349733 0.6309573444801932 0.00040152668319037057
3981.0717055349733 0.5011872336272722 0.0010963841393354524
3981.0717055349733 0.3981071705534972 0.0023773816986615995
3981.0717055349733 0.31622776601683794 0.004521927866957372
3981.0717055349733 0.251188643150958 0.007860363536642472
3981.0717055349733 0.19952623149688797 0.01274976517206648
3981.0717055349733 0.15848931924611137 0.01954999530638061
3981.0717055349733 0.12589254117941676 0.028598008471359054
3981.0717055349733 0.10000000000000002 0.04018395694604977
3981.0717055349733 0.07943282347242818 0.05454099979613073
3981.0717055349733 0.06309573444801933 0.07184580280604225
3981.0717055349733 0.05011872336272722 0.09222475232538006
3981.0717055349733 0.039810717055349734 0.11576464179626453
3981.0717055349733 0.03162277660168379 0.14252313164905048
3981.0717055349733 0.025118864315095808 0.17254563877493878
3981.0717055349733 0.0199526231496888 0.2058733397616683
3981.0717055349733 0.015848931924611134 0.24255229140091253
3981.0717055349733 0.012589254117941675 0.28264237958142857
3981.0717055349733 0.01 0.32622479912439234
3981.0717055349733 0.00794328234724282 0.37340555399731584
3981.0717055349733 0.006309573444801936 0.4243261141049038
3981.0717055349733 0.005011872336272725 0.47916740427576554
3981.0717055349733 0.003981071705534973 0.5381568844451017
3981.0717055349733 0.0031622776601683794 0.6015766301195516
3981.0717055349733 0.0025118864315095794 0.6697716444774153
3981.0717055349733 0.0019952623149688807 0.7431596714974298
3981.0717055349733 0.001584893192461114 0.8222424632236669
3981.0717055349733 0.0012589254117941675 0.9076188518261908
3981.0717055349733 0.001 1.0
5011.872336272725 1.0 0.0
5011.872336272725 0.7943282347242815 8.592161196041444e-05
5011.872336272725 0.6309573444801932 0.00041773688779587326
5011.872336272725 0.5011872336272722 0.0011431467927991087
5011.872336272725 0.3981071705534972 0.0024798105111442943
5011.872336272725 0.31622776601683794 0.004713896456572964
5011.872336272725 0.251188643150958 0.008183182028746254
5011.872336272725 0.19952623149688797 0.013251100501547052
5011.872336272725 0.15848931924611137 0.020283537724643152
5011.872336272725 0.12589254117941676 0.029618482483366765
5011.872336272725 0.10000000000000002 0.04154509875770649
5011.872336272725 0.07943282347242818 0.056295674957932904
5011.872336272725 0.06309573444801933 0.07404297533145889
5011.872336272725 0.05011872336272722 0.0949065781278176
5011.872336272725 0.039810717055349734 0.11896286385232571
5011.872336272725 0.03162277660168379 0.14626147439622583
5011.872336272725 0.025118864315095808 0.1768354068048393
5011.872336272725 0.0199526231496888 0.2107113888991407
5011.872336272725 0.015848931924611134 0.2479195134724795
5011.872336272725 0.012589254117941675 0.28850237188092603
5011.872336272725 0.01 0.3325180482497225
5011.872336272725 0.00794328234724282 0.3800508290854097
5011.872336272725 0.006309573444801936 0.43121465201976616
5011.872336272725 0.005011872336272725 0.4861591520513298
5011.872336272725 0.003981071705534973 0.5450763818135778
5011.872336272725 0.0031622776601683794 0.6082073403831499
5011.872336272725 0.0025118864315095794 0.6758496588137871
5011.872336272725 0.0019952623149688807 0.7483681738818961
5011.872336272725 0.001584893192461114 0.8261979227122794
5011.872336272725 0.0012589254117941675 0.9098665297616348
5011.872336272725 0.001 1.0
6309.573444801937 1.0 0.0
6309.573444801937 0.7943282347242815 8.88593671469956e-05
6309.573444801937 0.6309573444801932 0.0004343034867365594
6309.573444801937 0.5011872336272722 0.001190906670666718
6309.573444801937 0.3981071705534972 0.002583540060445446
6309.573444801937 0.31622776601683794 0.004907172792860896
6309.573444801937 0.251188643150958 0.008505481685418544
6309.573444801937 0.19952623149688797 0.013749723851541381
6309.573444801937 0.15848931924611137 0.021008114843555442
6309.573444801937 0.12589254117941676 0.030618769037391934
6309.573444801937 0.10000000000000002 0.042872292225356004
6309.573444801937 0.07943282347242818 0.05799864823840404
6309.573444801937 0.06309573444801933 0.07616531533267988
6309.573444801937 0.05011872336272722 0.09748519196356764
6309.573444801937 0.039810717055349734 0.12202701413462808
6309.573444801937 0.03162277660168379 0.14983120283476645
6309.573444801937 0.025118864315095808 0.180919056932182
6309.573444801937 0.0199526231496888 0.2153043200246394
6309.573444801937 0.015848931924611134 0.2530033690268325
6309.573444801937 0.012589254117941675 0.2940394354131668
6309.573444801937 0.01 0.3384534054002994
6309.573444801937 0.00794328234724282 0.3863071586697726
6309.573444801937 0.006309573444801936 0.43768936505815903
6309.573444801937 0.005011872336272725 0.4927212827187791
6309.573444801937 0.003981071705534973 0.5515615996701545
6309.573444801937 0.0031622776601683794 0.6144141802901134
6309.573444801937 0.0025118864315095794 0.6815327600400302
6309.573444801937 0.0019952623149688807 0.7532300552527882
6309.573444801937 0.001584893192461114 0.8298866052880254
6309.573444801937 0.0012589254117941675 0.9119604643509008
6309.573444801937 0.001 1.0
7943.282347242822 1.0 0.0
7943.282347242822 0.7943282347242815 9.178771038306895e-05
7943.282347242822 0.6309573444801932 0.00045119766727252605
7943.282347242822 0.5011872336272722 0.0012393211578716225
7943.282347242822 0.3981071705534972 0.002688613154472243
7943.282347242822 0.31622776601683794 0.005100399397070642
7943.282347242822 0.251188643150958 0.008826802054418555
7943.282347242822 0.19952623149688797 0.014243273701374444
7943.282347242822 0.15848931924611137 0.021719360261028595
7943.282347242822 0.12589254117941676 0.031595500514752156
7943.282347242822 0.10000000000000002 0.04416184111257808
7943.282347242822 0.07943282347242818 0.05964460206641043
7943.282347242822 0.06309573444801933 0.07820679521843153
7943.282347242822 0.05011872336272722 0.09995390481503416
7943.282347242822 0.039810717055349734 0.12494920400807304
7943.282347242822 0.03162277660168379 0.15322335323334813
7943.282347242822 0.025118864315095808 0.18478720490940173
7943.282347242822 0.0199526231496888 0.21964274523279328
7943.282347242822 0.015848931924611134 0.2577926689548426
7943.282347242822 0.012589254117941675 0.29924417333507813
7943.282347242822 0.01 0.34402083428947083
7943.282347242822 0.00794328234724282 0.3921642510242102
7943.282347242822 0.006309573444801936 0.4437404065710621
7943.282347242822 0.005011872336272725 0.49884377883624365
7943.282347242822 0.003981071705534973 0.5576038989510658
7943.282347242822 0.0031622776601683794 0.6201890868625888
7943.282347242822 0.0025118864315095794 0.6868144359749878
7943.282347242822 0.0019952623149688807 0.7577447202802181
7943.282347242822 0.001584893192461114 0.833307858098881
7943.282347242822 0.0012589254117941675 0.9139007656689413
7943.282347242822 0.001 1.0
10000.0 1.0 0.0
10000.0 0.7943282347242815 9.478034430232248e-05
10000.0 0.6309573444801932 0.0004685708127467805
10000.0 0.5011872336272722 0.001288617467218249
10000.0 0.3981071705534972 0.0027943355541610224
10000.0 0.31622776601683794 0.005294241393833229
10000.0 0.251188643150958 0.009146941570278325
10000.0 0.19952623149688797 0.014730302500404583
10000.0 0.15848931924611137 0.02241718849622917
10000.0 0.12589254117941676 0.03254896491553609
10000.0 0.10000000000000002 0.04541275117733764
10000.0 0.07943282347242818 0.061232596225135355
10000.0 0.06309573444801933 0.08016486281676982
10000.0 0.05011872336272722 0.10231173867423261
10000.0 0.039810717055349734 0.1277285091035689
10000.0 0.03162277660168379 0.15643743229407897
10000.0 0.025118864315095808 0.18843995315571996
10000.0 0.0199526231496888 0.22372742560844833
10000.0 0.015848931924611134 0.26228814368830644
10000.0 0.012589254117941675 0.30411752139327936
10000.0 0.01 0.34922199719232316
10000.0 0.00794328234724282 0.39762509682535163
10000.0 0.006309573444801936 0.4493715059244937
10000.0 0.005011872336272725 0.504532342976246
