src/nupyprop/models/ixc_muon_pn_ckmt_rock.ecsv
# %ECSV 1.0
# ---
# datatype:
# - {name: energy, datatype: float64}
# - {name: y, datatype: float64}
# - {name: cdf_pn_ckmt, datatype: float64}
# meta: !!omap
# - {Description: Muon-nucleon cross-section CDF values for PN_CKMT in rock}
# - {energy: 'Muon energy, in GeV'}
# - {y: Inelasticity; y = (E_initial-E_final)/E_initial}
# - {cdf: Cross-section CDF values for PN_CKMT in rock}
# - {Note: 'The integrated cross-section CDF values should be integrated from y = 1, 10^(-0.1),...,10^(-3). This is a convention we chose
#     to adopt'}
# schema: astropy-2.0
energy y cdf_pn_ckmt
[from data line 2985]
3981071705.5349855 0.12589254117941676 0.17039099653209144
3981071705.5349855 0.10000000000000002 0.2001392286385405
3981071705.5349855 0.07943282347242818 0.23148051051283572
3981071705.5349855 0.06309573444801933 0.2642655634372491
3981071705.5349855 0.05011872336272722 0.2983598659248405
3981071705.5349855 0.039810717055349734 0.3336434478805969
3981071705.5349855 0.03162277660168379 0.3700099354192072
3981071705.5349855 0.025118864315095808 0.40736522756600374
3981071705.5349855 0.0199526231496888 0.4456260549062827
3981071705.5349855 0.015848931924611134 0.4847185611533856
3981071705.5349855 0.012589254117941675 0.5245769852417307
3981071705.5349855 0.01 0.5651424781767065
3981071705.5349855 0.00794328234724282 0.6063620683377526
3981071705.5349855 0.006309573444801936 0.6481877705754928
3981071705.5349855 0.005011872336272725 0.690575828996072
3981071705.5349855 0.003981071705534973 0.733486079588536
3981071705.5349855 0.0031622776601683794 0.7768814172649521
3981071705.5349855 0.0025118864315095794 0.8207273527767784
3981071705.5349855 0.0019952623149688807 0.864991645748155
3981071705.5349855 0.001584893192461114 0.9096440015998898
3981071705.5349855 0.0012589254117941675 0.9546558221277307
3981071705.5349855 0.001 1.0
5011872336.272736 1.0 0.0
5011872336.272736 0.7943282347242815 0.008531873903004155
5011872336.272736 0.6309573444801932 0.02050675949194049
5011872336.272736 0.5011872336272722 0.03491678136549444
5011872336.272736 0.3981071705534972 0.05180874843565863
5011872336.272736 0.31622776601683794 0.07118414381460293
5011872336.272736 0.251188643150958 0.0929614210168663
5011872336.272736 0.19952623149688797 0.1170022989532879
5011872336.272736 0.15848931924611137 0.14313931102309804
5011872336.272736 0.12589254117941676 0.17119567570521452
5011872336.272736 0.10000000000000002 0.20099785636812112
5011872336.272736 0.07943282347242818 0.2323826550676113
5011872336.272736 0.06309573444801933 0.2652006587162654
5011872336.272736 0.05011872336272722 0.2993173711332778
5011872336.272736 0.039810717055349734 0.3346129646436442
5011872336.272736 0.03162277660168379 0.37098129001318786
5011872336.272736 0.025118864315095808 0.40832852703663586
5011872336.272736 0.0199526231496888 0.4465717234423217
5011872336.272736 0.015848931924611134 0.48563736191282203
5011872336.272736 0.012589254117941675 0.5254600314516228
5011872336.272736 0.01 0.5659812368631241
5011872336.272736 0.00794328234724282 0.6071483585845522
5011872336.272736 0.006309573444801936 0.6489137580408936
5011872336.272736 0.005011872336272725 0.6912340181356982
5011872336.272736 0.003981071705534973 0.7340693040468944
5011872336.272736 0.0031622776601683794 0.777382829375707
5011872336.272736 0.0025118864315095794 0.8211404124630534
5011872336.272736 0.0019952623149688807 0.8653101090804838
5011872336.272736 0.001584893192461114 0.9098619093897882
5011872336.272736 0.0012589254117941675 0.9547674882572824
5011872336.272736 0.001 1.0
6309573444.801943 1.0 0.0
6309573444.801943 0.7943282347242815 0.008635577095171728
6309573444.801943 0.6309573444801932 0.020712680437953542
6309573444.801943 0.5011872336272722 0.03522369028992899
6309573444.801943 0.3981071705534972 0.052214955854666706
6309573444.801943 0.31622776601683794 0.0716861391847185
6309573444.801943 0.251188643150958 0.09355369442732915
6309573444.801943 0.19952623149688797 0.11767759341482964
6309573444.801943 0.15848931924611137 0.1438890117744868
6309573444.801943 0.12589254117941676 0.17201019912963722
6309573444.801943 0.10000000000000002 0.2018669875524826
6309573444.801943 0.07943282347242818 0.23329582940639196
6309573444.801943 0.06309573444801933 0.26614717729584775
6309573444.801943 0.05011872336272722 0.3002865595134354
6309573444.801943 0.039810717055349734 0.3355942952099499
6309573444.801943 0.03162277660168379 0.3719644628394936
6309573444.801943 0.025118864315095808 0.4093035268575956
6309573444.801943 0.0199526231496888 0.44752885743622806
6309573444.801943 0.015848931924611134 0.4865672808568032
6309573444.801943 0.012589254117941675 0.5263537410118226
6309573444.801943 0.01 0.566830101881835
6309573444.801943 0.00794328234724282 0.6079441008987535
6309573444.801943 0.006309573444801936 0.6496484511551085
6309573444.801943 0.005011872336272725 0.6919000792613887
6309573444.801943 0.003981071705534973 0.7346594845281648
6309573444.801943 0.0031622776601683794 0.777890204069008
6309573444.801943 0.0025118864315095794 0.8215583686073696
6309573444.801943 0.0019952623149688807 0.8656323348558385
6309573444.801943 0.001584893192461114 0.910082382354519
6309573444.801943 0.0012589254117941675 0.9548804638139217
6309573444.801943 0.001 1.0
7943282347.242822 1.0 0.0
7943282347.242822 0.7943282347242815 0.008740824699120948
7943282347.242822 0.6309573444801932 0.020921499148977365
7943282347.242822 0.5011872336272722 0.03553480967600818
7943282347.242822 0.3981071705534972 0.052626648898958024
7943282347.242822 0.31622776601683794 0.0721948364206529
7943282347.242822 0.251188643150958 0.0941529183799872
7943282347.242822 0.19952623149688797 0.11836088209010057
7943282347.242822 0.15848931924611137 0.14464763413537346
7943282347.242822 0.12589254117941676 0.172834446538558
7943282347.242822 0.10000000000000002 0.20274651371016583
7943282347.242822 0.07943282347242818 0.23421993863139762
7943282347.242822 0.06309573444801933 0.26710503546923586
7943282347.242822 0.05011872336272722 0.3012673610426717
7943282347.242822 0.039810717055349734 0.3365873808657464
7943282347.242822 0.03162277660168379 0.3729594056894338
7943282347.242822 0.025118864315095808 0.4102901887647706
7943282347.242822 0.0199526231496888 0.44849742750418387
7943282347.242822 0.015848931924611134 0.4875082965263161
7943282347.242822 0.012589254117941675 0.5272581000539499
7943282347.242822 0.01 0.5676890657407077
7943282347.242822 0.00794328234724282 0.6087492933157053
7943282347.242822 0.006309573444801936 0.650391852538238
7943282347.242822 0.005011872336272725 0.6925740186787324
7943282347.242822 0.003981071705534973 0.7352566300283544
7943282347.242822 0.0031622776601683794 0.7784035520205628
7943282347.242822 0.0025118864315095794 0.8219812324483998
7943282347.242822 0.0019952623149688807 0.8659583336159234
7943282347.242822 0.001584893192461114 0.9103054290325917
7943282347.242822 0.0012589254117941675 0.954994753884026
7943282347.242822 0.001 1.0
10000000000.0 1.0 0.0
10000000000.0 0.7943282347242815 0.008847529981696372
10000000000.0 0.6309573444801932 0.02113310877439911
10000000000.0 0.5011872336272722 0.03585000669742004
10000000000.0 0.3981071705534972 0.053043659070930886
10000000000.0 0.31622776601683794 0.0727100297159662
10000000000.0 0.251188643150958 0.09476150958562678
10000000000.0 0.19952623149688797 0.11905451848995785
10000000000.0 0.15848931924611137 0.1454174713696043
10000000000.0 0.12589254117941676 0.17367064640132174
10000000000.0 0.10000000000000002 0.20363859911429455
10000000000.0 0.07943282347242818 0.23515707031739144
10000000000.0 0.06309573444801933 0.2680762403156101
10000000000.0 0.05011872336272722 0.3022616932875268
10000000000.0 0.039810717055349734 0.33759404937836557
10000000000.0 0.03162277660168379 0.37396785278093986
10000000000.0 0.025118864315095808 0.4112901511569789
10000000000.0 0.0199526231496888 0.4494789717579952
10000000000.0 0.015848931924611134 0.4884618437789682
10000000000.0 0.012589254117941675 0.5281744368569361
10000000000.0 0.01 0.56855934779093
10000000000.0 0.00794328234724282 0.6095650436763532
10000000000.0 0.006309573444801936 0.6511449560919295
10000000000.0 0.005011872336272725 0.6932567139340082
10000000000.0 0.003981071705534973 0.7358614994360907
10000000000.0 0.0031622776601683794 0.778923511203235
10000000000.0 0.0025118864315095794 0.8224095188229084
10000000000.0 0.0019952623149688807 0.8662884948400175
10000000000.0 0.001584893192461114 0.9105313113520654
10000000000.0 0.0012589254117941675 0.9551104905962291
10000000000.0 0.001 1.0
12589254117.941713 1.0 0.0
12589254117.941713 0.7943282347242815 0.008955755357743664
12589254117.941713 0.6309573444801932 0.021347614875647816
12589254117.941713 0.5011872336272722 0.036169435948382615
12589254117.941713 0.3981071705534972 0.0534661975383149
12589254117.941713 0.31622776601683794 0.07323198826758598
12589254117.941713 0.251188643150958 0.09537713439887034
12589254117.941713 0.19952623149688797 0.11975625067665328
12589254117.941713 0.15848931924611137 0.14619634839464457
12589254117.941713 0.12589254117941676 0.1745167045668988
12589254117.941713 0.10000000000000002 0.20454122669656374
12589254117.941713 0.07943282347242818 0.2361052950064946
12589254117.941713 0.06309573444801933 0.2690589526966579
12589254117.941713 0.05011872336272722 0.3032678167977994
12589254117.941713 0.039810717055349734 0.33861265602975976
12589254117.941713 0.03162277660168379 0.37498825592732044
12589254117.941713 0.025118864315095808 0.41230196207866004
12589254117.941713 0.0199526231496888 0.45047213771762484
12589254117.941713 0.015848931924611134 0.48942667081018476
12589254117.941713 0.012589254117941675 0.5291016014584083
12589254117.941713 0.01 0.5694399006921638
12589254117.941713 0.00794328234724282 0.6103904080323603
12589254117.941713 0.006309573444801936 0.6519069218426142
12589254117.941713 0.005011872336272725 0.6939474296005946
12589254117.941713 0.003981071705534973 0.7364734622810033
12589254117.941713 0.0031622776601683794 0.7794495563546846
12589254117.941713 0.0025118864315095794 0.8228428078183976
12589254117.941713 0.0019952623149688807 0.8666225039853933
12589254117.941713 0.001584893192461114 0.9107598200021338
12589254117.941713 0.0012589254117941675 0.9552275695364719
12589254117.941713 0.001 1.0
15848931924.611174 1.0 0.0
15848931924.611174 0.7943282347242815 0.00906550580568998
15848931924.611174 0.6309573444801932 0.021565022582002654
15848931924.611174 0.5011872336272722 0.0364930971922612
15848931924.611174 0.3981071705534972 0.05389425875679794
15848931924.611174 0.31622776601683794 0.07376069999004017
15848931924.611174 0.251188643150958 0.09600065999176001
15848931924.611174 0.19952623149688797 0.12046692951003408
15848931924.611174 0.15848931924611137 0.1469850999542145
15848931924.611174 0.12589254117941676 0.17537343707374242
15848931924.611174 0.10000000000000002 0.20545519378472948
15848931924.611174 0.07943282347242818 0.2370653864895425
15848931924.611174 0.06309573444801933 0.27005392063949035
15848931924.611174 0.05011872336272722 0.30428644525437776
15848931924.611174 0.039810717055349734 0.33964388465649864
15848931924.611174 0.03162277660168379 0.376021267254388
15848931924.611174 0.025118864315095808 0.41332624091635944
15848931924.611174 0.0199526231496888 0.4514775096301266
15848931924.611174 0.015848931924611134 0.4904033251457577
15848931924.611174 0.012589254117941675 0.530040103124156
15848931924.611174 0.01 0.5703311940151073
15848931924.611174 0.00794328234724282 0.6112258148975764
15848931924.611174 0.006309573444801936 0.6526781359397532
15848931924.611174 0.005011872336272725 0.6946465081469824
15848931924.611174 0.003981071705534973 0.7370928160333756
15848931924.611174 0.0031622776601683794 0.7799819386580067
15848931924.611174 0.0025118864315095794 0.8232813030697433
15848931924.611174 0.0019952623149688807 0.8669605158313616
15848931924.611174 0.001584893192461114 0.910991059567738
15848931924.611174 0.0012589254117941675 0.9553460437241248
15848931924.611174 0.001 1.0
19952623149.688828 1.0 0.0
19952623149.688828 0.7943282347242815 0.009176793822046564
19952623149.688828 0.6309573444801932 0.021785354049736052
19952623149.688828 0.5011872336272722 0.03682102524056493
19952623149.688828 0.3981071705534972 0.05432788674892633
19952623149.688828 0.31622776601683794 0.07429622128001839
19952623149.688828 0.251188643150958 0.09663215084633876
19952623149.688828 0.19952623149688797 0.12118662744266544
19952623149.688828 0.15848931924611137 0.1477838045955795
19952623149.688828 0.12589254117941676 0.1762409280843748
19952623149.688828 0.10000000000000002 0.20638058922356714
19952623149.688828 0.07943282347242818 0.23803743734355862
19952623149.688828 0.06309573444801933 0.27106123950071814
19952623149.688828 0.05011872336272722 0.3053176760057276
19952623149.688828 0.039810717055349734 0.3406878335231585
19952623149.688828 0.03162277660168379 0.37706698504169545
19952623149.688828 0.025118864315095808 0.41436308508756114
19952623149.688828 0.0199526231496888 0.4524951831988075
19952623149.688828 0.015848931924611134 0.4913918999452443
19952623149.688828 0.012589254117941675 0.5309900317581433
19952623149.688828 0.01 0.5712333135963091
19952623149.688828 0.00794328234724282 0.612071345185259
19952623149.688828 0.006309573444801936 0.6534586735909816
19952623149.688828 0.005011872336272725 0.6953540182324328
19952623149.688828 0.003981071705534973 0.7377196220925957
19952623149.688828 0.0031622776601683794 0.7805207114691597
19952623149.688828 0.0025118864315095794 0.823725049070593
19952623149.688828 0.0019952623149688807 0.8673025651583343
19952623149.688828 0.001584893192461114 0.9112250542193436
19952623149.688828 0.0012589254117941675 0.9554659257649963
19952623149.688828 0.001 1.0
25118864315.09582 1.0 0.0
25118864315.09582 0.7943282347242815 0.009289631480893509
25118864315.09582 0.6309573444801932 0.02200863167859101
25118864315.09582 0.5011872336272722 0.0371532508497736
25118864315.09582 0.3981071705534972 0.054767121215437226
25118864315.09582 0.31622776601683794 0.0748385933459942
25118864315.09582 0.251188643150958 0.09727165606152288
25118864315.09582 0.19952623149688797 0.12191540012546512
25118864315.09582 0.15848931924611137 0.14859252562950287
25118864315.09582 0.12589254117941676 0.1771192464791225
25118864315.09582 0.10000000000000002 0.20731748658524354
25118864315.09582 0.07943282347242818 0.23902152367671964
25118864315.09582 0.06309573444801933 0.2720809882917975
25118864315.09582 0.05011872336272722 0.30636159610540525
25118864315.09582 0.039810717055349734 0.3417445884270393
25118864315.09582 0.03162277660168379 0.3781254953942963
25118864315.09582 0.025118864315095808 0.4154125801840314
25118864315.09582 0.0199526231496888 0.4535252427073716
25118864315.09582 0.015848931924611134 0.4923924774125756
25118864315.09582 0.012589254117941675 0.5319514666374201
25118864315.09582 0.01 0.5721463350737511
25118864315.09582 0.00794328234724282 0.6129270702529056
25118864315.09582 0.006309573444801936 0.6542486011679306
25118864315.09582 0.005011872336272725 0.6960700206404085
25118864315.09582 0.003981071705534973 0.7383539348705188
25118864315.09582 0.0031622776601683794 0.7810659221122013
25118864315.09582 0.0025118864315095794 0.8241740852780286
25118864315.09582 0.0019952623149688807 0.8676486828163238
25118864315.09582 0.001584893192461114 0.911461825394881
25118864315.09582 0.0012589254117941675 0.955587226835246
25118864315.09582 0.001 1.0
31622776601.683792 1.0 0.0
31622776601.683792 0.7943282347242815 0.009404030417684998
31622776601.683792 0.6309573444801932 0.02223487571905779
31622776601.683792 0.5011872336272722 0.03748980309854746
31622776601.683792 0.3981071705534972 0.05521199965746661
31622776601.683792 0.31622776601683794 0.0753878592231206
31622776601.683792 0.251188643150958 0.09791922605048506
31622776601.683792 0.19952623149688797 0.12265330218952522
31622776601.683792 0.15848931924611137 0.14941132238022423
31622776601.683792 0.12589254117941676 0.17800845671159662
31622776601.683792 0.10000000000000002 0.2082659546087454
31622776601.683792 0.07943282347242818 0.24001772144099234
31622776601.683792 0.06309573444801933 0.2731132455398385
31622776601.683792 0.05011872336272722 0.3074182797899461
31622776601.683792 0.039810717055349734 0.34281423173873665
31622776601.683792 0.03162277660168379 0.37919688079112623
31622776601.683792 0.025118864315095808 0.41647480801840686
31622776601.683792 0.0199526231496888 0.4545677685517083
31622776601.683792 0.015848931924611134 0.49340513580190903
