src/nupyprop/models/ixc_tau_pn_bdhm_water.ecsv
# %ECSV 1.0
# ---
# datatype:
# - {name: energy, datatype: float64}
# - {name: y, datatype: float64}
# - {name: cdf_pn_bdhm, datatype: float64}
# meta: !!omap
# - {Description: Tau-nucleon cross-section CDF values for PN_BDHM in water}
# - {energy: 'Tau energy, in GeV'}
# - {y: Inelasticity; y = (E_initial-E_final)/E_initial}
# - {cdf: Cross-section CDF values for PN_BDHM in water}
# - {Note: 'The integrated cross-section CDF values should be integrated from y = 1, 10^(-0.1),...,10^(-3). This is a convention we chose
#     to adopt'}
# schema: astropy-2.0
energy y cdf_pn_bdhm
[from data line 382]
15.848931924611142 0.10000000000000002 0.06663162273880399
15.848931924611142 0.07943282347242818 0.10324042191421101
15.848931924611142 0.06309573444801933 0.15065653085310116
15.848931924611142 0.05011872336272722 0.20962300922681948
15.848931924611142 0.039810717055349734 0.28067424108874517
15.848931924611142 0.03162277660168379 0.3641767483560519
15.848931924611142 0.025118864315095808 0.4604077962291261
15.848931924611142 0.0199526231496888 0.569607698047446
15.848931924611142 0.015848931924611134 0.691902213416
15.848931924611142 0.012589254117941675 0.8274791438470831
15.848931924611142 0.01 0.9751933702472484
15.848931924611142 0.00794328234724282 1.0
15.848931924611142 0.006309573444801936 1.0
15.848931924611142 0.005011872336272725 1.0
15.848931924611142 0.003981071705534973 1.0
15.848931924611142 0.0031622776601683794 1.0
15.848931924611142 0.0025118864315095794 1.0
15.848931924611142 0.0019952623149688807 1.0
15.848931924611142 0.001584893192461114 1.0
15.848931924611142 0.0012589254117941675 1.0
15.848931924611142 0.001 1.0
19.952623149688797 1.0 0.0
19.952623149688797 0.7943282347242815 0.0
19.952623149688797 0.6309573444801932 0.0
19.952623149688797 0.5011872336272722 1.4010911924387669e-05
19.952623149688797 0.3981071705534972 0.0003491264085731569
19.952623149688797 0.31622776601683794 0.0016425964464441601
19.952623149688797 0.251188643150958 0.004921701604938981
19.952623149688797 0.19952623149688797 0.011506140386187472
19.952623149688797 0.15848931924611137 0.022884544704978825
19.952623149688797 0.12589254117941676 0.04046350302101689
19.952623149688797 0.10000000000000002 0.06545887386963367
19.952623149688797 0.07943282347242818 0.09886408191997885
19.952623149688797 0.06309573444801933 0.141384441466059
19.952623149688797 0.05011872336272722 0.19350135588432513
19.952623149688797 0.039810717055349734 0.2555332310944024
19.952623149688797 0.03162277660168379 0.32765606178080936
19.952623149688797 0.025118864315095808 0.4100076838826409
19.952623149688797 0.0199526231496888 0.5026597036565308
19.952623149688797 0.015848931924611134 0.6056654448319578
19.952623149688797 0.012589254117941675 0.7190668161213185
19.952623149688797 0.01 0.8429465257024019
19.952623149688797 0.00794328234724282 0.9764128724324944
19.952623149688797 0.006309573444801936 1.0
19.952623149688797 0.005011872336272725 1.0
19.952623149688797 0.003981071705534973 1.0
19.952623149688797 0.0031622776601683794 1.0
19.952623149688797 0.0025118864315095794 1.0
19.952623149688797 0.0019952623149688807 1.0
19.952623149688797 0.001584893192461114 1.0
19.952623149688797 0.0012589254117941675 1.0
19.952623149688797 0.001 1.0
25.11886431509581 1.0 0.0
25.11886431509581 0.7943282347242815 0.0
25.11886431509581 0.6309573444801932 0.0
25.11886431509581 0.5011872336272722 7.224385524000947e-05
25.11886431509581 0.3981071705534972 0.0005965293110397678
25.11886431509581 0.31622776601683794 0.0021780602042868434
25.11886431509581 0.251188643150958 0.005758029784304229
25.11886431509581 0.19952623149688797 0.01249562107650493
25.11886431509581 0.15848931924611137 0.023652787758609014
25.11886431509581 0.12589254117941676 0.040404629221131534
25.11886431509581 0.10000000000000002 0.06374090546666439
25.11886431509581 0.07943282347242818 0.09440915320447082
25.11886431509581 0.06309573444801933 0.1329170317380602
25.11886431509581 0.05011872336272722 0.1795906969937201
25.11886431509581 0.039810717055349734 0.23460774846857288
25.11886431509581 0.03162277660168379 0.29804424793909545
25.11886431509581 0.025118864315095808 0.36992548042989
25.11886431509581 0.0199526231496888 0.45022385356348654
25.11886431509581 0.015848931924611134 0.5389424931541382
25.11886431509581 0.012589254117941675 0.6360553570552049
25.11886431509581 0.01 0.7416110085774231
25.11886431509581 0.00794328234724282 0.8556860576338079
25.11886431509581 0.006309573444801936 0.9775624290996145
25.11886431509581 0.005011872336272725 1.0
25.11886431509581 0.003981071705534973 1.0
25.11886431509581 0.0031622776601683794 1.0
25.11886431509581 0.0025118864315095794 1.0
25.11886431509581 0.0019952623149688807 1.0
25.11886431509581 0.001584893192461114 1.0
25.11886431509581 0.0012589254117941675 1.0
25.11886431509581 0.001 1.0
31.622776601683793 1.0 0.0
31.622776601683793 0.7943282347242815 0.0
31.622776601683793 0.6309573444801932 1.6823283712723205e-06
31.622776601683793 0.5011872336272722 0.00015804229032933653
31.622776601683793 0.3981071705534972 0.0008469326136563747
31.622776601683793 0.31622776601683794 0.0026385023344969675
31.622776601683793 0.251188643150958 0.006389901789168006
31.622776601683793 0.19952623149688797 0.013127605180625182
31.622776601683793 0.15848931924611137 0.023942171176134345
31.622776601683793 0.12589254117941676 0.03982705581198907
31.622776601683793 0.10000000000000002 0.061611749803433744
31.622776601683793 0.07943282347242818 0.08988175328339733
31.622776601683793 0.06309573444801933 0.12502414251591806
31.622776601683793 0.05011872336272722 0.16725014869301294
31.622776601683793 0.039810717055349734 0.21664745523613754
31.622776601683793 0.03162277660168379 0.27321500155697026
31.622776601683793 0.025118864315095808 0.33690988201021255
31.622776601683793 0.0199526231496888 0.4076812357606236
31.622776601683793 0.015848931924611134 0.4854577173065107
31.622776601683793 0.012589254117941675 0.5702155071592904
31.622776601683793 0.01 0.6619520776744698
31.622776601683793 0.00794328234724282 0.7606978849283417
31.622776601683793 0.006309573444801936 0.8665277619653035
31.622776601683793 0.005011872336272725 0.9788573312787222
31.622776601683793 0.003981071705534973 1.0
31.622776601683793 0.0031622776601683794 1.0
31.622776601683793 0.0025118864315095794 1.0
31.622776601683793 0.0019952623149688807 1.0
31.622776601683793 0.001584893192461114 1.0
31.622776601683793 0.0012589254117941675 1.0
31.622776601683793 0.001 1.0
39.810717055349734 1.0 0.0
39.810717055349734 0.7943282347242815 0.0
39.810717055349734 0.6309573444801932 1.7055606737025735e-05
39.810717055349734 0.5011872336272722 0.00025673659485758905
39.810717055349734 0.3981071705534972 0.001064588795743729
39.810717055349734 0.31622776601683794 0.0029949906023626163
39.810717055349734 0.251188643150958 0.006808806909566888
39.810717055349734 0.19952623149688797 0.0134380469956249
39.810717055349734 0.15848931924611137 0.02383142621784437
39.810717055349734 0.12589254117941676 0.03885456005040441
39.810717055349734 0.10000000000000002 0.05919084965107872
39.810717055349734 0.07943282347242818 0.08532476579062133
39.810717055349734 0.06309573444801933 0.11755707456302884
39.810717055349734 0.05011872336272722 0.15602292218337657
39.810717055349734 0.039810717055349734 0.20075768565806767
39.810717055349734 0.03162277660168379 0.2517212221257587
39.810717055349734 0.025118864315095808 0.30882697564963313
39.810717055349734 0.0199526231496888 0.37198581772117145
39.810717055349734 0.015848931924611134 0.4411255478556927
39.810717055349734 0.012589254117941675 0.5161809512988286
39.810717055349734 0.01 0.5971296407581449
39.810717055349734 0.00794328234724282 0.6839807085032019
39.810717055349734 0.006309573444801936 0.7767695134585914
39.810717055349734 0.005011872336272725 0.8755590759675231
39.810717055349734 0.003981071705534973 0.979868091509208
39.810717055349734 0.0031622776601683794 1.0
39.810717055349734 0.0025118864315095794 1.0
39.810717055349734 0.0019952623149688807 1.0
39.810717055349734 0.001584893192461114 1.0
39.810717055349734 0.0012589254117941675 1.0
39.810717055349734 0.001 1.0
50.11872336272725 1.0 0.0
50.11872336272725 0.7943282347242815 0.0
50.11872336272725 0.6309573444801932 4.309658932294221e-05
50.11872336272725 0.5011872336272722 0.00035357594660445076
50.11872336272725 0.3981071705534972 0.0012602591320654125
50.11872336272725 0.31622776601683794 0.0032700206170945077
50.11872336272725 0.251188643150958 0.007083482776853668
50.11872336272725 0.19952623149688797 0.013532336059942666
50.11872336272725 0.15848931924611137 0.023452415842105882
50.11872336272725 0.12589254117941676 0.037613035457829264
50.11872336272725 0.10000000000000002 0.05659361694303043
50.11872336272725 0.07943282347242818 0.08079956871138616
50.11872336272725 0.06309573444801933 0.11046997676142321
50.11872336272725 0.05011872336272722 0.14569794463283056
50.11872336272725 0.039810717055349734 0.1864882310304102
50.11872336272725 0.03162277660168379 0.2327643368549753
50.11872336272725 0.025118864315095808 0.2844316140426823
50.11872336272725 0.0199526231496888 0.3413887788545788
50.11872336272725 0.015848931924611134 0.4035378044294919
50.11872336272725 0.012589254117941675 0.470801576966998
50.11872336272725 0.01 0.5431442490535017
50.11872336272725 0.00794328234724282 0.6205446866354845
50.11872336272725 0.006309573444801936 0.7030094098818541
50.11872336272725 0.005011872336272725 0.7905755006675518
50.11872336272725 0.003981071705534973 0.8833006156586342
50.11872336272725 0.0031622776601683794 0.9807867345466572
50.11872336272725 0.0025118864315095794 1.0
50.11872336272725 0.0019952623149688807 1.0
50.11872336272725 0.001584893192461114 1.0
50.11872336272725 0.0012589254117941675 1.0
50.11872336272725 0.001 1.0
63.09573444801933 1.0 0.0
63.09573444801933 0.7943282347242815 0.0
63.09573444801933 0.6309573444801932 7.418169464461979e-05
63.09573444801933 0.5011872336272722 0.00044360145779570825
63.09573444801933 0.3981071705534972 0.0014144491244055344
63.09573444801933 0.31622776601683794 0.0034582586626489943
63.09573444801933 0.251188643150958 0.007217550993546821
63.09573444801933 0.19952623149688797 0.013438789541470018
63.09573444801933 0.15848931924611137 0.022877206482467476
63.09573444801933 0.12589254117941676 0.03619199347416921
63.09573444801933 0.10000000000000002 0.05390032176768867
63.09573444801933 0.07943282347242818 0.07635304447786473
63.09573444801933 0.06309573444801933 0.10373851044307361
63.09573444801933 0.05011872336272722 0.13613613748550507
63.09573444801933 0.039810717055349734 0.17351823486180176
63.09573444801933 0.03162277660168379 0.21580550484901986
63.09573444801933 0.025118864315095808 0.2628981292693946
63.09573444801933 0.0199526231496888 0.31468178503623356
63.09573444801933 0.015848931924611134 0.37105777390912575
63.09573444801933 0.012589254117941675 0.4319363530274563
63.09573444801933 0.01 0.49725726580755425
63.09573444801933 0.00794328234724282 0.5669789816976546
63.09573444801933 0.006309573444801936 0.6410943195088508
63.09573444801933 0.005011872336272725 0.7196101406548524
63.09573444801933 0.003981071705534973 0.8025637761650323
63.09573444801933 0.0031622776601683794 0.8900151844937432
63.09573444801933 0.0025118864315095794 0.9816241306528406
63.09573444801933 0.0019952623149688807 1.0
63.09573444801933 0.001584893192461114 1.0
63.09573444801933 0.0012589254117941675 1.0
63.09573444801933 0.001 1.0
79.43282347242817 1.0 0.0
79.43282347242817 0.7943282347242815 1.2998514882984195e-06
79.43282347242817 0.6309573444801932 0.00010625457817317866
79.43282347242817 0.5011872336272722 0.0005214017075770009
79.43282347242817 0.3981071705534972 0.0015344927966349058
79.43282347242817 0.31622776601683794 0.003580319346790547
79.43282347242817 0.251188643150958 0.007246677401214531
79.43282347242817 0.19952623149688797 0.013212669414446054
79.43282347242817 0.15848931924611137 0.02214940744150656
79.43282347242817 0.12589254117941676 0.034649553630411035
79.43282347242817 0.10000000000000002 0.05116903408802102
79.43282347242817 0.07943282347242818 0.07201300058645857
79.43282347242817 0.06309573444801933 0.09735145498659162
79.43282347242817 0.05011872336272722 0.12723265728072186
79.43282347242817 0.039810717055349734 0.1616289774487789
79.43282347242817 0.03162277660168379 0.20046831378992366
79.43282347242817 0.025118864315095808 0.24364404926648892
79.43282347242817 0.0199526231496888 0.29105145127233895
79.43282347242817 0.015848931924611134 0.34256838141153295
79.43282347242817 0.012589254117941675 0.3981059071862851
79.43282347242817 0.01 0.45758818836763593
79.43282347242817 0.00794328234724282 0.5209625625692968
79.43282347242817 0.006309573444801936 0.5881944781655576
79.43282347242817 0.005011872336272725 0.6592769978109866
79.43282347242817 0.003981071705534973 0.7342277771261864
79.43282347242817 0.0031622776601683794 0.8130829394350083
79.43282347242817 0.0025118864315095794 0.8959005070648937
79.43282347242817 0.0019952623149688807 0.982389355769205
79.43282347242817 0.001584893192461114 1.0
79.43282347242817 0.0012589254117941675 1.0
79.43282347242817 0.001 1.0
100.0 1.0 0.0
100.0 0.7943282347242815 5.311752678372349e-06
100.0 0.6309573444801932 0.00013668891373591407
100.0 0.5011872336272722 0.0005859438262067845
100.0 0.3981071705534972 0.0016203716518515532
100.0 0.31622776601683794 0.003646029074602881
100.0 0.251188643150958 0.007197206565630902
100.0 0.19952623149688797 0.012892192794816995
100.0 0.15848931924611137 0.021335032048866834
100.0 0.12589254117941676 0.033056532896236536
100.0 0.10000000000000002 0.04846615478568137
100.0 0.07943282347242818 0.06783463545682801
100.0 0.06309573444801933 0.09131109901800835
100.0 0.05011872336272722 0.11893751020373965
100.0 0.039810717055349734 0.15069899785618818
100.0 0.03162277660168379 0.18651882895821764
100.0 0.025118864315095808 0.2263004052454634
100.0 0.0199526231496888 0.2699295862050735
100.0 0.015848931924611134 0.3172946692512144
100.0 0.012589254117941675 0.36829298497245677
100.0 0.01 0.4228394966568581
100.0 0.00794328234724282 0.48086835469246864
100.0 0.006309573444801936 0.5423336098431532
100.0 0.005011872336272725 0.6072113250399668
100.0 0.003981071705534973 0.6754973977492835
100.0 0.0031622776601683794 0.7472149454230188
100.0 0.0025118864315095794 0.8224000602620629
100.0 0.0019952623149688807 0.9011085350128513
100.0 0.001584893192461114 0.9830910200228923
100.0 0.0012589254117941675 1.0
100.0 0.001 1.0
125.89254117941675 1.0 0.0
125.89254117941675 0.7943282347242815 1.0682724099492388e-05
125.89254117941675 0.6309573444801932 0.00016448454955202672
125.89254117941675 0.5011872336272722 0.0006378438222090904
125.89254117941675 0.3981071705534972 0.0016802362657405412
125.89254117941675 0.31622776601683794 0.003666645787757673
125.89254117941675 0.251188643150958 0.007089458228824569
125.89254117941675 0.19952623149688797 0.01250727193071125
125.89254117941675 0.15848931924611137 0.02046893906049646
125.89254117941675 0.12589254117941676 0.031454066041388916
125.89254117941675 0.10000000000000002 0.04583249995835294
125.89254117941675 0.07943282347242818 0.06384489607215137
125.89254117941675 0.06309573444801933 0.08562621020203738
125.89254117941675 0.05011872336272722 0.11123335209920929
125.89254117941675 0.039810717055349734 0.14064513596194256
125.89254117941675 0.03162277660168379 0.17379521256765318
125.89254117941675 0.025118864315095808 0.21059322270720493
125.89254117941675 0.0199526231496888 0.25092675615131727
125.89254117941675 0.015848931924611134 0.2946869188882971
125.89254117941675 0.012589254117941675 0.34176985075206356
125.89254117941675 0.01 0.392080014160432
125.89254117941675 0.00794328234724282 0.4455441761976406
125.89254117941675 0.006309573444801936 0.5021043874454821
125.89254117941675 0.005011872336272725 0.5617219085588621
125.89254117941675 0.003981071705534973 0.6243810007964036
125.89254117941675 0.0031622776601683794 0.6900843378776345
125.89254117941675 0.0025118864315095794 0.75885079126711
125.89254117941675 0.0019952623149688807 0.8307244920432598
125.89254117941675 0.001584893192461114 0.9057596934253815
125.89254117941675 0.0012589254117941675 0.9837371669568354
125.89254117941675 0.001 1.0
158.48931924611142 1.0 0.0
158.48931924611142 0.7943282347242815 1.665961002139997e-05
158.48931924611142 0.6309573444801932 0.00019086022203666266
158.48931924611142 0.5011872336272722 0.0006874985059498132
158.48931924611142 0.3981071705534972 0.0017426752243873505
