src/nupyprop/models/ixc_neutrino_ctw.ecsv
# %ECSV 0.9
# ---
# datatype:
# - {name: energy, datatype: float64}
# - {name: y, datatype: float64}
# - {name: cc_cdf_ctw, datatype: float64}
# - {name: nc_cdf_ctw, datatype: float64}
# meta: !!omap
# - {Description: Neutrino-nucleon cross-section CDF values for CTW}
# - {energy: 'Neutrino energy, in GeV'}
# - {y: 'Inelasticity, y = (E_init-E_final)/E_initial.'}
# - {cc_cdf: Charged current cross-section CDF value}
# - {nc_cdf: Neutral current cross-section CDF value}
# - {Note: 'The integrated cross-section CDF values should be integrated from y = 0, 10^(-0.1),...,10^(-3). This is a convention we chose
#     to adopt'}
# schema: astropy-2.0
energy y cc_cdf_ctw nc_cdf_ctw
[from data line 2424]
63095734448.019424 0.251188643150958 0.302594608143231 0.2836959382457044
63095734448.019424 0.19952623149688797 0.35183544126756405 0.33019794319760354
63095734448.019424 0.15848931924611137 0.4005033543399157 0.37632017428277664
63095734448.019424 0.12589254117941676 0.4484687582149324 0.4219730636930773
63095734448.019424 0.10000000000000002 0.49557818285025834 0.4670485494732536
63095734448.019424 0.07943282347242818 0.541652629598826 0.5114176465673604
63095734448.019424 0.06309573444801933 0.5864872489241264 0.5549284367957759
63095734448.019424 0.05011872336272722 0.6298530731675918 0.5974049371428474
63095734448.019424 0.039810717055349734 0.6715015913044515 0.6386474511597742
63095734448.019424 0.03162277660168379 0.7111728432958124 0.6784351162664507
63095734448.019424 0.025118864315095808 0.7486073466790779 0.7165313635745338
63095734448.019424 0.0199526231496888 0.7835615009943252 0.7526928222018724
63095734448.019424 0.015848931924611134 0.815825206658469 0.7866817529373931
63095734448.019424 0.012589254117941675 0.8452394988129472 0.8182813743089081
63095734448.019424 0.01 0.8717113805845457 0.8473125561937541
63095734448.019424 0.00794328234724282 0.8952230935570024 0.8736495572586722
63095734448.019424 0.006309573444801936 0.9158339376561457 0.8972321163718013
63095734448.019424 0.005011872336272725 0.9336742562030267 0.918071551542462
63095734448.019424 0.003981071705534973 0.9489328392526908 0.9362495994385943
63095734448.019424 0.0031622776601683794 0.9618402062775996 0.9519102406703441
63095734448.019424 0.0025118864315095794 0.9726506584656018 0.9652461827114157
63095734448.019424 0.0019952623149688807 0.9816256449087449 0.9764825388593031
63095734448.019424 0.001584893192461114 0.9890201498358786 0.9858603451628695
63095734448.019424 0.0012589254117941675 0.9950728503268857 0.993622018853098
63095734448.019424 0.001 1.0 1.0
79432823472.42822 0.0 0.0 0.0
79432823472.42822 0.7943282347242815 0.050838174263234115 0.047484926757853985
79432823472.42822 0.6309573444801932 0.10152331603853593 0.09487124367360078
79432823472.42822 0.5011872336272722 0.15201711195561707 0.14213400148759558
79432823472.42822 0.3981071705534972 0.20227207088584875 0.1892421247319448
79432823472.42822 0.31622776601683794 0.25222955882138964 0.23615701354581897
79432823472.42822 0.251188643150958 0.30181754371405467 0.28283088656513533
79432823472.42822 0.19952623149688797 0.35094808322651594 0.32920485167427316
79432823472.42822 0.15848931924611137 0.39951464266570447 0.37520671357365176
79432823472.42822 0.12589254117941676 0.4473894114030701 0.4207485648731669
79432823472.42822 0.10000000000000002 0.49442089813406354 0.4657242664816166
79432823472.42822 0.07943282347242818 0.5404322269368875 0.5100070088037452
79432823472.42822 0.06309573444801933 0.5852207138694854 0.5534472602431117
79432823472.42822 0.05011872336272722 0.628559444645876 0.5958715490843149
79432823472.42822 0.039810717055349734 0.6702016383862304 0.6370826706429317
79432823472.42822 0.03162277660168379 0.7098884864586426 0.6768620242835446
79432823472.42822 0.025118864315095808 0.7473608094290715 0.7149747999830518
79432823472.42822 0.0199526231496888 0.7823742283855474 0.751178568185083
79432823472.42822 0.015848931924611134 0.8147166509579659 0.7852354035985871
79432823472.42822 0.012589254117941675 0.8442259315090975 0.8169269739777495
79432823472.42822 0.01 0.8708049197890908 0.8460711456776513
79432823472.42822 0.00794328234724282 0.8944311166834789 0.8725378423313309
79432823472.42822 0.006309573444801936 0.9151589785184029 0.8962614814004186
79432823472.42822 0.005011872336272725 0.9331143837834396 0.9172475939600401
79432823472.42822 0.003981071705534973 0.9484824176640123 0.9355722573748473
79432823472.42822 0.0031622776601683794 0.9614908742843714 0.9513744607859722
79432823472.42822 0.0025118864315095794 0.9723923563006343 0.964842971773138
79432823472.42822 0.0019952623149688807 0.9814475482402655 0.9762001926491498
79432823472.42822 0.001584893192461114 0.9889114247790373 0.9856856581093049
79432823472.42822 0.0012589254117941675 0.9950231979330634 0.993541330151127
79432823472.42822 0.001 1.0 1.0
100000000000.0 0.0 0.0 0.0
100000000000.0 0.7943282347242815 0.05070656123580908 0.04734053347166112
100000000000.0 0.6309573444801932 0.10126252790049783 0.09458445886545497
100000000000.0 0.5011872336272722 0.1516301797977544 0.14170732352070348
100000000000.0 0.3981071705534972 0.20176275130433763 0.18867866485126472
100000000000.0 0.31622776601683794 0.25160248903713445 0.23546063545912532
100000000000.0 0.251188643150958 0.3010784195544194 0.28200637173494614
100000000000.0 0.19952623149688797 0.35010385744544936 0.32825809157594665
100000000000.0 0.15848931924611137 0.39857373693667664 0.3741449279726057
100000000000.0 0.12589254117941676 0.4463619292216008 0.41958054146535173
100000000000.0 0.10000000000000002 0.4933188175844627 0.4644606115129477
100000000000.0 0.07943282347242818 0.5392695420767153 0.5086603900979905
100000000000.0 0.06309573444801933 0.5840134825839484 0.5520326133204931
100000000000.0 0.05011872336272722 0.6273256919193011 0.5944062044123717
100000000000.0 0.039810717055349734 0.6689610615195623 0.6355863475610646
100000000000.0 0.03162277660168379 0.7086619187029324 0.6753566287692934
100000000000.0 0.025118864315095808 0.7461694262732773 0.7134839652630003
100000000000.0 0.0199526231496888 0.7812385279667658 0.7497268964022916
100000000000.0 0.015848931924611134 0.8136553004260845 0.7838474087153153
100000000000.0 0.012589254117941675 0.8432546282756764 0.8156257897800933
100000000000.0 0.01 0.8699354473572769 0.8448771361775061
100000000000.0 0.00794328234724282 0.8936707595739808 0.8714673115654848
100000000000.0 0.006309573444801936 0.9145103959794881 0.895325697802312
100000000000.0 0.005011872336272725 0.9325759457276412 0.9164523031157816
100000000000.0 0.003981071705534973 0.9480489118688131 0.9349177612591775
100000000000.0 0.0031622776601683794 0.9611544328907535 0.9508562218325053
100000000000.0 0.0025118864315095794 0.9721434366394685 0.9644525981226464
100000000000.0 0.0019952623149688807 0.9812758316957765 0.9759266086052533
100000000000.0 0.001584893192461114 0.9888065483003922 0.9855162691454369
100000000000.0 0.0012589254117941675 0.9949752852527242 0.9934630396868585
100000000000.0 0.001 1.0 1.0
125892541179.41661 0.0 0.0 0.0
125892541179.41661 0.7943282347242815 0.05058150952805551 0.04720305816281867
125892541179.41661 0.6309573444801932 0.10101471697720399 0.09431138937208594
125892541179.41661 0.5011872336272722 0.15126246039864422 0.1413010079759709
125892541179.41661 0.3981071705534972 0.20127865721588956 0.1881420279450935
125892541179.41661 0.31622776601683794 0.25100638353393623 0.2347973100478008
125892541179.41661 0.251188643150958 0.3003756636581043 0.2812208548687485
125892541179.41661 0.19952623149688797 0.34930099777318235 0.3273559262539356
125892541179.41661 0.15848931924611137 0.3976787070618093 0.37313290991688297
125892541179.41661 0.12589254117941676 0.44538425277657956 0.4184669467859714
125892541179.41661 0.10000000000000002 0.4922697935660617 0.46325543581942086
125892541179.41661 0.07943282347242818 0.5381623831815229 0.5073755819733234
125892541179.41661 0.06309573444801933 0.5828633670028458 0.5506822749742947
125892541179.41661 0.05011872336272722 0.6261496803292046 0.593006720335909
125892541179.41661 0.039810717055349734 0.667777828209762 0.6341563899452003
125892541179.41661 0.03162277660168379 0.7074912544117067 0.6739169799739781
125892541179.41661 0.025118864315095808 0.7450314956946422 0.7120570984237105
125892541179.41661 0.0199526231496888 0.7801529088937127 0.7483362721674798
125892541179.41661 0.015848931924611134 0.8126398886231061 0.7825164845407006
125892541179.41661 0.012589254117941675 0.8423245473220041 0.814376797795437
125892541179.41661 0.01 0.8691021340540239 0.8437297558062397
125892541179.41661 0.00794328234724282 0.892941383844016 0.8704374220673462
125892541179.41661 0.006309573444801936 0.9138877148557315 0.8944244170369322
125892541179.41661 0.005011872336272725 0.9320586002420377 0.9156854836557734
125892541179.41661 0.003981071705534973 0.9476320846737468 0.9342860265704518
125892541179.41661 0.0031622776601683794 0.9608307239043582 0.9503555110797848
125892541179.41661 0.0025118864315095794 0.9719037989773621 0.9640750880599349
125892541179.41661 0.0019952623149688807 0.9811104356435904 0.9756618268705246
125892541179.41661 0.001584893192461114 0.9887054889556806 0.9853522145485317
125892541179.41661 0.0012589254117941675 0.99492909980975 0.9933871686550996
125892541179.41661 0.001 1.0 1.0
158489319246.11172 0.0 0.0 0.0
158489319246.11172 0.7943282347242815 0.0504627333418306 0.04707222316493964
158489319246.11172 0.6309573444801932 0.10077932061130823 0.0940514873851539
158489319246.11172 0.5011872336272722 0.15091312527695533 0.14091424623558435
158489319246.11172 0.3981071705534972 0.20081870786993083 0.18763115611661563
158489319246.11172 0.31622776601683794 0.250439925836754 0.23416574431330028
158489319246.11172 0.251188643150958 0.2997077438608263 0.28047282519200656
158489319246.11172 0.19952623149688797 0.34853778037892846 0.3264966481694649
158489319246.11172 0.15848931924611137 0.3968276659924065 0.3721687803409629
158489319246.11172 0.12589254117941676 0.44445436497206736 0.41740576019037856
158489319246.11172 0.10000000000000002 0.49127171686784366 0.4621066121753392
158489319246.11172 0.07943282347242818 0.5371085912593405 0.5061503907425903
158489319246.11172 0.06309573444801933 0.5817682041777855 0.5493940299382165
158489319246.11172 0.05011872336272722 0.6250292906937142 0.5916709086842595
158489319246.11172 0.039810717055349734 0.6666499103428996 0.6327906874387137
158489319246.11172 0.03162277660168379 0.7063746004730143 0.6725410954990368
158489319246.11172 0.025118864315095808 0.7439452968850728 0.7106923911770882
158489319246.11172 0.0199526231496888 0.7791158502623853 0.7470050995603581
158489319246.11172 0.015848931924611134 0.8116691102054413 0.7812412740847032
158489319246.11172 0.012589254117941675 0.841434601728161 0.8131788919304357
158489319246.11172 0.01 0.8683041022783707 0.842628145528924
158489319246.11172 0.00794328234724282 0.8922423024908017 0.8694475431967338
158489319246.11172 0.006309573444801936 0.9132904137339428 0.8935572064810426
158489319246.11172 0.005011872336272725 0.9315619637565085 0.914946863464259
158489319246.11172 0.003981071705534973 0.9472316629490805 0.9336769020624666
158489319246.11172 0.0031622776601683794 0.9605195597679664 0.9498722607543971
158489319246.11172 0.0025118864315095794 0.9716733201960476 0.9637104251583897
158489319246.11172 0.0019952623149688807 0.9809512843596176 0.9754058569910994
158489319246.11172 0.001584893192461114 0.9886082052321685 0.9851935113620472
158489319246.11172 0.0012589254117941675 0.9948846244412698 0.9933137292670992
158489319246.11172 0.001 1.0 1.0
199526231496.88828 0.0 0.0 0.0
199526231496.88828 0.7943282347242815 0.050349955647477795 0.04694775748895463
199526231496.88828 0.6309573444801932 0.10055579310921725 0.09380421795997429
199526231496.88828 0.5011872336272722 0.15058137040828157 0.14054624812690275
199526231496.88828 0.3981071705534972 0.20038185361219873 0.1871450147548933
199526231496.88828 0.31622776601683794 0.24990183617738182 0.2335646724828342
199526231496.88828 0.251188643150958 0.2990731690900409 0.2797608020104464
199526231496.88828 0.19952623149688797 0.34781252546979524 0.32567858142609407
199526231496.88828 0.15848931924611137 0.3960187720062711 0.37125069186774784
199526231496.88828 0.12589254117941676 0.44357029346317467 0.41639499102452016
199526231496.88828 0.10000000000000002 0.49032252042305935 0.46101203969200477
199526231496.88828 0.07943282347242818 0.536106044732664 0.504982643281497
199526231496.88828 0.06309573444801933 0.5807258617497724 0.5481656755389792
199526231496.88828 0.05011872336272722 0.6239624256925302 0.5903965837811741
199526231496.88828 0.039810717055349734 0.6655752914289841 0.6314871202171551
199526231496.88828 0.03162277660168379 0.7053100642552776 0.671226970162409
199526231496.88828 0.025118864315095808 0.7429090982514508 0.7093879985561584
199526231496.88828 0.0199526231496888 0.7781258098798357 0.7457317325117863
199526231496.88828 0.015848931924611134 0.8107416296558975 0.7800203583018448
199526231496.88828 0.012589254117941675 0.8405836678254341 0.8120308948015488
199526231496.88828 0.01 0.8675404338186686 0.8415713693405793
199526231496.88828 0.00794328234724282 0.8915727868124911 0.8684969657017616
199526231496.88828 0.006309573444801936 0.9127179309253339 0.8927235572864336
199526231496.88828 0.005011872336272725 0.9310856158654816 0.9142361001351886
199526231496.88828 0.003981071705534973 0.9468473415785211 0.9330901748591957
199526231496.88828 0.0031622776601683794 0.9602207265891853 0.9494063518615983
199526231496.88828 0.0025118864315095794 0.9714518567731782 0.9633585529740495
199526231496.88828 0.0019952623149688807 0.9807982875280697 0.9751586796970415
199526231496.88828 0.001584893192461114 0.9885146464511375 0.9850401584290802
199526231496.88828 0.0012589254117941675 0.9948418377039713 0.993242725199128
199526231496.88828 0.001 1.0 1.0
251188643150.95822 0.0 0.0 0.0
251188643150.95822 0.7943282347242815 0.05024290822724431 0.046829397006418416
251188643150.95822 0.6309573444801932 0.10034360586656088 0.09356905941574434
251188643150.95822 0.5011872336272722 0.15026641647938366 0.1401962425805563
251188643150.95822 0.3981071705534972 0.19996707632362165 0.1866825935002857
251188643150.95822 0.31622776601683794 0.24939087218384148 0.2329928573411184
251188643150.95822 0.251188643150958 0.2984704903810871 0.2790833364775245
251188643150.95822 0.19952623149688797 0.3471235987197936 0.3249000840528744
251188643150.95822 0.15848931924611137 0.39525023064367193 0.3703768316971662
251188643150.95822 0.12589254117941676 0.4427301131971739 0.4154326822160842
251188643150.95822 0.10000000000000002 0.48942018255120134 0.4599696482110216
251188643150.95822 0.07943282347242818 0.5351526634648296 0.5038701923181919
251188643150.95822 0.06309573444801933 0.5797342428184651 0.5469950279589912
251188643150.95822 0.05011872336272722 0.6229470155973397 0.5891815697243241
251188643150.95822 0.039810717055349734 0.6645519731563584 0.6302435672766203
251188643150.95822 0.03162277660168379 0.7042957608812983 0.6699725852171574
251188643150.95822 0.025118864315095808 0.7419211652338575 0.7081420489000343
251188643150.95822 0.0199526231496888 0.7771812323882102 0.7445144853015182
251188643150.95822 0.015848931924611134 0.8098560894332802 0.7788522667700055
251188643150.95822 0.012589254117941675 0.8397705930809758 0.8109315682149073
251188643150.95822 0.01 0.8668101772067336 0.8405584241638702
251188643150.95822 0.00794328234724282 0.8909320730212931 0.8675849106983031
251188643150.95822 0.006309573444801936 0.9121696702000762 0.8919228921948644
251188643150.95822 0.005011872336272725 0.9306291041225477 0.9135527874895202
251188643150.95822 0.003981071705534973 0.9464787873191627 0.932525575654184
251188643150.95822 0.0031622776601683794 0.959933987120727 0.948957618139131
251188643150.95822 0.0025118864315095794 0.971239246968895 0.9630193778878203
251188643150.95822 0.0019952623149688807 0.9806513417346685 0.9749202487967913
251188643150.95822 0.001584893192461114 0.9884247536701584 0.9848921375070775
251188643150.95822 0.0012589254117941675 0.9948007142820028 0.9931741520827986
251188643150.95822 0.001 1.0 1.0
316227766016.83795 0.0 0.0 0.0
316227766016.83795 0.7943282347242815 0.05014133168981638 0.046716884606562536
316227766016.83795 0.6309573444801932 0.10014224743318278 0.09334550368088057
316227766016.83795 0.5011872336272722 0.14996750904713074 0.13986347820216916
316227766016.83795 0.3981071705534972 0.19957338972533467 0.18624290708863445
316227766016.83795 0.31622776601683794 0.24890582939308636 0.23244909140215475
