src/nupyprop/models/ixc_muon_pn_bdhm_water.ecsv
# %ECSV 1.0
# ---
# datatype:
# - {name: energy, datatype: float64}
# - {name: y, datatype: float64}
# - {name: cdf_pn_bdhm, datatype: float64}
# meta: !!omap
# - {Description: Muon-nucleon cross-section CDF values for PN_BDHM in water}
# - {energy: 'Muon energy, in GeV'}
# - {y: Inelasticity; y = (E_initial-E_final)/E_initial}
# - {cdf: Cross-section CDF values for PN_BDHM in water}
# - {Note: 'The integrated cross-section CDF values should be integrated from y = 1, 10^(-0.1),...,10^(-3). This is a convention we chose
#     to adopt'}
# schema: astropy-2.0
energy y cdf_pn_bdhm
[from data line 1239]
7943.282347242822 0.001 1.0
10000.0 1.0 0.0
10000.0 0.7943282347242815 0.0049691755250315505
10000.0 0.6309573444801932 0.013394728283975334
10000.0 0.5011872336272722 0.024281312112089566
10000.0 0.3981071705534972 0.03768059673297561
10000.0 0.31622776601683794 0.05364514215527109
10000.0 0.251188643150958 0.07215379942271813
10000.0 0.19952623149688797 0.09312018257028833
10000.0 0.15848931924611137 0.11641989765943556
10000.0 0.12589254117941676 0.1419074768390927
10000.0 0.10000000000000002 0.16943148720120674
10000.0 0.07943282347242818 0.19884385570077986
10000.0 0.06309573444801933 0.23000673586605586
10000.0 0.05011872336272722 0.2627943463324716
10000.0 0.039810717055349734 0.2970933903804211
10000.0 0.03162277660168379 0.33280406643762017
10000.0 0.025118864315095808 0.3698398089407587
10000.0 0.0199526231496888 0.4081244684814357
10000.0 0.015848931924611134 0.44759385809841706
10000.0 0.012589254117941675 0.48819303857442686
10000.0 0.01 0.529875560005362
10000.0 0.00794328234724282 0.5726020462796454
10000.0 0.006309573444801936 0.6163391391916478
10000.0 0.005011872336272725 0.6610591730195569
10000.0 0.003981071705534973 0.7067386038544732
10000.0 0.0031622776601683794 0.7533573697204854
10000.0 0.0025118864315095794 0.8008981346845357
10000.0 0.0019952623149688807 0.8493457629110671
10000.0 0.001584893192461114 0.8986867850199021
10000.0 0.0012589254117941675 0.9489086563967648
10000.0 0.001 1.0
12589.254117941688 1.0 0.0
12589.254117941688 0.7943282347242815 0.005035801216857878
12589.254117941688 0.6309573444801932 0.013547569204039711
12589.254117941688 0.5011872336272722 0.02453219516777439
12589.254117941688 0.3981071705534972 0.0380401771109433
12589.254117941688 0.31622776601683794 0.054123250371413925
12589.254117941688 0.251188643150958 0.07275738449476955
12589.254117941688 0.19952623149688797 0.0938545498850486
12589.254117941688 0.15848931924611137 0.11728636524287517
12589.254117941688 0.12589254117941676 0.14290535437913024
12589.254117941688 0.10000000000000002 0.17055682587649906
12589.254117941688 0.07943282347242818 0.20009069473353988
12589.254117941688 0.06309573444801933 0.23136678073106035
12589.254117941688 0.05011872336272722 0.26425625399341696
12589.254117941688 0.039810717055349734 0.29864427490016476
12589.254117941688 0.03162277660168379 0.33442906495859426
12589.254117941688 0.025118864315095808 0.3715208020991615
12589.254117941688 0.0199526231496888 0.40984265667993997
12589.254117941688 0.015848931924611134 0.4493284574998822
12589.254117941688 0.012589254117941675 0.48992167413867016
12589.254117941688 0.01 0.531574489804811
12589.254117941688 0.00794328234724282 0.5742460797734259
12589.254117941688 0.006309573444801936 0.6179023671965195
12589.254117941688 0.005011872336272725 0.6625155323391169
12589.254117941688 0.003981071705534973 0.7080617609770635
12589.254117941688 0.0031622776601683794 0.7545209731314887
12589.254117941688 0.0025118864315095794 0.8018764956078923
12589.254117941688 0.0019952623149688807 0.8501140460388491
12589.254117941688 0.001584893192461114 0.8992210635453943
12589.254117941688 0.0012589254117941675 0.9491864973260531
12589.254117941688 0.001 1.0
15848.93192461114 1.0 0.0
15848.93192461114 0.7943282347242815 0.005101470528401056
15848.93192461114 0.6309573444801932 0.013697570270664532
15848.93192461114 0.5011872336272722 0.024778003992996896
15848.93192461114 0.3981071705534972 0.038392120045912
15848.93192461114 0.31622776601683794 0.05459077084887968
15848.93192461114 0.251188643150958 0.07334757781979549
15848.93192461114 0.19952623149688797 0.09457215744077384
15848.93192461114 0.15848931924611137 0.11813388007958898
15848.93192461114 0.12589254117941676 0.14388117272403478
15848.93192461114 0.10000000000000002 0.17165782023424778
15848.93192461114 0.07943282347242818 0.2013118176786949
15848.93192461114 0.06309573444801933 0.23269960923376706
15848.93192461114 0.05011872336272722 0.26569099316831446
15848.93192461114 0.039810717055349734 0.30016850836108616
15848.93192461114 0.03162277660168379 0.33602758128673926
15848.93192461114 0.025118864315095808 0.37317747962279
15848.93192461114 0.0199526231496888 0.4115392895991118
15848.93192461114 0.015848931924611134 0.4510449348182115
15848.93192461114 0.012589254117941675 0.49163629938012454
15848.93192461114 0.01 0.5332634873003397
15848.93192461114 0.00794328234724282 0.5758848174171762
15848.93192461114 0.006309573444801936 0.619465531910813
15848.93192461114 0.005011872336272725 0.6639764615248329
15848.93192461114 0.003981071705534973 0.7093931830352128
15848.93192461114 0.0031622776601683794 0.7556957840170888
15848.93192461114 0.0025118864315095794 0.80286769922424
15848.93192461114 0.0019952623149688807 0.8508949965374899
15848.93192461114 0.001584893192461114 0.8997661265031632
15848.93192461114 0.0012589254117941675 0.9494707757698728
15848.93192461114 0.001 1.0
19952.62314968879 1.0 0.0
19952.62314968879 0.7943282347242815 0.0051659492133715465
19952.62314968879 0.6309573444801932 0.013844176429958645
19952.62314968879 0.5011872336272722 0.025017736566718733
19952.62314968879 0.3981071705534972 0.038735059953718884
19952.62314968879 0.31622776601683794 0.05504585150853357
19952.62314968879 0.251188643150958 0.073922046884744
19952.62314968879 0.19952623149688797 0.09527061425615468
19952.62314968879 0.15848931924611137 0.11895798527286558
19952.62314968879 0.12589254117941676 0.14483041119268733
19952.62314968879 0.10000000000000002 0.17272953385519432
19952.62314968879 0.07943282347242818 0.20250060280915913
19952.62314968879 0.06309573444801933 0.23399849879922055
19952.62314968879 0.05011872336272722 0.2670902246250069
19952.62314968879 0.039810717055349734 0.3016557504972217
19952.62314968879 0.03162277660168379 0.3375891926366808
19952.62314968879 0.025118864315095808 0.37479822019934517
19952.62314968879 0.0199526231496888 0.4132016897680359
19952.62314968879 0.015848931924611134 0.4527297557122034
19952.62314968879 0.012589254117941675 0.4933224574224071
19952.62314968879 0.01 0.5349281227492965
19952.62314968879 0.00794328234724282 0.5775039424236447
19952.62314968879 0.006309573444801936 0.621013693764295
19952.62314968879 0.005011872336272725 0.6654271881815063
19952.62314968879 0.003981071705534973 0.7107190575788651
19952.62314968879 0.0031622776601683794 0.7568689537731702
19952.62314968879 0.0025118864315095794 0.8038604055594161
19952.62314968879 0.0019952623149688807 0.8516804753321692
19952.62314968879 0.001584893192461114 0.9003159652431594
19952.62314968879 0.0012589254117941675 0.9497584496040897
19952.62314968879 0.001 1.0
25118.864315095823 1.0 0.0
25118.864315095823 0.7943282347242815 0.005229012722941844
25118.864315095823 0.6309573444801932 0.013986883160846003
25118.864315095823 0.5011872336272722 0.025250514827819284
25118.864315095823 0.3981071705534972 0.039067973644433956
25118.864315095823 0.31622776601683794 0.05548746196206778
25118.864315095823 0.251188643150958 0.07447897710094736
25118.864315095823 0.19952623149688797 0.09594711038754446
25118.864315095823 0.15848931924611137 0.11975599237074833
25118.864315095823 0.12589254117941676 0.14574974415410344
25118.864315095823 0.10000000000000002 0.1737674298456748
25118.864315095823 0.07943282347242818 0.20365261520680616
25118.864315095823 0.06309573444801933 0.23525740678606405
25118.864315095823 0.05011872336272722 0.26844648675558597
25118.864315095823 0.039810717055349734 0.3030987069461242
25118.864315095823 0.03162277660168379 0.33910627550214206
25118.864315095823 0.025118864315095808 0.37637443343496074
25118.864315095823 0.0199526231496888 0.4148205439307366
25118.864315095823 0.015848931924611134 0.45437287000014853
25118.864315095823 0.012589254117941675 0.49496897834581877
25118.864315095823 0.01 0.5365565285349487
25118.864315095823 0.00794328234724282 0.5790911204754902
25118.864315095823 0.006309573444801936 0.6225347367037342
25118.864315095823 0.005011872336272725 0.6668556789304051
25118.864315095823 0.003981071705534973 0.7120280676071075
25118.864315095823 0.0031622776601683794 0.7580308000040401
25118.864315095823 0.0025118864315095794 0.8048465157242026
25118.864315095823 0.0019952623149688807 0.8524623078460004
25118.864315095823 0.001584893192461114 0.900865000067502
25118.864315095823 0.0012589254117941675 0.9500466384830687
25118.864315095823 0.001 1.0
31622.776601683792 1.0 0.0
31622.776601683792 0.7943282347242815 0.005290484254927551
31622.776601683792 0.6309573444801932 0.014125304080237003
31622.776601683792 0.5011872336272722 0.025475713638706488
31622.776601683792 0.3981071705534972 0.03938962440775091
31622.776601683792 0.31622776601683794 0.05591369632345989
31622.776601683792 0.251188643150958 0.07501604443803975
31622.776601683792 0.19952623149688797 0.0965989116885363
31622.776601683792 0.15848931924611137 0.12052467977161392
31622.776601683792 0.12589254117941676 0.14663522535666054
31622.776601683792 0.10000000000000002 0.17476747633067463
31622.776601683792 0.07943282347242818 0.20476222105395706
31622.776601683792 0.06309573444801933 0.2364698666081735
31622.776601683792 0.05011872336272722 0.26975364180790606
31622.776601683792 0.039810717055349734 0.30449029261391225
31622.776601683792 0.03162277660168379 0.34057026206445834
31622.776601683792 0.025118864315095808 0.37789658614497323
31622.776601683792 0.0199526231496888 0.41638548101043327
31622.776601683792 0.015848931924611134 0.45596242350482474
31622.776601683792 0.012589254117941675 0.49656447154897176
31622.776601683792 0.01 0.5381372821403856
31622.776601683792 0.00794328234724282 0.580634313901549
31622.776601683792 0.006309573444801936 0.6240161317189877
31622.776601683792 0.005011872336272725 0.6682499785306872
31622.776601683792 0.003981071705534973 0.7133087607261216
31622.776601683792 0.0031622776601683794 0.7591710779374279
31622.776601683792 0.0025118864315095794 0.8058173615705041
31622.776601683792 0.0019952623149688807 0.8532332637736761
31622.776601683792 0.001584893192461114 0.9014078376438233
31622.776601683792 0.0012589254117941675 0.9503323391981146
31622.776601683792 0.001 1.0
39810.71705534977 1.0 0.0
39810.71705534977 0.7943282347242815 0.005350211484640429
39810.71705534977 0.6309573444801932 0.01425912484125619
39810.71705534977 0.5011872336272722 0.025692908849753525
39810.71705534977 0.3981071705534972 0.039699228931231186
39810.71705534977 0.31622776601683794 0.05632347211674075
39810.71705534977 0.251188643150958 0.0755316843806781
39810.71705534977 0.19952623149688797 0.0972245106881098
39810.71705534977 0.15848931924611137 0.12126218869095427
39810.71705534977 0.12589254117941676 0.14748442475056997
39810.71705534977 0.10000000000000002 0.17572599992174812
39810.71705534977 0.07943282347242818 0.20582570798995528
39810.71705534977 0.06309573444801933 0.23763229480800369
39810.71705534977 0.05011872336272722 0.2710073145047937
39810.71705534977 0.039810717055349734 0.30582563846325306
39810.71705534977 0.03162277660168379 0.34197579270881356
39810.71705534977 0.025118864315095808 0.37935962406322504
39810.71705534977 0.0199526231496888 0.41789021613552585
39810.71705534977 0.015848931924611134 0.4574927609206854
39810.71705534977 0.012589254117941675 0.49810236249070855
39810.71705534977 0.01 0.5396625357073499
39810.71705534977 0.00794328234724282 0.5821253177553499
39810.71705534977 0.006309573444801936 0.6254498730600524
39810.71705534977 0.005011872336272725 0.6696020081521918
39810.71705534977 0.003981071705534973 0.714553068411691
39810.71705534977 0.0031622776601683794 0.7602793986161466
39810.71705534977 0.0025118864315095794 0.8067628194372753
39810.71705534977 0.0019952623149688807 0.8539865466307455
39810.71705534977 0.001584893192461114 0.9019395624416096
39810.71705534977 0.0012589254117941675 0.9506132534537768
39810.71705534977 0.001 1.0
50118.72336272725 1.0 0.0
50118.72336272725 0.7943282347242815 0.005408096153053777
50118.72336272725 0.6309573444801932 0.014388125399845438
50118.72336272725 0.5011872336272722 0.02590187366813983
50118.72336272725 0.3981071705534972 0.03999645433968104
50118.72336272725 0.31622776601683794 0.05671615596717418
50118.72336272725 0.251188643150958 0.07602529642470714
50118.72336272725 0.19952623149688797 0.09782293835727898
50118.72336272725 0.15848931924611137 0.12196702706117113
50118.72336272725 0.12589254117941676 0.1482955789707799
50118.72336272725 0.10000000000000002 0.1766412191514914
50118.72336272725 0.07943282347242818 0.20684115724658828
50118.72336272725 0.06309573444801933 0.23874262810055638
50118.72336272725 0.05011872336272722 0.2722047971202254
50118.72336272725 0.039810717055349734 0.30710132195386197
50118.72336272725 0.03162277660168379 0.343319138086687
50118.72336272725 0.025118864315095808 0.38075778294771834
50118.72336272725 0.0199526231496888 0.4193294280813812
50118.72336272725 0.015848931924611134 0.4589576552503185
50118.72336272725 0.012589254117941675 0.49957536972018335
50118.72336272725 0.01 0.5411247958561732
50118.72336272725 0.00794328234724282 0.5835565426798968
50118.72336272725 0.006309573444801936 0.6268282859015036
50118.72336272725 0.005011872336272725 0.6709038310927659
50118.72336272725 0.003981071705534973 0.7157531561366484
50118.72336272725 0.0031622776601683794 0.7613518843171678
50118.72336272725 0.0025118864315095794 0.807678718422147
50118.72336272725 0.0019952623149688807 0.8547180989290375
50118.72336272725 0.001584893192461114 0.9024574131830588
50118.72336272725 0.0012589254117941675 0.950887023097741
50118.72336272725 0.001 1.0
63095.73444801943 1.0 0.0
63095.73444801943 0.7943282347242815 0.005464031231604451
63095.73444801943 0.6309573444801932 0.014512144460991349
63095.73444801943 0.5011872336272722 0.026102186871444267
63095.73444801943 0.3981071705534972 0.04028071466046552
63095.73444801943 0.31622776601683794 0.05709096818767595
63095.73444801943 0.251188643150958 0.07649601251233143
63095.73444801943 0.19952623149688797 0.09839295016786553
63095.73444801943 0.15848931924611137 0.12263791266469723
63095.73444801943 0.12589254117941676 0.14906705315148813
63095.73444801943 0.10000000000000002 0.17751135097783538
63095.73444801943 0.07943282347242818 0.20780650419021682
63095.73444801943 0.06309573444801933 0.23979786381576215
63095.73444801943 0.05011872336272722 0.27334309807429696
63095.73444801943 0.039810717055349734 0.30831426800384415
63095.73444801943 0.03162277660168379 0.3445963544334199
63095.73444801943 0.025118864315095808 0.3820876544579589
63095.73444801943 0.0199526231496888 0.4206991772723387
63095.73444801943 0.015848931924611134 0.46035229290442037
63095.73444801943 0.012589254117941675 0.5009786253361671
63095.73444801943 0.01 0.5425190767848892
63095.73444801943 0.00794328234724282 0.5849225152926958
63095.73444801943 0.006309573444801936 0.6281449107883833
63095.73444801943 0.005011872336272725 0.6721489309226043
63095.73444801943 0.003981071705534973 0.7169031127145473
63095.73444801943 0.0031622776601683794 0.7623801325003947
63095.73444801943 0.0025118864315095794 0.8085590795959785
63095.73444801943 0.0019952623149688807 0.8554225859800476
63095.73444801943 0.001584893192461114 0.9029569713922445
63095.73444801943 0.0012589254117941675 0.951151949452624
63095.73444801943 0.001 1.0
79432.82347242821 1.0 0.0
79432.82347242821 0.7943282347242815 0.005517971518469478
79432.82347242821 0.6309573444801932 0.014631127772248443
79432.82347242821 0.5011872336272722 0.026293697017642583
79432.82347242821 0.3981071705534972 0.04055179840079663
79432.82347242821 0.31622776601683794 0.057447774255385255
79432.82347242821 0.251188643150958 0.07694344588554652
79432.82347242821 0.19952623149688797 0.09893411269971233
79432.82347242821 0.15848931924611137 0.1232742393566611
79432.82347242821 0.12589254117941676 0.14979824984590526
79432.82347242821 0.10000000000000002 0.17833581001144255
79432.82347242821 0.07943282347242818 0.20872091834500725
79432.82347242821 0.06309573444801933 0.24079720556546033
