src/nupyprop/models/ixc_muon_pn_ckmt_water.ecsv
# %ECSV 1.0
# ---
# datatype:
# - {name: energy, datatype: float64}
# - {name: y, datatype: float64}
# - {name: cdf_pn_ckmt, datatype: float64}
# meta: !!omap
# - {Description: Muon-nucleon cross-section CDF values for PN_CKMT in water}
# - {energy: 'Muon energy, in GeV'}
# - {y: Inelasticity; y = (E_initial-E_final)/E_initial}
# - {cdf: Cross-section CDF values for PN_CKMT in water}
# - {Note: 'The integrated cross-section CDF values should be integrated from y = 1, 10^(-0.1),...,10^(-3). This is a convention we chose
#     to adopt'}
# schema: astropy-2.0
energy y cdf_pn_ckmt
[from data line 1823]
630957.3444801943 0.0031622776601683794 0.7595572121672319
630957.3444801943 0.0025118864315095794 0.8062797389684276
630957.3444801943 0.0019952623149688807 0.8537043381305265
630957.3444801943 0.001584893192461114 0.9018095558757219
630957.3444801943 0.0012589254117941675 0.9505786833147535
630957.3444801943 0.001 1.0
794328.2347242822 1.0 0.0
794328.2347242822 0.7943282347242815 0.0055119780735096435
794328.2347242822 0.6309573444801932 0.014423408160875423
794328.2347242822 0.5011872336272722 0.02577793997275885
794328.2347242822 0.3981071705534972 0.03964073435836658
794328.2347242822 0.31622776601683794 0.05607031134289146
794328.2347242822 0.251188643150958 0.0750474337497829
794328.2347242822 0.19952623149688797 0.09648855243760095
794328.2347242822 0.15848931924611137 0.12026934885015833
794328.2347242822 0.12589254117941676 0.14624459169930548
794328.2347242822 0.10000000000000002 0.17426203758328979
794328.2347242822 0.07943282347242818 0.20417149370508822
794328.2347242822 0.06309573444801933 0.2358301261307218
794328.2347242822 0.05011872336272722 0.2691052338646686
794328.2347242822 0.039810717055349734 0.30387536578726265
794328.2347242822 0.03162277660168379 0.34003041357871555
794328.2347242822 0.025118864315095808 0.37747108123979894
794328.2347242822 0.0199526231496888 0.4161082120559776
794328.2347242822 0.015848931924611134 0.4558617423307904
794328.2347242822 0.012589254117941675 0.49665990814626476
794328.2347242822 0.01 0.5384381984502424
794328.2347242822 0.00794328234724282 0.5811386634568992
794328.2347242822 0.006309573444801936 0.6247093734061573
794328.2347242822 0.005011872336272725 0.6691037652433947
794328.2347242822 0.003981071705534973 0.7142802096479847
794328.2347242822 0.0031622776601683794 0.7602017524093672
794328.2347242822 0.0025118864315095794 0.8068358382214816
794328.2347242822 0.0019952623149688807 0.8541543129204519
794328.2347242822 0.001584893192461114 0.9021334163636374
794328.2347242822 0.0012589254117941675 0.9507535682751906
794328.2347242822 0.001 1.0
1000000.0 1.0 0.0
1000000.0 0.7943282347242815 0.00557473251945934
1000000.0 0.6309573444801932 0.014553872442620425
1000000.0 0.5011872336272722 0.025977997738000545
1000000.0 0.3981071705534972 0.03991177491458706
1000000.0 0.31622776601683794 0.05641248907364575
1000000.0 0.251188643150958 0.07545950459415912
1000000.0 0.19952623149688797 0.09696798564678862
1000000.0 0.15848931924611137 0.12081253119017707
1000000.0 0.12589254117941676 0.14684706121108884
1000000.0 0.10000000000000002 0.1749186444262362
1000000.0 0.07943282347242818 0.20487657121733446
1000000.0 0.06309573444801933 0.2365776085429419
1000000.0 0.05011872336272722 0.2698887378755005
1000000.0 0.039810717055349734 0.3046882401541601
1000000.0 0.03162277660168379 0.34086576096380633
1000000.0 0.025118864315095808 0.37832178844606246
1000000.0 0.0199526231496888 0.4169667583221481
1000000.0 0.015848931924611134 0.45672055415982044
1000000.0 0.012589254117941675 0.49751089502395646
1000000.0 0.01 0.5392728034421765
1000000.0 0.00794328234724282 0.5819478055797753
1000000.0 0.006309573444801936 0.6254833020576479
1000000.0 0.005011872336272725 0.6698319109948051
1000000.0 0.003981071705534973 0.7149510077885298
1000000.0 0.0031622776601683794 0.7608024391486212
1000000.0 0.0025118864315095794 0.8073522957290824
1000000.0 0.0019952623149688807 0.8545707459000467
1000000.0 0.001584893192461114 0.9024319927469694
1000000.0 0.0012589254117941675 0.9509142445790695
1000000.0 0.001 1.0
1258925.4117941686 1.0 0.0
1258925.4117941686 0.7943282347242815 0.005637825819016622
1258925.4117941686 0.6309573444801932 0.014684559645241487
1258925.4117941686 0.5011872336272722 0.02617786430493066
1258925.4117941686 0.3981071705534972 0.0401819263666251
1258925.4117941686 0.31622776601683794 0.05675273725888716
1258925.4117941686 0.251188643150958 0.07586830591189272
1258925.4117941686 0.19952623149688797 0.09744250627184121
1258925.4117941686 0.15848931924611137 0.12134886715586324
1258925.4117941686 0.12589254117941676 0.14744047911430963
1258925.4117941686 0.10000000000000002 0.17556376115891884
1258925.4117941686 0.07943282347242818 0.20556752358548627
1258925.4117941686 0.06309573444801933 0.23730813150673005
1258925.4117941686 0.05011872336272722 0.270652382560609
1258925.4117941686 0.039810717055349734 0.305478296154626
1258925.4117941686 0.03162277660168379 0.34167532753903007
1258925.4117941686 0.025118864315095808 0.37914377866534715
1258925.4117941686 0.0199526231496888 0.4177939837196339
1258925.4117941686 0.015848931924611134 0.4575454021491884
1258925.4117941686 0.012589254117941675 0.4983255880133586
1258925.4117941686 0.01 0.5400691953704462
1258925.4117941686 0.00794328234724282 0.5827173426055394
1258925.4117941686 0.006309573444801936 0.6262168435238046
1258925.4117941686 0.005011872336272725 0.670519667453303
1258925.4117941686 0.003981071705534973 0.7155824236424176
1258925.4117941686 0.0031622776601683794 0.7613659326177669
1258925.4117941686 0.0025118864315095794 0.8078350998621474
1258925.4117941686 0.0019952623149688807 0.85495863775073
1258925.4117941686 0.001584893192461114 0.9027091288913374
1258925.4117941686 0.0012589254117941675 0.9510628754229098
1258925.4117941686 0.001 1.0
1584893.1924611141 1.0 0.0
1584893.1924611141 0.7943282347242815 0.005701349042984848
1584893.1924611141 0.6309573444801932 0.01481570696025052
1584893.1924611141 0.5011872336272722 0.026377961866954194
1584893.1924611141 0.3981071705534972 0.040451806728222635
1584893.1924611141 0.31622776601683794 0.0570919753348642
1584893.1924611141 0.251188643150958 0.07627506123903059
1584893.1924611141 0.19952623149688797 0.0979136744221568
1584893.1924611141 0.15848931924611137 0.12188031957610188
1584893.1924611141 0.12589254117941676 0.14802720496518476
1584893.1924611141 0.10000000000000002 0.17620016560505034
1584893.1924611141 0.07943282347242818 0.20624756285855558
1584893.1924611141 0.06309573444801933 0.23802548327347145
1584893.1924611141 0.05011872336272722 0.27140034369611776
1584893.1924611141 0.039810717055349734 0.306250153808498
1584893.1924611141 0.03162277660168379 0.34246416649577804
1584893.1924611141 0.025118864315095808 0.3799425681267031
1584893.1924611141 0.0199526231496888 0.4185955929823841
1584893.1924611141 0.015848931924611134 0.4583424845930381
1584893.1924611141 0.012589254117941675 0.49911054709890396
1584893.1924611141 0.01 0.5408342048053283
1584893.1924611141 0.00794328234724282 0.5834542309503031
1584893.1924611141 0.006309573444801936 0.6269170037604462
1584893.1924611141 0.005011872336272725 0.671173911823372
1584893.1924611141 0.003981071705534973 0.7161809710263974
1584893.1924611141 0.0031622776601683794 0.7618981687564931
1584893.1924611141 0.0025118864315095794 0.8082894256107688
1584893.1924611141 0.0019952623149688807 0.8553223808620944
1584893.1924611141 0.001584893192461114 0.9029681082199337
1584893.1924611141 0.0012589254117941675 0.951201231362501
1584893.1924611141 0.001 1.0
1995262.3149688828 1.0 0.0
1995262.3149688828 0.7943282347242815 0.005765381192139035
1995262.3149688828 0.6309573444801932 0.014947518691462975
1995262.3149688828 0.5011872336272722 0.02657865290955905
1995262.3149688828 0.3981071705534972 0.04072198349324582
1995262.3149688828 0.31622776601683794 0.05743096388935466
1995262.3149688828 0.251188643150958 0.07668078868519465
1995262.3149688828 0.19952623149688797 0.09838278961492081
1995262.3149688828 0.15848931924611137 0.1224084256363381
1995262.3149688828 0.12589254117941676 0.14860908282918298
1995262.3149688828 0.10000000000000002 0.17683005342119443
1995262.3149688828 0.07943282347242818 0.20691924907267417
1995262.3149688828 0.06309573444801933 0.2387324639283945
1995262.3149688828 0.05011872336272722 0.2721359761792469
1995262.3149688828 0.039810717055349734 0.3070075384948874
1995262.3149688828 0.03162277660168379 0.34323637300396426
1995262.3149688828 0.025118864315095808 0.3807226073097694
1995262.3149688828 0.0199526231496888 0.4193763555227525
1995262.3149688828 0.015848931924611134 0.4591167461355937
1995262.3149688828 0.012589254117941675 0.4998709344271446
1995262.3149688828 0.01 0.5415731640030935
1995262.3149688828 0.00794328234724282 0.5841639020093068
1995262.3149688828 0.006309573444801936 0.627589216133115
1995262.3149688828 0.005011872336272725 0.6718000817486925
1995262.3149688828 0.003981071705534973 0.7167519869649552
1995262.3149688828 0.0031622776601683794 0.7624042261315769
1995262.3149688828 0.0025118864315095794 0.8087199669163139
1995262.3149688828 0.0019952623149688807 0.855665845545866
1995262.3149688828 0.001584893192461114 0.9032117431638047
1995262.3149688828 0.0012589254117941675 0.9513309067701754
1995262.3149688828 0.001 1.0
2511886.4315095823 1.0 0.0
2511886.4315095823 0.7943282347242815 0.005829993146499481
2511886.4315095823 0.6309573444801932 0.015080172546304933
2511886.4315095823 0.5011872336272722 0.02678025262229917
2511886.4315095823 0.3981071705534972 0.04099293767243766
2511886.4315095823 0.31622776601683794 0.05777038937650335
2511886.4315095823 0.251188643150958 0.07708639289807363
2511886.4315095823 0.19952623149688797 0.09885100245193987
2511886.4315095823 0.15848931924611137 0.12293464718434713
2511886.4315095823 0.12589254117941676 0.14918794240879835
2511886.4315095823 0.10000000000000002 0.17745555532421617
2511886.4315095823 0.07943282347242818 0.20758502450800181
2511886.4315095823 0.06309573444801933 0.23943187748237998
2511886.4315095823 0.05011872336272722 0.2728622226507324
2511886.4315095823 0.039810717055349734 0.30775371365759135
2511886.4315095823 0.03162277660168379 0.3439955260579158
2511886.4315095823 0.025118864315095808 0.3814877227167203
2511886.4315095823 0.0199526231496888 0.42014036841405544
2511886.4315095823 0.015848931924611134 0.45987252821004226
2511886.4315095823 0.012589254117941675 0.5006112645680232
2511886.4315095823 0.01 0.542290696557953
2511886.4315095823 0.00794328234724282 0.5848511065142904
2511886.4315095823 0.006309573444801936 0.6282382938024612
2511886.4315095823 0.005011872336272725 0.6724029388839837
2511886.4315095823 0.003981071705534973 0.7173000306934643
2511886.4315095823 0.0031622776601683794 0.7628884075259075
2511886.4315095823 0.0025118864315095794 0.809130576352796
2511886.4315095823 0.0019952623149688807 0.8559923293460527
2511886.4315095823 0.001584893192461114 0.9034426579614601
2511886.4315095823 0.0012589254117941675 0.9514532731975971
2511886.4315095823 0.001 1.0
3162277.6601683795 1.0 0.0
3162277.6601683795 0.7943282347242815 0.005895247259400131
3162277.6601683795 0.6309573444801932 0.015213832534756588
3162277.6601683795 0.5011872336272722 0.026983044496726564
3162277.6601683795 0.3981071705534972 0.041265096932311444
3162277.6601683795 0.31622776601683794 0.05811084723364325
3162277.6601683795 0.251188643150958 0.07749265972866833
3162277.6601683795 0.19952623149688797 0.09931931069912575
3162277.6601683795 0.15848931924611137 0.12346020012645123
3162277.6601683795 0.12589254117941676 0.14976516391201875
3162277.6601683795 0.10000000000000002 0.17807830949120435
3162277.6601683795 0.07943282347242818 0.2082467939864756
3162277.6601683795 0.06309573444801933 0.24012590033238113
3162277.6601683795 0.05011872336272722 0.2735815949062713
3162277.6601683795 0.039810717055349734 0.30849139304590867
3162277.6601683795 0.03162277660168379 0.34474457322166474
3162277.6601683795 0.025118864315095808 0.3822411100742359
3162277.6601683795 0.0199526231496888 0.42089105892635126
3162277.6601683795 0.015848931924611134 0.4606134643221863
3162277.6601683795 0.012589254117941675 0.5013353444334222
3162277.6601683795 0.01 0.5429907387404544
3162277.6601683795 0.00794328234724282 0.5855198489379262
3162277.6601683795 0.006309573444801936 0.6288682306914822
3162277.6601683795 0.005011872336272725 0.6729863349210429
3162277.6601683795 0.003981071705534973 0.7178287354990038
3162277.6601683795 0.0031622776601683794 0.763354055037009
3162277.6601683795 0.0025118864315095794 0.8095241541418291
3162277.6601683795 0.0019952623149688807 0.8563041725770159
3162277.6601683795 0.001584893192461114 0.9036622945988632
3162277.6601683795 0.0012589254117941675 0.951569548864492
3162277.6601683795 0.001 1.0
3981071.7055349774 1.0 0.0
3981071.7055349774 0.7943282347242815 0.005961205365863433
3981071.7055349774 0.6309573444801932 0.015348652629916746
3981071.7055349774 0.5011872336272722 0.02718729210769779
3981071.7055349774 0.3981071705534972 0.04153886254269097
3981071.7055349774 0.31622776601683794 0.058452899102528225
3981071.7055349774 0.251188643150958 0.07790033258804846
3981071.7055349774 0.19952623149688797 0.09978865933507959
3981071.7055349774 0.15848931924611137 0.12398625254302546
3981071.7055349774 0.12589254117941676 0.15034217640342035
3981071.7055349774 0.10000000000000002 0.17869999065146527
3981071.7055349774 0.07943282347242818 0.2089064866038621
3981071.7055349774 0.06309573444801933 0.24081672264769502
3981071.7055349774 0.05011872336272722 0.2742965495118618
3981071.7055349774 0.039810717055349734 0.3092233512864089
3981071.7055349774 0.03162277660168379 0.345486542599389
3981071.7055349774 0.025118864315095808 0.38298604230234695
3981071.7055349774 0.0199526231496888 0.4216319293869244
3981071.7055349774 0.015848931924611134 0.46134326508221213
3981071.7055349774 0.012589254117941675 0.5020468831271998
3981071.7055349774 0.01 0.5436771424237816
3981071.7055349774 0.00794328234724282 0.5861739955848382
3981071.7055349774 0.006309573444801936 0.6294829517803773
3981071.7055349774 0.005011872336272725 0.6735542090934111
3981071.7055349774 0.003981071705534973 0.7183421149503335
3981071.7055349774 0.0031622776601683794 0.7638049539891344
3981071.7055349774 0.0025118864315095794 0.8099041538057646
3981071.7055349774 0.0019952623149688807 0.8566043800258832
3981071.7055349774 0.001584893192461114 0.903873124303212
3981071.7055349774 0.0012589254117941675 0.9516806612358146
3981071.7055349774 0.001 1.0
5011872.336272725 1.0 0.0
5011872.336272725 0.7943282347242815 0.006027914825024638
5011872.336272725 0.6309573444801932 0.015484741197972326
5011872.336272725 0.5011872336272722 0.027393198662764344
5011872.336272725 0.3981071705534972 0.04181453966304302
5011872.336272725 0.31622776601683794 0.05879697531041051
5011872.336272725 0.251188643150958 0.07830997566480931
5011872.336272725 0.19952623149688797 0.1002597601733883
5011872.336272725 0.15848931924611137 0.1245136757697896
5011872.336272725 0.12589254117941676 0.15092002050218553
5011872.336272725 0.10000000000000002 0.17932181612288553
5011872.336272725 0.07943282347242818 0.20956550188273723
5011872.336272725 0.06309573444801933 0.24150593119814637
5011872.336272725 0.05011872336272722 0.2750088461647485
5011872.336272725 0.039810717055349734 0.3099515801687737
5011872.336272725 0.03162277660168379 0.34622359958689597
5011872.336272725 0.025118864315095808 0.383724847715019
5011872.336272725 0.0199526231496888 0.42236545611319987
5011872.336272725 0.015848931924611134 0.4620645350984704
5011872.336272725 0.012589254117941675 0.5027491348038342
5011872.336272725 0.01 0.5443532635757818
5011872.336272725 0.00794328234724282 0.5868170205639754
5011872.336272725 0.006309573444801936 0.6300858699131182
5011872.336272725 0.005011872336272725 0.6741099033176247
5011872.336272725 0.003981071705534973 0.7188433532292062
5011872.336272725 0.0031622776601683794 0.7642438995491638
5011872.336272725 0.0025118864315095794 0.810273080629359
5011872.336272725 0.0019952623149688807 0.8568950243826224
5011872.336272725 0.001584893192461114 0.9040766522765553
5011872.336272725 0.0012589254117941675 0.9517875810962766
5011872.336272725 0.001 1.0
6309573.444801942 1.0 0.0
6309573.444801942 0.7943282347242815 0.006095423472360207
6309573.444801942 0.6309573444801932 0.01562221708447236
6309573.444801942 0.5011872336272722 0.027600966238424313
