src/nupyprop/models/ixc_anti_neutrino_ctw.ecsv
# %ECSV 1.0
# ---
# datatype:
# - {name: energy, datatype: float64}
# - {name: y, datatype: float64}
# - {name: cc_cdf_ctw, datatype: float64}
# - {name: nc_cdf_ctw, datatype: float64}
# meta: !!omap
# - {Description: Anti_neutrino-nucleon cross-section CDF values for CTW}
# - {energy: 'Anti_neutrino energy, in GeV'}
# - {y: Inelasticity; y = (E_initial-E_final)/E_initial}
# - {cc_cdf_ctw: Charged current cross-section CDF values for CTW}
# - {nc_cdf_ctw: Neutral current cross-section CDF values for CTW}
# - {Note: 'The integrated cross-section CDF values should be integrated from y = 1, 10^(-0.1),...,10^(-3). This is a convention we chose
#     to adopt'}
# schema: astropy-2.0
energy y cc_cdf_ctw nc_cdf_ctw
[from data line 1547]
79432823.47242822 0.001584893192461114 0.9897099087451249 0.9923487103898132
79432823.47242822 0.0012589254117941675 0.995387412080282 0.9965840354996104
79432823.47242822 0.001 1.0 1.0
100000000.0 1.0 1.0 1.0
100000000.0 0.7943282347242815 0.05145180416882633 0.056106027290810934
100000000.0 0.6309573444801932 0.10273886489893735 0.11193866534394714
100000000.0 0.5011872336272722 0.15382002633619907 0.16743090768550062
100000000.0 0.3981071705534972 0.20464432466185856 0.22250049800191463
100000000.0 0.31622776601683794 0.25514891672420736 0.277047104933441
100000000.0 0.251188643150958 0.30525671984984126 0.33094932692148094
100000000.0 0.19952623149688797 0.3548738088552259 0.3840617286629435
100000000.0 0.15848931924611137 0.40388667807391754 0.4362122399406444
100000000.0 0.12589254117941676 0.4521595665653877 0.48720040864948877
100000000.0 0.10000000000000002 0.499532166829994 0.5367971754494172
100000000.0 0.07943282347242818 0.5458181872741781 0.5847469872543796
100000000.0 0.06309573444801933 0.5908053981496961 0.6307731206669838
100000000.0 0.05011872336272722 0.6342579193895528 0.6745869484219574
100000000.0 0.039810717055349734 0.6759215390201465 0.7159014545518683
100000000.0 0.03162277660168379 0.7155326930426018 0.7544485417404827
100000000.0 0.025118864315095808 0.7528313062642873 0.7899986546820061
100000000.0 0.0199526231496888 0.7875769587087551 0.8223802167546961
100000000.0 0.015848931924611134 0.8195668949862673 0.8514957349987573
100000000.0 0.012589254117941675 0.8486534847022351 0.8773315497488112
100000000.0 0.01 0.8747582361494997 0.8999592351983569
100000000.0 0.00794328234724282 0.8978796913453093 0.9195283549877479
100000000.0 0.006309573444801936 0.9180935755927152 0.9362520778522181
100000000.0 0.005011872336272725 0.9355451699481041 0.9503884453085167
100000000.0 0.003981071705534973 0.9504354812063189 0.9622204942260155
100000000.0 0.0031622776601683794 0.9630038566115368 0.9720380026931751
100000000.0 0.0025118864315095794 0.973509947257264 0.980122677069211
100000000.0 0.0019952623149688807 0.9822174405088387 0.986737540741178
100000000.0 0.001584893192461114 0.9893810805747334 0.992120425049173
100000000.0 0.0012589254117941675 0.9952375450570813 0.9964809297571895
100000000.0 0.001 1.0 1.0
125892541.17941713 1.0 1.0 1.0
125892541.17941713 0.7943282347242815 0.051011446987094256 0.055619864244154105
125892541.17941713 0.6309573444801932 0.10186661233996486 0.110979424048823
125892541.17941713 0.5011872336272722 0.1525263929084153 0.1660147384938233
125892541.17941713 0.3981071705534972 0.2029423320316358 0.22064723547955334
125892541.17941713 0.31622776601683794 0.2530546244079843 0.27478095676356273
125892541.17941713 0.251188643150958 0.3027898310031134 0.328299609687417
125892541.17941713 0.19952623149688797 0.35205834047886186 0.3810636059882767
125892541.17941713 0.15848931924611137 0.4007516700073168 0.432907389839571
125892541.17941713 0.12589254117941676 0.448739781968437 0.48363751187773807
125892541.17941713 0.10000000000000002 0.49586870794761106 0.5330320795096322
125892541.17941713 0.07943282347242818 0.5419589155150046 0.5808423709720469
125892541.17941713 0.06309573444801933 0.5868050117953065 0.6267974774770639
125892541.17941713 0.05011872336272722 0.6301775156942496 0.6706127427314108
125892541.17941713 0.039810717055349734 0.6718274861073366 0.7120024029084375
125892541.17941713 0.03162277660168379 0.711494680695893 0.7506961334048264
125892541.17941713 0.025118864315095808 0.7489195500518431 0.7864582313215698
125892541.17941713 0.0199526231496888 0.7838586999599712 0.8191071212070773
125892541.17941713 0.015848931924611134 0.8161025423318726 0.8485321362581045
125892541.17941713 0.012589254117941675 0.8454929207107349 0.8747044915429378
125892541.17941713 0.01 0.8719378876946956 0.8976802304285153
125892541.17941713 0.00794328234724282 0.8954208774062455 0.9175945230563461
125892541.17941713 0.006309573444801936 0.9160024033866007 0.9346485092950869
125892541.17941713 0.005011872336272725 0.9338139233658531 0.9490912816397145
125892541.17941713 0.003981071705534973 0.9490451483197051 0.961200175187551
125892541.17941713 0.0031622776601683794 0.9619272717544617 0.9712622336504564
125892541.17941713 0.0025118864315095794 0.9727150116783849 0.9795588400066473
125892541.17941713 0.0019952623149688807 0.9816700011608888 0.9863544451688283
125892541.17941713 0.001584893192461114 0.9890472209823749 0.9918894265493186
125892541.17941713 0.0012589254117941675 0.9950852102123058 0.9963765200103205
125892541.17941713 0.001 1.0 1.0
158489319.2461111 1.0 1.0 1.0
158489319.2461111 0.7943282347242815 0.05058546899925498 0.05515040298432072
158489319.2461111 0.6309573444801932 0.10102256368874296 0.11005273588792175
158489319.2461111 0.5011872336272722 0.15127410452386592 0.16464593560465735
158489319.2461111 0.3981071705534972 0.20129398739485627 0.2188548950606911
158489319.2461111 0.31622776601683794 0.25102526225088717 0.2725877787370752
158489319.2461111 0.251188643150958 0.30039792192675396 0.3257331250653339
158489319.2461111 0.19952623149688797 0.3493264291978958 0.37815689676481645
158489319.2461111 0.15848931924611137 0.39770706146328905 0.4296997547247905
158489319.2461111 0.12589254117941676 0.44541522974943204 0.48017497903129536
158489319.2461111 0.10000000000000002 0.4923030365801283 0.5293676312041893
158489319.2461111 0.07943282347242818 0.5381974751429011 0.5770357140367602
158489319.2461111 0.06309573444801933 0.5828998285203312 0.6229141815405999
158489319.2461111 0.05011872336272722 0.6261869722103648 0.6667225947078583
158489319.2461111 0.039810717055349734 0.6678153598069259 0.7081769095079014
158489319.2461111 0.03162277660168379 0.7075283991766003 0.7470052513173214
158489319.2461111 0.025118864315095808 0.7450676145116454 0.7829666000590476
158489319.2461111 0.0199526231496888 0.7801873803815941 0.8158702663775742
158489319.2461111 0.015848931924611134 0.8126721437902495 0.8455932269477727
158489319.2461111 0.012589254117941675 0.8423541042012206 0.8720922067375895
158489319.2461111 0.01 0.8691286269191351 0.8954080960627181
158489319.2461111 0.00794328234724282 0.8929645819383293 0.9156617746787074
158489319.2461111 0.006309573444801936 0.913907527406576 0.9330422206320222
158489319.2461111 0.005011872336272725 0.9320750673989152 0.9477892830567461
158489319.2461111 0.003981071705534973 0.9476453569065935 0.9601742237909501
158489319.2461111 0.0031622776601683794 0.9608410343536031 0.9704809754018329
158489319.2461111 0.0025118864315095794 0.9719114337637647 0.978990263664531
158489319.2461111 0.0019952623149688807 0.9811157063657902 0.9859676997825616
158489319.2461111 0.001584893192461114 0.9887087100956166 0.9916560110550423
158489319.2461111 0.0012589254117941675 0.9949305721647727 0.99627093698591
158489319.2461111 0.001 1.0 1.0
199526231.49688828 1.0 1.0 1.0
199526231.49688828 0.7943282347242815 0.050173572722641335 0.05469727438629435
199526231.49688828 0.6309573444801932 0.10020616149555761 0.1091579196435698
199526231.49688828 0.5011872336272722 0.15006238939828265 0.16332357402852538
199526231.49688828 0.3981071705534972 0.19969835963111926 0.21712238874276024
199526231.49688828 0.31622776601683794 0.24905980530947092 0.2704664136756303
199526231.49688828 0.251188643150958 0.2980799507227999 0.32324875333718717
199526231.49688828 0.19952623149688797 0.3466771046033401 0.37534063642804893
199526231.49688828 0.15848931924611137 0.3947520527015692 0.42658865009780234
199526231.49688828 0.12589254117941676 0.4421853882997274 0.4768125312573258
199526231.49688828 0.10000000000000002 0.48883502030710646 0.5258040739212526
199526231.49688828 0.07943282347242818 0.5345342300984256 0.5733278771173445
199526231.49688828 0.06309573444801933 0.5790908014179161 0.619124769935254
199526231.49688828 0.05011872336272722 0.6222878965247347 0.662918727287447
199526231.49688828 0.039810717055349734 0.6638874459658811 0.7044278332408177
199526231.49688828 0.03162277660168379 0.7036367824036409 0.7433792793374515
199526231.49688828 0.025118864315095808 0.74127899066566 0.779527506616441
199526231.49688828 0.0199526231496888 0.7765668988810939 0.8126735642428631
199526231.49688828 0.015848931924611134 0.8092798127027365 0.8426828838111812
199526231.49688828 0.012589254117941675 0.8392411495497138 0.8694983566313857
199526231.49688828 0.01 0.8663343653797753 0.8931461398715088
199526231.49688828 0.00794328234724282 0.890514346566734 0.9137329782728458
199526231.49688828 0.006309573444801936 0.9118120069027131 0.931435606292864
199526231.49688828 0.005011872336272725 0.9303311262786319 0.9464843772247106
199526231.49688828 0.003981071705534973 0.9462380966760687 0.9591441368787902
199526231.49688828 0.0031622776601683794 0.9597466391463058 0.9696953456573676
199526231.49688828 0.0025118864315095794 0.9711002756667089 0.978417743680468
199526231.49688828 0.0019952623149688807 0.9805552566915353 0.9855778335917602
199526231.49688828 0.001584893192461114 0.988365956326307 0.9914204908743858
199526231.49688828 0.0012589254117941675 0.9947738091212239 0.9961643190874072
199526231.49688828 0.001 1.0 1.0
251188643.1509582 1.0 1.0 1.0
251188643.1509582 0.7943282347242815 0.04977546374914943 0.054260111692241875
251188643.1509582 0.6309573444801932 0.09941685187854732 0.10829429495857246
251188643.1509582 0.5011872336272722 0.14889047674052347 0.16204672363893247
251188643.1509582 0.3981071705534972 0.19815451245133653 0.21544861230832157
251188643.1509582 0.31622776601683794 0.24715721320644757 0.26841567154872803
251188643.1509582 0.251188643150958 0.29583484523750714 0.3208453194904326
251188643.1509582 0.19952623149688797 0.34410934635412704 0.3726137770253236
251188643.1509582 0.15848931924611137 0.39188576950987497 0.42357327508128795
251188643.1509582 0.12589254117941676 0.4390496325858768 0.47354973699842406
251188643.1509582 0.10000000000000002 0.48546439102543515 0.5223414612075561
251188643.1509582 0.07943282347242818 0.5309693750251467 0.5697194965879313
251188643.1509582 0.06309573444801933 0.575378682203102 0.6154305278923653
251188643.1509582 0.05011872336272722 0.6184816680430965 0.65920309526422
251188643.1509582 0.039810717055349734 0.6600457849440613 0.7007577633966383
251188643.1509582 0.03162277660168379 0.6998225149555012 0.7398213468665911
251188643.1509582 0.025118864315095808 0.7375569324660958 0.776144473140264
251188643.1509582 0.0199526231496888 0.7730009460390866 0.8095207461653432
251188643.1509582 0.015848931924611134 0.8059294966967882 0.8398048522491246
251188643.1509582 0.012589254117941675 0.8361580565424627 0.8669265202780033
251188643.1509582 0.01 0.8635589526968053 0.8908976306693555
251188643.1509582 0.00794328234724282 0.8880736982886458 0.9118109971300443
251188643.1509582 0.006309573444801936 0.909718923348749 0.9298310786388803
251188643.1509582 0.005011872336272725 0.9285846704305334 0.9451785226852061
251188643.1509582 0.003981071705534973 0.9448254148515938 0.9581114468723013
251188643.1509582 0.0031622776601683794 0.9586456391738218 0.9689064964720144
251188643.1509582 0.0025118864315095794 0.9702826510878165 0.977842105048488
251188643.1509582 0.0019952623149688807 0.9799893929321947 0.9851853979814922
251188643.1509582 0.001584893192461114 0.9880193948864548 0.9911831929840114
251188643.1509582 0.0012589254117941675 0.9946151123146726 0.9960568117716331
251188643.1509582 0.001 1.0 1.0
316227766.01683795 1.0 1.0 1.0
316227766.01683795 0.7943282347242815 0.049390850380676476 0.05383855030062212
316227766.01683795 0.6309573444801932 0.098654083970795 0.10746118217182099
316227766.01683795 0.5011872336272722 0.14775759621221873 0.16081444933504818
316227766.01683795 0.3981071705534972 0.19666150409164207 0.21383244610505814
316227766.01683795 0.31622776601683794 0.24531643029217587 0.26643433114735404
316227766.01683795 0.251188643150958 0.2936615039184204 0.3185215960112713
316227766.01683795 0.19952623149688797 0.34162208592503285 0.36997519125336753
316227766.01683795 0.15848931924611137 0.3891072659651099 0.42065271766043333
316227766.01683795 0.12589254117941676 0.43600723792045126 0.4703860181631403
316227766.01683795 0.10000000000000002 0.4821907495374712 0.5189796633018167
316227766.01683795 0.07943282347242818 0.5275029402332196 0.566210990546724
316227766.01683795 0.06309573444801933 0.5717640258215988 0.6118324931632605
316227766.01683795 0.05011872336272722 0.6147694412386535 0.6555773867530559
316227766.01683795 0.039810717055349734 0.6562921723190498 0.6971690171013762
316227766.01683795 0.03162277660168379 0.6960880290683915 0.7363343215575029
316227766.01683795 0.025118864315095808 0.7339044492258249 0.7728207861434194
316227766.01683795 0.0199526231496888 0.7694929917049931 0.8064153467833696
316227766.01683795 0.015848931924611134 0.8026249609633412 0.8369627275072643
316227766.01683795 0.012589254117941675 0.8331086906156022 0.864380174645481
316227766.01683795 0.01 0.8608061555412361 0.8886657790696619
316227766.01683795 0.00794328234724282 0.8856461290825691 0.9098986720323863
316227766.01683795 0.006309573444801936 0.9076313622210292 0.9282310532040925
316227766.01683795 0.005011872336272725 0.9268383013839079 0.9438736969909878
316227766.01683795 0.003981071705534973 0.9434094045377378 0.9570777126958526
316227766.01683795 0.0031622776601683794 0.9575396374219469 0.9681156076344783
316227766.01683795 0.0025118864315095794 0.9694597196985686 0.977264197556131
316227766.01683795 0.0019952623149688807 0.9794188927080469 0.9847909637804568
316227766.01683795 0.001584893192461114 0.98766948597857 0.9909444573577425
316227766.01683795 0.0012589254117941675 0.9944546852901396 0.995948566832873
316227766.01683795 0.001 1.0 1.0
398107170.55349857 1.0 1.0 1.0
398107170.55349857 0.7943282347242815 0.04901944328331087 0.05343222757581778
398107170.55349857 0.6309573444801932 0.09791730939341459 0.10665790217922833
398107170.55349857 0.5011872336272722 0.14666297740859235 0.15962581121960007
398107170.55349857 0.3981071705534972 0.19521838701196492 0.2122727558188955
398107170.55349857 0.31622776601683794 0.24353638578459746 0.264521141722759
398107170.55349857 0.251188643150958 0.2915587966183154 0.31627630561937603
398107170.55349857 0.19952623149688797 0.3392142082721935 0.3674236764329616
398107170.55349857 0.15848931924611137 0.3864155270969013 0.41782595989602345
398107170.55349857 0.12589254117941676 0.433057383650023 0.4673206563639244
398107170.55349857 0.10000000000000002 0.47901357012062573 0.5157183739121124
398107170.55349857 0.07943282347242818 0.5241347967776628 0.5628025653459772
398107170.55349857 0.06309573444801933 0.56824719538907 0.6083314612448443
398107170.55349857 0.05011872336272722 0.6111521495283365 0.6520430259031393
398107170.55349857 0.039810717055349734 0.6526281605719016 0.6936636383742939
398107170.55349857 0.03162277660168379 0.692435502969775 0.7329208039063432
398107170.55349857 0.025118864315095808 0.7303242996608734 0.769559486414354
398107170.55349857 0.0199526231496888 0.7660462743203822 0.8033606897386028
398107170.55349857 0.015848931924611134 0.7993697731597211 0.8341599373749784
398107170.55349857 0.012589254117941675 0.8300967643989191 0.8618626758358486
398107170.55349857 0.01 0.8580796374480522 0.8864537188188121
398107170.55349857 0.00794328234724282 0.8832350758133969 0.9079988040240188
398107170.55349857 0.006309573444801936 0.9055523946022277 0.9266379337747844
398107170.55349857 0.005011872336272725 0.9250946361710227 0.9425718844886892
398107170.55349857 0.003981071705534973 0.941992192404504 0.95604451027135
398107170.55349857 0.0031622776601683794 0.9564302777539899 0.9673238796316851
398107170.55349857 0.0025118864315095794 0.9686326809383947 0.976684890856285
398107170.55349857 0.0019952623149688807 0.978844566581805 0.984395118050712
398107170.55349857 0.001584893192461114 0.9873167126689769 0.9907046351135249
