src/nupyprop/models/ixc_neutrino_bsm.ecsv
# %ECSV 1.0
# ---
# datatype:
# - {name: energy, datatype: float64}
# - {name: y, datatype: float64}
# - {name: cc_cdf_bsm, datatype: float64}
# - {name: nc_cdf_bsm, datatype: float64}
# meta: !!omap
# - {Description: Neutrino-nucleon cross-section CDF values for BSM}
# - {energy: 'Neutrino energy, in GeV'}
# - {y: Inelasticity; y = (E_initial-E_final)/E_initial}
# - {cdf_bsm: Cross-section CDF values for bsm}
# - {nc_cdf_bsm: Cross-section NC CDF values for bsm}
# - {Note: 'The integrated cross-section CDF values should be integrated from y = 1, 10^(-0.1),...,10^(-3). This is a convention we chose
#     to adopt'}
# schema: astropy-2.0
energy y cc_cdf_bsm nc_cdf_bsm
[from data line 720]
199526.2314968883 0.19952623149688797 0.7147889054615593 0.0
199526.2314968883 0.15848931924611137 0.7718738976678599 0.0
199526.2314968883 0.12589254117941676 0.8179557722740376 0.0
199526.2314968883 0.10000000000000002 0.8550025099061045 0.0
199526.2314968883 0.07943282347242818 0.8846983601265155 0.0
199526.2314968883 0.06309573444801933 0.9084509978056471 0.0
199526.2314968883 0.05011872336272722 0.9274196673410017 0.0
199526.2314968883 0.039810717055349734 0.9425497352446981 0.0
199526.2314968883 0.03162277660168379 0.9546069691591392 0.0
199526.2314968883 0.025118864315095808 0.9642086896601924 0.0
199526.2314968883 0.0199526231496888 0.9718508114994682 0.0
199526.2314968883 0.015848931924611134 0.9779306884175849 0.0
199526.2314968883 0.012589254117941675 0.9827660809708667 0.0
199526.2314968883 0.01 0.9866107224288279 0.0
199526.2314968883 0.00794328234724282 0.9896669889094253 0.0
199526.2314968883 0.006309573444801936 0.9920961519800662 0.0
199526.2314968883 0.005011872336272725 0.994026639207951 0.0
199526.2314968883 0.003981071705534973 0.9955606682342703 0.0
199526.2314968883 0.0031622776601683794 0.9967795615998077 0.0
199526.2314968883 0.0025118864315095794 0.9977479967069511 0.0
199526.2314968883 0.0019952623149688807 0.9985173993728188 0.0
199526.2314968883 0.001584893192461114 0.9991286505183197 0.0
199526.2314968883 0.0012589254117941675 0.9996142431343438 0.0
199526.2314968883 0.001 1.0 0.0
251188.6431509582 1.0 0.0 0.0
251188.6431509582 0.7943282347242815 0.07159850800423972 0.0
251188.6431509582 0.6309573444801932 0.208417066810622 0.0
251188.6431509582 0.5011872336272722 0.3451633197668472 0.0
251188.6431509582 0.3981071705534972 0.4662114349679686 0.0
251188.6431509582 0.31622776601683794 0.5685412583330702 0.0
251188.6431509582 0.251188643150958 0.653115626667222 0.0
251188.6431509582 0.19952623149688797 0.7221293347236948 0.0
251188.6431509582 0.15848931924611137 0.7780031603786783 0.0
251188.6431509582 0.12589254117941676 0.8230050881222364 0.0
251188.6431509582 0.10000000000000002 0.8591217477179061 0.0
251188.6431509582 0.07943282347242818 0.888034278497862 0.0
251188.6431509582 0.06309573444801933 0.9111371244669706 0.0
251188.6431509582 0.05011872336272722 0.9295725014828243 0.0
251188.6431509582 0.039810717055349734 0.9442682696338727 0.0
251188.6431509582 0.03162277660168379 0.9559738448497996 0.0
251188.6431509582 0.025118864315095808 0.9652920481319578 0.0
251188.6431509582 0.0199526231496888 0.9727063394347192 0.0
251188.6431509582 0.015848931924611134 0.9786035957714861 0.0
251188.6431509582 0.012589254117941675 0.9832928914860701 0.0
251188.6431509582 0.01 0.9870208322717353 0.0
251188.6431509582 0.00794328234724282 0.9899839898076963 0.0
251188.6431509582 0.006309573444801936 0.9923389354145922 0.0
251188.6431509582 0.005011872336272725 0.994210306818839 0.0
251188.6431509582 0.003981071705534973 0.9956972758810755 0.0
251188.6431509582 0.0031622776601683794 0.9968787235153932 0.0
251188.6431509582 0.0025118864315095794 0.997817373645502 0.0
251188.6431509582 0.0019952623149688807 0.9985630915508233 0.0
251188.6431509582 0.001584893192461114 0.9991555130065566 0.0
251188.6431509582 0.0012589254117941675 0.9996261384407399 0.0
251188.6431509582 0.001 1.0 0.0
316227.7660168379 1.0 0.0 0.0
316227.7660168379 0.7943282347242815 0.0756069556809984 0.0
316227.7660168379 0.6309573444801932 0.21734716047365132 0.0
316227.7660168379 0.5011872336272722 0.35579754433185506 0.0
316227.7660168379 0.3981071705534972 0.47673863194371213 0.0
316227.7660168379 0.31622776601683794 0.5781293350472126 0.0
316227.7660168379 0.251188643150958 0.6614610656543702 0.0
316227.7660168379 0.19952623149688797 0.7291955474282117 0.0
316227.7660168379 0.15848931924611137 0.7838791249251422 0.0
316227.7660168379 0.12589254117941676 0.8278306371178139 0.0
316227.7660168379 0.10000000000000002 0.8630490460257754 0.0
316227.7660168379 0.07943282347242818 0.8912089068347339 0.0
316227.7660168379 0.06309573444801933 0.9136897292670991 0.0
316227.7660168379 0.05011872336272722 0.9316160449687256 0.0
316227.7660168379 0.039810717055349734 0.9458981389958124 0.0
316227.7660168379 0.03162277660168379 0.9572693112982541 0.0
316227.7660168379 0.025118864315095808 0.9663182557014551 0.0
316227.7660168379 0.0199526231496888 0.9735163908469101 0.0
316227.7660168379 0.015848931924611134 0.9792405200824701 0.0
316227.7660168379 0.012589254117941675 0.9837913989471602 0.0
316227.7660168379 0.01 0.987408827282577 0.0
316227.7660168379 0.00794328234724282 0.9902838467718121 0.0
316227.7660168379 0.006309573444801936 0.9925685584189826 0.0
316227.7660168379 0.005011872336272725 0.9943840002860579 0.0
316227.7660168379 0.003981071705534973 0.9958264542740296 0.0
316227.7660168379 0.0031622776601683794 0.9969724864472705 0.0
316227.7660168379 0.0025118864315095794 0.9978829698495443 0.0
316227.7660168379 0.0019952623149688807 0.9986062919164512 0.0
316227.7660168379 0.001584893192461114 0.9991809097188836 0.0
316227.7660168379 0.0012589254117941675 0.9996373843749771 0.0
316227.7660168379 0.001 1.0 0.0
398107.1705534969 1.0 0.0 0.0
398107.1705534969 0.7943282347242815 0.07969462601531596 0.0
398107.1705534969 0.6309573444801932 0.2262723751628246 0.0
398107.1705534969 0.5011872336272722 0.3661950881127498 0.0
398107.1705534969 0.3981071705534972 0.48688171155799076 0.0
398107.1705534969 0.31622776601683794 0.5872754997146459 0.0
398107.1705534969 0.251188643150958 0.6693656990191119 0.0
398107.1705534969 0.19952623149688797 0.7358541742746596 0.0
398107.1705534969 0.15848931924611137 0.7893950608624682 0.0
398107.1705534969 0.12589254117941676 0.8323475046821491 0.0
398107.1705534969 0.10000000000000002 0.866717066702066 0.0
398107.1705534969 0.07943282347242818 0.8941689475924761 0.0
398107.1705534969 0.06309573444801933 0.9160666812118996 0.0
398107.1705534969 0.05011872336272722 0.9335170281530156 0.0
398107.1705534969 0.039810717055349734 0.9474130988346131 0.0
398107.1705534969 0.03162277660168379 0.9584726916524816 0.0
398107.1705534969 0.025118864315095808 0.967271048130003 0.0
398107.1705534969 0.0199526231496888 0.9742681993413687 0.0
398107.1705534969 0.015848931924611134 0.9798314683651045 0.0
398107.1705534969 0.012589254117941675 0.984253809960881 0.0
398107.1705534969 0.01 0.9877686590021806 0.0
398107.1705534969 0.00794328234724282 0.9905618959070298 0.0
398107.1705534969 0.006309573444801936 0.9927814559309358 0.0
398107.1705534969 0.005011872336272725 0.9945450267570743 0.0
398107.1705534969 0.003981071705534973 0.9959462029807041 0.0
398107.1705534969 0.0031622776601683794 0.9970593997154497 0.0
398107.1705534969 0.0025118864315095794 0.9979437711594188 0.0
398107.1705534969 0.0019952623149688807 0.9986463329463854 0.0
398107.1705534969 0.001584893192461114 0.999204448408902 0.0
398107.1705534969 0.0012589254117941675 0.9996478073089471 0.0
398107.1705534969 0.001 1.0 0.0
501187.2336272725 1.0 0.0 0.0
501187.2336272725 0.7943282347242815 0.08375944037340743 0.0
501187.2336272725 0.6309573444801932 0.23498007170175905 0.0
501187.2336272725 0.5011872336272722 0.37612895300419347 0.0
501187.2336272725 0.3981071705534972 0.4964407575850973 0.0
501187.2336272725 0.31622776601683794 0.5958158806063626 0.0
501187.2336272725 0.251188643150958 0.6766991979219853 0.0
501187.2336272725 0.19952623149688797 0.7420028942789552 0.0
501187.2336272725 0.15848931924611137 0.794471037159202 0.0
501187.2336272725 0.12589254117941676 0.8364933289755114 0.0
501187.2336272725 0.10000000000000002 0.8700771335476456 0.0
501187.2336272725 0.07943282347242818 0.8968763649212347 0.0
501187.2336272725 0.06309573444801933 0.9182382233382824 0.0
501187.2336272725 0.05011872336272722 0.9352521481743974 0.0
501187.2336272725 0.039810717055349734 0.9487948898653097 0.0
501187.2336272725 0.03162277660168379 0.9595696775360847 0.0
501187.2336272725 0.025118864315095808 0.9681392190302052 0.0
501187.2336272725 0.0199526231496888 0.9749529989207797 0.0
501187.2336272725 0.015848931924611134 0.9803695978621476 0.0
501187.2336272725 0.012589254117941675 0.9846747996789831 0.0
501187.2336272725 0.01 0.9880962020512529 0.0
501187.2336272725 0.00794328234724282 0.9908149606229039 0.0
501187.2336272725 0.006309573444801936 0.992975202476508 0.0
501187.2336272725 0.005011872336272725 0.9946915557826401 0.0
501187.2336272725 0.003981071705534973 0.9960551631770029 0.0
501187.2336272725 0.0031622776601683794 0.9971384784751044 0.0
501187.2336272725 0.0025118864315095794 0.9979990893838186 0.0
501187.2336272725 0.0019952623149688807 0.9986827618310482 0.0
501187.2336272725 0.001584893192461114 0.9992258630739529 0.0
501187.2336272725 0.0012589254117941675 0.9996572895227261 0.0
501187.2336272725 0.001 1.0 0.0
630957.3444801943 1.0 0.0 0.0
630957.3444801943 0.7943282347242815 0.08770089919784985 0.0
630957.3444801943 0.6309573444801932 0.24327602621335287 0.0
630957.3444801943 0.5011872336272722 0.38541035139542335 0.0
630957.3444801943 0.3981071705534972 0.5052611844922019 0.0
630957.3444801943 0.31622776601683794 0.6036310974068364 0.0
630957.3444801943 0.251188643150958 0.6833712914368748 0.0
630957.3444801943 0.19952623149688797 0.7475738401644743 0.0
630957.3444801943 0.15848931924611137 0.7990559748106723 0.0
630957.3444801943 0.12589254117941676 0.8402295076331883 0.0
630957.3444801943 0.10000000000000002 0.8730999195052296 0.0
630957.3444801943 0.07943282347242818 0.8993087581570365 0.0
630957.3444801943 0.06309573444801933 0.9201871604117602 0.0
630957.3444801943 0.05011872336272722 0.9368081494124124 0.0
630957.3444801943 0.039810717055349734 0.9500332588505671 0.0
630957.3444801943 0.03162277660168379 0.960552318693492 0.0
630957.3444801943 0.025118864315095808 0.9689165949453683 0.0
630957.3444801943 0.0199526231496888 0.9755659939392682 0.0
630957.3444801943 0.015848931924611134 0.9808511859937986 0.0
630957.3444801943 0.012589254117941675 0.9850514843089391 0.0
630957.3444801943 0.01 0.9883892302939699 0.0
630957.3444801943 0.00794328234724282 0.9910413317192447 0.0
630957.3444801943 0.006309573444801936 0.9931484960156444 0.0
630957.3444801943 0.005011872336272725 0.9948226065548618 0.0
630957.3444801943 0.003981071705534973 0.9961526078362711 0.0
630957.3444801943 0.0031622776601683794 0.9972091964114352 0.0
630957.3444801943 0.0025118864315095794 0.9980485570870288 0.0
630957.3444801943 0.0019952623149688807 0.9987153369882177 0.0
630957.3444801943 0.001584893192461114 0.9992450118806372 0.0
630957.3444801943 0.0012589254117941675 0.9996657682772211 0.0
630957.3444801943 0.001 1.0 0.0
794328.2347242822 1.0 0.0 0.0
794328.2347242822 0.7943282347242815 0.09142975724339042 0.0
794328.2347242822 0.6309573444801932 0.2510005819092608 0.0
794328.2347242822 0.5011872336272722 0.3939005229200946 0.0
794328.2347242822 0.3981071705534972 0.5132402584969393 0.0
794328.2347242822 0.31622776601683794 0.6106490834783088 0.0
794328.2347242822 0.251188643150958 0.6893324011505673 0.0
794328.2347242822 0.19952623149688797 0.7525330710037572 0.0
794328.2347242822 0.15848931924611137 0.8031265810822392 0.0
794328.2347242822 0.12589254117941676 0.8435399493764603 0.0
794328.2347242822 0.10000000000000002 0.8757742065816598 0.0
794328.2347242822 0.07943282347242818 0.9014582237697412 0.0
794328.2347242822 0.06309573444801933 0.9219078612101222 0.0
794328.2347242822 0.05011872336272722 0.9381809741190743 0.0
794328.2347242822 0.039810717055349734 0.9511252500404094 0.0
794328.2347242822 0.03162277660168379 0.9614184406137907 0.0
794328.2347242822 0.025118864315095808 0.9696015621681751 0.0
794328.2347242822 0.0199526231496888 0.9761059782705571 0.0
794328.2347242822 0.015848931924611134 0.9812753264014342 0.0
794328.2347242822 0.012589254117941675 0.9853831804318797 0.0
794328.2347242822 0.01 0.9886472278050422 0.0
794328.2347242822 0.00794328234724282 0.9912406202528858 0.0
794328.2347242822 0.006309573444801936 0.9933010446406676 0.0
794328.2347242822 0.005011872336272725 0.9949379618252366 0.0
794328.2347242822 0.003981071705534973 0.9962383774865725 0.0
794328.2347242822 0.0031622776601683794 0.9972714389818269 0.0
794328.2347242822 0.0025118864315095794 0.9980920948063918 0.0
794328.2347242822 0.0019952623149688807 0.9987440064360542 0.0
794328.2347242822 0.001584893192461114 0.9992618644334323 0.0
794328.2347242822 0.0012589254117941675 0.9996732301705069 0.0
794328.2347242822 0.001 1.0 0.0
1000000.0 1.0 0.0 0.0
1000000.0 0.7943282347242815 0.0948755961259472 0.0
1000000.0 0.6309573444801932 0.2580390718122323 0.0
1000000.0 0.5011872336272722 0.40151532107950505 0.0
1000000.0 0.3981071705534972 0.5203271107464025 0.0
1000000.0 0.31622776601683794 0.6168426693772185 0.0
1000000.0 0.251188643150958 0.6945702299464737 0.0
1000000.0 0.19952623149688797 0.7568769656827014 0.0
1000000.0 0.15848931924611137 0.8066839476255915 0.0
1000000.0 0.12589254117941676 0.8464280498714098 0.0
1000000.0 0.10000000000000002 0.8781042906326945 0.0
1000000.0 0.07943282347242818 0.9033291784805868 0.0
1000000.0 0.06309573444801933 0.9234044610069169 0.0
1000000.0 0.05011872336272722 0.9393742949760384 0.0
1000000.0 0.039810717055349734 0.9520740175573887 0.0
1000000.0 0.03162277660168379 0.9621706900770609 0.0
1000000.0 0.025118864315095808 0.9701963042393266 0.0
1000000.0 0.0199526231496888 0.9765747294746313 0.0
1000000.0 0.015848931924611134 0.9816434501761523 0.0
1000000.0 0.012589254117941675 0.9856710287952007 0.0
1000000.0 0.01 0.9888710951559124 0.0
1000000.0 0.00794328234724282 0.9914135299931476 0.0
1000000.0 0.006309573444801936 0.9934333919951813 0.0
1000000.0 0.005011872336272725 0.9950380356474244 0.0
1000000.0 0.003981071705534973 0.9963127817319737 0.0
1000000.0 0.0031622776601683794 0.9973254318687372 0.0
1000000.0 0.0025118864315095794 0.998129860960943 0.0
1000000.0 0.0019952623149688807 0.9987688747844634 0.0
1000000.0 0.001584893192461114 0.9992764823604454 0.0
1000000.0 0.0012589254117941675 0.9996797025378059 0.0
1000000.0 0.001 1.0 0.0
1258925.411794166 1.0 0.0 0.0
1258925.411794166 0.7943282347242815 0.09799101608515359 0.0
1258925.411794166 0.6309573444801932 0.26432533821982174 0.0
1258925.411794166 0.5011872336272722 0.40822295790656193 0.0
1258925.411794166 0.3981071705534972 0.5265173861498342 0.0
1258925.411794166 0.31622776601683794 0.6222232496274315 0.0
1258925.411794166 0.251188643150958 0.6991035500012597 0.0
1258925.411794166 0.19952623149688797 0.7606266172228233 0.0
1258925.411794166 0.15848931924611137 0.8097487128792619 0.0
1258925.411794166 0.12589254117941676 0.8489126267511566 0.0
1258925.411794166 0.10000000000000002 0.8801066236448648 0.0
1258925.411794166 0.07943282347242818 0.9049356179770398 0.0
1258925.411794166 0.06309573444801933 0.9246886422748904 0.0
1258925.411794166 0.05011872336272722 0.9403977297907641 0.0
1258925.411794166 0.039810717055349734 0.9528873965321776 0.0
1258925.411794166 0.03162277660168379 0.9628153965556112 0.0
1258925.411794166 0.025118864315095808 0.9707058982936705 0.0
1258925.411794166 0.0199526231496888 0.9769762944688378 0.0
1258925.411794166 0.015848931924611134 0.9819587635903158 0.0
1258925.411794166 0.012589254117941675 0.9859175538713371 0.0
1258925.411794166 0.01 0.9890628063938669 0.0
1258925.411794166 0.00794328234724282 0.9915615921907638 0.0
1258925.411794166 0.006309573444801936 0.9935467140880012 0.0
1258925.411794166 0.005011872336272725 0.9951237196348355 0.0
1258925.411794166 0.003981071705534973 0.9963764848848345 0.0
1258925.411794166 0.0031622776601683794 0.9973716579514195 0.0
1258925.411794166 0.0025118864315095794 0.9981621937565585 0.0
1258925.411794166 0.0019952623149688807 0.9987901649705156 0.0
1258925.411794166 0.001584893192461114 0.9992889968162871 0.0
1258925.411794166 0.0012589254117941675 0.9996852434887962 0.0
1258925.411794166 0.001 1.0 0.0
1584893.1924611141 1.0 0.0 0.0
1584893.1924611141 0.7943282347242815 0.1007521669800584 0.0
1584893.1924611141 0.6309573444801932 0.2698388639864642 0.0
