src/nupyprop/models/ixc_neutrino_bsm.ecsv
# %ECSV 1.0
# ---
# datatype:
# - {name: energy, datatype: float64}
# - {name: y, datatype: float64}
# - {name: cc_cdf_bsm, datatype: float64}
# - {name: nc_cdf_bsm, datatype: float64}
# meta: !!omap
# - {Description: Neutrino-nucleon cross-section CDF values for BSM}
# - {energy: 'Neutrino energy, in GeV'}
# - {y: Inelasticity; y = (E_initial-E_final)/E_initial}
# - {cdf_bsm: Cross-section CDF values for bsm}
# - {nc_cdf_bsm: Cross-section NC CDF values for bsm}
# - {Note: 'The integrated cross-section CDF values should be integrated from y = 1, 10^(-0.1),...,10^(-3). This is a convention we chose
#     to adopt'}
# schema: astropy-2.0
energy y cc_cdf_bsm nc_cdf_bsm
[from data line 2355]
31622776601.683792 0.001 1.0 0.0
39810717055.34985 1.0 0.0 0.0
39810717055.34985 0.7943282347242815 0.1147523396073874 0.0
39810717055.34985 0.6309573444801932 0.29705151768122684 0.0
39810717055.34985 0.5011872336272722 0.4418574052314098 0.0
39810717055.34985 0.3981071705534972 0.5568809569206952 0.0
39810717055.34985 0.31622776601683794 0.6482474719474351 0.0
39810717055.34985 0.251188643150958 0.7208225033154605 0.0
39810717055.34985 0.19952623149688797 0.7784709148167821 0.0
39810717055.34985 0.15848931924611137 0.8242626839525913 0.0
39810717055.34985 0.12589254117941676 0.8606363837507807 0.0
39810717055.34985 0.10000000000000002 0.889529043215739 0.0
39810717055.34985 0.07943282347242818 0.9124793000166809 0.0
39810717055.34985 0.06309573444801933 0.9307093379582487 0.0
39810717055.34985 0.05011872336272722 0.9451899724057589 0.0
39810717055.34985 0.039810717055349734 0.9566923495662465 0.0
39810717055.34985 0.03162277660168379 0.9658290127347181 0.0
39810717055.34985 0.025118864315095808 0.9730865223991431 0.0
39810717055.34985 0.0199526231496888 0.9788513673255986 0.0
39810717055.34985 0.015848931924611134 0.9834305464733012 0.0
39810717055.34985 0.012589254117941675 0.9870679177958445 0.0
39810717055.34985 0.01 0.9899571845586128 0.0
39810717055.34985 0.00794328234724282 0.9922522107391691 0.0
39810717055.34985 0.006309573444801936 0.9940752148421342 0.0
39810717055.34985 0.005011872336272725 0.9955232784783681 0.0
39810717055.34985 0.003981071705534973 0.9966735163135975 0.0
39810717055.34985 0.0031622776601683794 0.9975871827048405 0.0
39810717055.34985 0.0025118864315095794 0.9983129337178289 0.0
39810717055.34985 0.0019952623149688807 0.9988894182396478 0.0
39810717055.34985 0.001584893192461114 0.9993473361727285 0.0
39810717055.34985 0.0012589254117941675 0.9997110733164879 0.0
39810717055.34985 0.001 1.0 0.0
50118723362.72715 1.0 0.0 0.0
50118723362.72715 0.7943282347242815 0.11475248288784479 0.0
50118723362.72715 0.6309573444801932 0.2970517904361918 0.0
50118723362.72715 0.5011872336272722 0.4418576773304572 0.0
50118723362.72715 0.3981071705534972 0.556881198336286 0.0
50118723362.72715 0.31622776601683794 0.6482476765961922 0.0
50118723362.72715 0.251188643150958 0.7208226728413063 0.0
50118723362.72715 0.19952623149688797 0.7784710533687789 0.0
50118723362.72715 0.15848931924611137 0.8242627962160542 0.0
50118723362.72715 0.12589254117941676 0.8606364741749853 0.0
50118723362.72715 0.10000000000000002 0.8895291157342373 0.0
50118723362.72715 0.07943282347242818 0.9124793579806998 0.0
50118723362.72715 0.06309573444801933 0.9307093841616484 0.0
50118723362.72715 0.05011872336272722 0.9451900091459321 0.0
50118723362.72715 0.039810717055349734 0.9566923787150361 0.0
50118723362.72715 0.03162277660168379 0.9658290358075002 0.0
50118723362.72715 0.025118864315095808 0.9730865406170867 0.0
50118723362.72715 0.0199526231496888 0.9788513816694742 0.0
50118723362.72715 0.015848931924611134 0.9834305577288275 0.0
50118723362.72715 0.012589254117941675 0.9870679265912844 0.0
50118723362.72715 0.01 0.9899571913955978 0.0
50118723362.72715 0.00794328234724282 0.9922522160177752 0.0
50118723362.72715 0.006309573444801936 0.9940752188811652 0.0
50118723362.72715 0.005011872336272725 0.9955232815316938 0.0
50118723362.72715 0.003981071705534973 0.9966735185832727 0.0
50118723362.72715 0.0031622776601683794 0.9975871843516139 0.0
50118723362.72715 0.0025118864315095794 0.9983129348695452 0.0
50118723362.72715 0.0019952623149688807 0.9988894189979571 0.0
50118723362.72715 0.001584893192461114 0.999347336618437 0.0
50118723362.72715 0.0012589254117941675 0.9997110735138215 0.0
50118723362.72715 0.001 1.0 0.0
63095734448.019424 1.0 0.0 0.0
63095734448.019424 0.7943282347242815 0.11475259669997717 0.0
63095734448.019424 0.6309573444801932 0.297052007093883 0.0
63095734448.019424 0.5011872336272722 0.4418578934670424 0.0
63095734448.019424 0.3981071705534972 0.5568813901000191 0.0
63095734448.019424 0.31622776601683794 0.6482478391548885 0.0
63095734448.019424 0.251188643150958 0.7208228075007987 0.0
63095734448.019424 0.19952623149688797 0.7784711634248014 0.0
63095734448.019424 0.15848931924611137 0.8242628853902983 0.0
63095734448.019424 0.12589254117941676 0.8606365460016472 0.0
63095734448.019424 0.10000000000000002 0.8895291733378572 0.0
63095734448.019424 0.07943282347242818 0.9124794040232587 0.0
63095734448.019424 0.06309573444801933 0.9307094208623939 0.0
63095734448.019424 0.05011872336272722 0.9451900383297529 0.0
63095734448.019424 0.039810717055349734 0.9566924018687931 0.0
63095734448.019424 0.03162277660168379 0.9658290541349024 0.0
63095734448.019424 0.025118864315095808 0.973086555088145 0.0
63095734448.019424 0.0199526231496888 0.9788513930632442 0.0
63095734448.019424 0.015848931924611134 0.9834305666694292 0.0
63095734448.019424 0.012589254117941675 0.9870679335777657 0.0
63095734448.019424 0.01 0.9899571968264197 0.0
63095734448.019424 0.00794328234724282 0.9922522202107301 0.0
63095734448.019424 0.006309573444801936 0.9940752220894884 0.0
63095734448.019424 0.005011872336272725 0.9955232839570418 0.0
63095734448.019424 0.003981071705534973 0.9966735203861437 0.0
63095734448.019424 0.0031622776601683794 0.9975871856596953 0.0
63095734448.019424 0.0025118864315095794 0.998312935784388 0.0
63095734448.019424 0.0019952623149688807 0.998889419600305 0.0
63095734448.019424 0.001584893192461114 0.9993473369724766 0.0
63095734448.019424 0.0012589254117941675 0.9997110736705694 0.0
63095734448.019424 0.001 1.0 0.0
79432823472.42822 1.0 0.0 0.0
79432823472.42822 0.7943282347242815 0.11475268710443176 0.0
79432823472.42822 0.6309573444801932 0.2970521791916595 0.0
79432823472.42822 0.5011872336272722 0.44185806515083126 0.0
79432823472.42822 0.3981071705534972 0.5568815424236899 0.0
79432823472.42822 0.31622776601683794 0.6482479682801097 0.0
79432823472.42822 0.251188643150958 0.7208229144648416 0.0
79432823472.42822 0.19952623149688797 0.7784712508455707 0.0
79432823472.42822 0.15848931924611137 0.8242629562240478 0.0
79432823472.42822 0.12589254117941676 0.8606366030556952 0.0
79432823472.42822 0.10000000000000002 0.88952921909412 0.0
79432823472.42822 0.07943282347242818 0.9124794405962275 0.0
79432823472.42822 0.06309573444801933 0.9307094500148834 0.0
79432823472.42822 0.05011872336272722 0.945190061511326 0.0
79432823472.42822 0.039810717055349734 0.9566924202605078 0.0
79432823472.42822 0.03162277660168379 0.9658290686929004 0.0
79432823472.42822 0.025118864315095808 0.9730865665829349 0.0
79432823472.42822 0.0199526231496888 0.9788514021136528 0.0
79432823472.42822 0.015848931924611134 0.9834305737712137 0.0
79432823472.42822 0.012589254117941675 0.9870679391273346 0.0
79432823472.42822 0.01 0.9899572011402823 0.0
79432823472.42822 0.00794328234724282 0.9922522235413181 0.0
79432823472.42822 0.006309573444801936 0.9940752246379545 0.0
79432823472.42822 0.005011872336272725 0.9955232858835674 0.0
79432823472.42822 0.003981071705534973 0.9966735218182174 0.0
79432823472.42822 0.0031622776601683794 0.9975871866987429 0.0
79432823472.42822 0.0025118864315095794 0.9983129365110746 0.0
79432823472.42822 0.0019952623149688807 0.9988894200787677 0.0
79432823472.42822 0.001584893192461114 0.9993473372537007 0.0
79432823472.42822 0.0012589254117941675 0.999711073795079 0.0
79432823472.42822 0.001 1.0 0.0
100000000000.0 1.0 0.0 0.0
100000000000.0 0.7943282347242815 0.11475275891540981 0.0
100000000000.0 0.6309573444801932 0.2970523158940699 0.0
100000000000.0 0.5011872336272722 0.44185820152436295 0.0
100000000000.0 0.3981071705534972 0.5568816634188867 0.0
100000000000.0 0.31622776601683794 0.6482480708480822 0.0
100000000000.0 0.251188643150958 0.7208229994295312 0.0
100000000000.0 0.19952623149688797 0.7784713202864595 0.0
100000000000.0 0.15848931924611137 0.8242630124893768 0.0
100000000000.0 0.12589254117941676 0.8606366483754015 0.0
100000000000.0 0.10000000000000002 0.889529255439663 0.0
100000000000.0 0.07943282347242818 0.91247946964721 0.0
100000000000.0 0.06309573444801933 0.9307094731715609 0.0
100000000000.0 0.05011872336272722 0.9451900799251295 0.0
100000000000.0 0.039810717055349734 0.9566924348695862 0.0
100000000000.0 0.03162277660168379 0.9658290802567452 0.0
100000000000.0 0.025118864315095808 0.9730865757135837 0.0
100000000000.0 0.0199526231496888 0.9788514093026578 0.0
100000000000.0 0.015848931924611134 0.9834305794123692 0.0
100000000000.0 0.012589254117941675 0.9870679435355197 0.0
100000000000.0 0.01 0.9899572045669097 0.0
100000000000.0 0.00794328234724282 0.9922522261869019 0.0
100000000000.0 0.006309573444801936 0.9940752266622758 0.0
100000000000.0 0.005011872336272725 0.9955232874138633 0.0
100000000000.0 0.003981071705534973 0.9966735229557556 0.0
100000000000.0 0.0031622776601683794 0.997587187524089 0.0
100000000000.0 0.0025118864315095794 0.9983129370883032 0.0
100000000000.0 0.0019952623149688807 0.9988894204588247 0.0
100000000000.0 0.001584893192461114 0.9993473374770853 0.0
100000000000.0 0.0012589254117941675 0.9997110738939806 0.0
100000000000.0 0.001 1.0 0.0
125892541179.41661 1.0 0.0 0.0
125892541179.41661 0.7943282347242815 0.11475281595700249 0.0
125892541179.41661 0.6309573444801932 0.29705242448083535 0.0
125892541179.41661 0.5011872336272722 0.4418583098498675 0.0
125892541179.41661 0.3981071705534972 0.5568817595289165 0.0
125892541179.41661 0.31622776601683794 0.6482481523208218 0.0
125892541179.41661 0.251188643150958 0.7208230669194648 0.0
125892541179.41661 0.19952623149688797 0.7784713754453831 0.0
125892541179.41661 0.15848931924611137 0.8242630571825678 0.0
125892541179.41661 0.12589254117941676 0.8606366843741646 0.0
125892541179.41661 0.10000000000000002 0.8895292843099863 0.0
125892541179.41661 0.07943282347242818 0.9124794927232514 0.0
125892541179.41661 0.06309573444801933 0.930709491565584 0.0
125892541179.41661 0.05011872336272722 0.9451900945517495 0.0
125892541179.41661 0.039810717055349734 0.9566924464740023 0.0
125892541179.41661 0.03162277660168379 0.9658290894422435 0.0
125892541179.41661 0.025118864315095808 0.9730865829663236 0.0
125892541179.41661 0.0199526231496888 0.9788514150130936 0.0
125892541179.41661 0.015848931924611134 0.9834305838933032 0.0
125892541179.41661 0.012589254117941675 0.9870679470370696 0.0
125892541179.41661 0.01 0.9899572072887797 0.0
125892541179.41661 0.00794328234724282 0.9922522282883661 0.0
125892541179.41661 0.006309573444801936 0.9940752282702531 0.0
125892541179.41661 0.005011872336272725 0.9955232886294217 0.0
125892541179.41661 0.003981071705534973 0.9966735238593353 0.0
125892541179.41661 0.0031622776601683794 0.9975871881796854 0.0
125892541179.41661 0.0025118864315095794 0.9983129375468125 0.0
125892541179.41661 0.0019952623149688807 0.998889420760715 0.0
125892541179.41661 0.001584893192461114 0.9993473376545261 0.0
125892541179.41661 0.0012589254117941675 0.999711073972541 0.0
125892541179.41661 0.001 1.0 0.0
158489319246.11172 1.0 0.0 0.0
158489319246.11172 0.7943282347242815 0.11475286125081086 0.0
158489319246.11172 0.6309573444801932 0.29705251072177363 0.0
158489319246.11172 0.5011872336272722 0.4418583958858825 0.0
158489319246.11172 0.3981071705534972 0.5568818358638962 0.0
158489319246.11172 0.31622776601683794 0.6482482170306243 0.0
158489319246.11172 0.251188643150958 0.7208231205236288 0.0
158489319246.11172 0.19952623149688797 0.7784714192557092 0.0
158489319246.11172 0.15848931924611137 0.8242630926804865 0.0
158489319246.11172 0.12589254117941676 0.8606367129665046 0.0
158489319246.11172 0.10000000000000002 0.8895293072405224 0.0
158489319246.11172 0.07943282347242818 0.9124795110516363 0.0
158489319246.11172 0.06309573444801933 0.930709506175236 0.0
158489319246.11172 0.05011872336272722 0.9451901061691059 0.0
158489319246.11172 0.039810717055349734 0.9566924556909426 0.0
158489319246.11172 0.03162277660168379 0.9658290967379327 0.0
158489319246.11172 0.025118864315095808 0.973086588726898 0.0
158489319246.11172 0.0199526231496888 0.9788514195486755 0.0
158489319246.11172 0.015848931924611134 0.9834305874523391 0.0
158489319246.11172 0.012589254117941675 0.9870679498182179 0.0
158489319246.11172 0.01 0.989957209450658 0.0
158489319246.11172 0.00794328234724282 0.9922522299574797 0.0
158489319246.11172 0.006309573444801936 0.9940752295474088 0.0
158489319246.11172 0.005011872336272725 0.9955232895948941 0.0
158489319246.11172 0.003981071705534973 0.9966735245770145 0.0
158489319246.11172 0.0031622776601683794 0.997587188700401 0.0
158489319246.11172 0.0025118864315095794 0.9983129379109893 0.0
158489319246.11172 0.0019952623149688807 0.998889421000495 0.0
158489319246.11172 0.001584893192461114 0.9993473377954607 0.0
158489319246.11172 0.0012589254117941675 0.9997110740349385 0.0
158489319246.11172 0.001 1.0 0.0
199526231496.88828 1.0 0.0 0.0
199526231496.88828 0.7943282347242815 0.11475289724171744 0.0
199526231496.88828 0.6309573444801932 0.2970525792355537 0.0
199526231496.88828 0.5011872336272722 0.44185846423479724 0.0
199526231496.88828 0.3981071705534972 0.5568818965053411 0.0
199526231496.88828 0.31622776601683794 0.6482482684365405 0.0
199526231496.88828 0.251188643150958 0.7208231631069721 0.0
199526231496.88828 0.19952623149688797 0.7784714540586958 0.0
199526231496.88828 0.15848931924611137 0.8242631208800301 0.0
199526231496.88828 0.12589254117941676 0.8606367356802254 0.0
199526231496.88828 0.10000000000000002 0.889529325456494 0.0
199526231496.88828 0.07943282347242818 0.912479525611657 0.0
199526231496.88828 0.06309573444801933 0.9307095177810982 0.0
199526231496.88828 0.05011872336272722 0.9451901153978937 0.0
199526231496.88828 0.039810717055349734 0.9566924630128456 0.0
199526231496.88828 0.03162277660168379 0.9658291025335993 0.0
199526231496.88828 0.025118864315095808 0.9730865933030746 0.0
199526231496.88828 0.0199526231496888 0.9788514231517225 0.0
199526231496.88828 0.015848931924611134 0.9834305902796217 0.0
199526231496.88828 0.012589254117941675 0.9870679520275498 0.0
199526231496.88828 0.01 0.9899572111680444 0.0
199526231496.88828 0.00794328234724282 0.992252231283416 0.0
199526231496.88828 0.006309573444801936 0.9940752305619754 0.0
199526231496.88828 0.005011872336272725 0.9955232903618608 0.0
199526231496.88828 0.003981071705534973 0.9966735251471356 0.0
199526231496.88828 0.0031622776601683794 0.997587189114055 0.0
199526231496.88828 0.0025118864315095794 0.9983129382002895 0.0
199526231496.88828 0.0019952623149688807 0.9988894211909752 0.0
199526231496.88828 0.001584893192461114 0.9993473379074186 0.0
199526231496.88828 0.0012589254117941675 0.9997110740845069 0.0
199526231496.88828 0.001 1.0 0.0
251188643150.95822 1.0 0.0 0.0
251188643150.95822 0.7943282347242815 0.11475292583033725 0.0
251188643150.95822 0.6309573444801932 0.29705263365802936 0.0
251188643150.95822 0.5011872336272722 0.44185851852631 0.0
251188643150.95822 0.3981071705534972 0.5568819446745855 0.0
251188643150.95822 0.31622776601683794 0.6482483092697371 0.0
251188643150.95822 0.251188643150958 0.7208231969321446 0.0
251188643150.95822 0.19952623149688797 0.7784714817037071 0.0
251188643150.95822 0.15848931924611137 0.8242631432797367 0.0
251188643150.95822 0.12589254117941676 0.8606367537223854 0.0
251188643150.95822 0.10000000000000002 0.8895293399259628 0.0
251188643150.95822 0.07943282347242818 0.9124795371770992 0.0
251188643150.95822 0.06309573444801933 0.9307095269999673 0.0
251188643150.95822 0.05011872336272722 0.9451901227285844 0.0
251188643150.95822 0.039810717055349734 0.9566924688288431 0.0
251188643150.95822 0.03162277660168379 0.9658291071372636 0.0
251188643150.95822 0.025118864315095808 0.9730865969380629 0.0
251188643150.95822 0.0199526231496888 0.978851426013726 0.0
251188643150.95822 0.015848931924611134 0.9834305925254133 0.0
251188643150.95822 0.012589254117941675 0.9870679537824856 0.0
251188643150.95822 0.01 0.9899572125322137 0.0
251188643150.95822 0.00794328234724282 0.9922522323366452 0.0
