src/nupyprop/models/ixc_tau_pn_ckmt_rock.ecsv
# %ECSV 1.0
# ---
# datatype:
# - {name: energy, datatype: float64}
# - {name: y, datatype: float64}
# - {name: cdf_pn_ckmt, datatype: float64}
# meta: !!omap
# - {Description: Tau-nucleon cross-section CDF values for PN_CKMT in rock}
# - {energy: 'Tau energy, in GeV'}
# - {y: Inelasticity; y = (E_initial-E_final)/E_initial}
# - {cdf: Cross-section CDF values for PN_CKMT in rock}
# - {Note: 'The integrated cross-section CDF values should be integrated from y = 1, 10^(-0.1),...,10^(-3). This is a convention we chose
#     to adopt'}
# schema: astropy-2.0
energy y cdf_pn_ckmt
[from data line 2710]
501187233.6272735 0.05011872336272722 0.1704973622589913
501187233.6272735 0.039810717055349734 0.20227590905831613
501187233.6272735 0.03162277660168379 0.23665207367167887
501187233.6272735 0.025118864315095808 0.2735308696660399
501187233.6272735 0.0199526231496888 0.31281364004986667
501187233.6272735 0.015848931924611134 0.3544006270712905
501187233.6272735 0.012589254117941675 0.39819286685750294
501187233.6272735 0.01 0.44409344747583707
501187233.6272735 0.00794328234724282 0.4920082826053689
501187233.6272735 0.006309573444801936 0.541846533695195
501187233.6272735 0.005011872336272725 0.5935207886505331
501187233.6272735 0.003981071705534973 0.6469470802317201
501187233.6272735 0.0031622776601683794 0.7020448042999184
501187233.6272735 0.0025118864315095794 0.7587365811123014
501187233.6272735 0.0019952623149688807 0.816948088668794
501187233.6272735 0.001584893192461114 0.8766078872969479
501187233.6272735 0.0012589254117941675 0.9376472483029357
501187233.6272735 0.001 1.0
630957344.4801943 1.0 0.0
630957344.4801943 0.7943282347242815 0.0003973068025978895
630957344.4801943 0.6309573444801932 0.001904008051175037
630957344.4801943 0.5011872336272722 0.004892170289737308
630957344.4801943 0.3981071705534972 0.009760865573615536
630957344.4801943 0.31622776601683794 0.01687666259785176
630957344.4801943 0.251188643150958 0.026511244566008122
630957344.4801943 0.19952623149688797 0.03883785448097592
630957344.4801943 0.15848931924611137 0.05395693161488423
630957344.4801943 0.12589254117941676 0.07191946882041567
630957344.4801943 0.10000000000000002 0.09273997430061244
630957344.4801943 0.07943282347242818 0.11640291093399548
630957344.4801943 0.06309573444801933 0.14286732479916028
630957344.4801943 0.05011872336272722 0.17207140086757272
630957344.4801943 0.039810717055349734 0.20393743783154356
630957344.4801943 0.03162277660168379 0.23837707123988583
630957344.4801943 0.025118864315095808 0.2752948708268753
630957344.4801943 0.0199526231496888 0.31459215432907056
630957344.4801943 0.015848931924611134 0.35616943435740334
630957344.4801943 0.012589254117941675 0.39992821893452357
630957344.4801943 0.01 0.4457722003528198
630957344.4801943 0.00794328234724282 0.4936079790607668
630957344.4801943 0.006309573444801936 0.5433454504518098
630957344.4801943 0.005011872336272725 0.5948978168444018
630957344.4801943 0.003981071705534973 0.6481821562186091
630957344.4801943 0.0031622776601683794 0.7031184772486052
630957344.4801943 0.0025118864315095794 0.7596301400075687
630957344.4801943 0.0019952623149688807 0.8176435418272617
630957344.4801943 0.001584893192461114 0.8770879379859609
630957344.4801943 0.0012589254117941675 0.9378952686120213
630957344.4801943 0.001 1.0
794328234.7242821 1.0 0.0
794328234.7242821 0.7943282347242815 0.0004082352016931732
794328234.7242821 0.6309573444801932 0.001953525654967011
794328234.7242821 0.5011872336272722 0.0050114243825446
794328234.7242821 0.3981071705534972 0.0099821340644271
794328234.7242821 0.31622776601683794 0.017229809726080483
794328234.7242821 0.251188643150958 0.027019924909623
794328234.7242821 0.19952623149688797 0.03951723439222437
794328234.7242821 0.15848931924611137 0.05481318230967136
794328234.7242821 0.12589254117941676 0.07295047125133504
794328234.7242821 0.10000000000000002 0.09393662973414137
794328234.7242821 0.07943282347242818 0.11775066168866077
794328234.7242821 0.06309573444801933 0.14434752455371472
794328234.7242821 0.05011872336272722 0.1736626206788109
794328234.7242821 0.039810717055349734 0.20561655731971226
794328234.7242821 0.03162277660168379 0.24011974633621372
794328234.7242821 0.025118864315095808 0.2770764276194884
794328234.7242821 0.0199526231496888 0.31638790529889266
794328234.7242821 0.015848931924611134 0.3579549735668649
794328234.7242821 0.012589254117941675 0.40167930426693643
794328234.7242821 0.01 0.4474658422294563
794328234.7242821 0.00794328234724282 0.4952215659860934
794328234.7242821 0.006309573444801936 0.5448571151632585
794328234.7242821 0.005011872336272725 0.5962866004897275
794328234.7242821 0.003981071705534973 0.6494275879540315
794328234.7242821 0.0031622776601683794 0.7042009935220763
794328234.7242821 0.0025118864315095794 0.7605309281132081
794328234.7242821 0.0019952623149688807 0.8183445199537829
794328234.7242821 0.001584893192461114 0.8775717319660127
794328234.7242821 0.0012589254117941675 0.9381451868035625
794328234.7242821 0.001 1.0
1000000000.0 1.0 0.0
1000000000.0 0.7943282347242815 0.00041942402016328733
1000000000.0 0.6309573444801932 0.002004144605454021
1000000000.0 0.5011872336272722 0.0051331377137197
1000000000.0 0.3981071705534972 0.010207617568030637
1000000000.0 0.31622776601683794 0.017589163339667476
1000000000.0 0.251188643150958 0.027536865340021196
1000000000.0 0.19952623149688797 0.04020684646435017
1000000000.0 0.15848931924611137 0.05568145887899927
1000000000.0 0.12589254117941676 0.07399506234752204
1000000000.0 0.10000000000000002 0.09514818203183992
1000000000.0 0.07943282347242818 0.11911433714338085
1000000000.0 0.06309573444801933 0.14584444449966458
1000000000.0 0.05011872336272722 0.17527111308736898
1000000000.0 0.039810717055349734 0.2073131663688464
1000000000.0 0.03162277660168379 0.24188001343923338
1000000000.0 0.025118864315095808 0.2788754722728429
1000000000.0 0.0199526231496888 0.3182008450625866
1000000000.0 0.015848931924611134 0.3597572186097954
1000000000.0 0.012589254117941675 0.40344707681090125
1000000000.0 0.01 0.4491753515771674
1000000000.0 0.00794328234724282 0.49685004735237365
1000000000.0 0.006309573444801936 0.5463825576479866
1000000000.0 0.005011872336272725 0.5976877695121933
1000000000.0 0.003981071705534973 0.6506840305872663
1000000000.0 0.0031622776601683794 0.7052930321943987
1000000000.0 0.0025118864315095794 0.7614396464066495
1000000000.0 0.0019952623149688807 0.819051743303971
1000000000.0 0.001584893192461114 0.8780600058083787
1000000000.0 0.0012589254117941675 0.9383977479106776
1000000000.0 0.001 1.0
1258925411.794166 1.0 0.0
1258925411.794166 0.7943282347242815 0.0004308770872809704
1258925411.794166 0.6309573444801932 0.002055878519226981
1258925411.794166 0.5011872336272722 0.005257334714391778
1258925411.794166 0.3981071705534972 0.010437347758920452
1258925411.794166 0.31622776601683794 0.01795475562709323
1258925411.794166 0.251188643150958 0.028062089642766352
1258925411.794166 0.19952623149688797 0.040906697311151076
1258925411.794166 0.15848931924611137 0.05656174759931417
1258925411.794166 0.12589254117941676 0.07505319647360041
1258925411.794166 0.10000000000000002 0.09637454795398098
1258925411.794166 0.07943282347242818 0.12049383294723418
1258925411.794166 0.06309573444801933 0.14735793386449417
1258925411.794166 0.05011872336272722 0.17689667709452903
1258925411.794166 0.039810717055349734 0.20902711510968547
1258925411.794166 0.03162277660168379 0.24365766670766864
1258925411.794166 0.025118864315095808 0.2806917403324852
1258925411.794166 0.0199526231496888 0.32003064789567515
1258925411.794166 0.015848931924611134 0.3615757798764473
1258925411.794166 0.012589254117941675 0.4052301237100455
1258925411.794166 0.01 0.45089924641864126
1258925411.794166 0.00794328234724282 0.49849186914468985
1258925411.794166 0.006309573444801936 0.5479201489280427
1258925411.794166 0.005011872336272725 0.5990997585925911
1258925411.794166 0.003981071705534973 0.6519498369153712
1258925411.794166 0.0031622776601683794 0.7063928601786078
1258925411.794166 0.0025118864315095794 0.7623544715476
1258925411.794166 0.0019952623149688807 0.8197632937410212
1258925411.794166 0.001584893192461114 0.8785507378204307
1258925411.794166 0.0012589254117941675 0.9386508213788021
1258925411.794166 0.001 1.0
1584893192.4611173 1.0 0.0
1584893192.4611173 0.7943282347242815 0.0004425996992191454
1584893192.4611173 0.6309573444801932 0.0021087479282019188
1584893192.4611173 0.5011872336272722 0.005384057358071097
1584893192.4611173 0.3981071705534972 0.010671391026898569
1584893192.4611173 0.31622776601683794 0.01832667785505021
1584893192.4611173 0.251188643150958 0.02859571444062773
1584893192.4611173 0.19952623149688797 0.04161692952429261
1584893192.4611173 0.15848931924611137 0.05745421132549951
1584893192.4611173 0.12589254117941676 0.0761250673436942
1584893192.4611173 0.10000000000000002 0.09761595627299158
1584893192.4611173 0.07943282347242818 0.1218894179917243
1584893192.4611173 0.06309573444801933 0.14888830724029056
1584893192.4611173 0.05011872336272722 0.17853967904452567
1584893192.4611173 0.039810717055349734 0.21075882747712946
1584893192.4611173 0.03162277660168379 0.24545319383690467
1584893192.4611173 0.025118864315095808 0.2825257891347376
1584893192.4611173 0.0199526231496888 0.3218779464151177
1584893192.4611173 0.015848931924611134 0.3634113705316518
1584893192.4611173 0.012589254117941675 0.4070295627360124
1584893192.4611173 0.01 0.4526387347972893
1584893192.4611173 0.00794328234724282 0.500148333940392
1584893192.4611173 0.006309573444801936 0.5494712897928095
1584893192.4611173 0.005011872336272725 0.6005240699624349
1584893192.4611173 0.003981071705534973 0.6532266132979233
1584893192.4611173 0.0031622776601683794 0.7075021901077767
1584893192.4611173 0.0025118864315095794 0.7632772241809256
1584893192.4611173 0.0019952623149688807 0.8204810987565735
1584893192.4611173 0.001584893192461114 0.8790459633262755
1584893192.4611173 0.0012589254117941675 0.9389065493404779
1584893192.4611173 0.001 1.0
1995262314.9688828 1.0 0.0
1995262314.9688828 0.7943282347242815 0.0004545961352203815
1995262314.9688828 0.6309573444801932 0.0021627684093019077
1995262314.9688828 0.5011872336272722 0.005513334778524732
1995262314.9688828 0.3981071705534972 0.010909788065686985
1995262314.9688828 0.31622776601683794 0.018704977467826414
1995262314.9688828 0.251188643150958 0.02913778745940412
1995262314.9688828 0.19952623149688797 0.04233758502557911
1995262314.9688828 0.15848931924611137 0.05835888434703658
1995262314.9688828 0.12589254117941676 0.07721069458212233
1995262314.9688828 0.10000000000000002 0.09887240932616997
1995262314.9688828 0.07943282347242818 0.12330107563377592
1995262314.9688828 0.06309573444801933 0.15043552795721438
1995262314.9688828 0.05011872336272722 0.18020006176925976
1995262314.9688828 0.039810717055349734 0.21250822580292095
1995262314.9688828 0.03162277660168379 0.2472662224093427
1995262314.9688828 0.025118864315095808 0.284377225682996
1995262314.9688828 0.0199526231496888 0.32374232716843393
1995262314.9688828 0.015848931924611134 0.36526355682181944
1995262314.9688828 0.012589254117941675 0.40884493979006303
1995262314.9688828 0.01 0.4543933421513301
1995262314.9688828 0.00794328234724282 0.5018189464045989
1995262314.9688828 0.006309573444801936 0.5510354635983417
1995262314.9688828 0.005011872336272725 0.601960164964123
1995262314.9688828 0.003981071705534973 0.6545137980546591
1995262314.9688828 0.0031622776601683794 0.70862043606514
1995262314.9688828 0.0025118864315095794 0.7642072911946718
1995262314.9688828 0.0019952623149688807 0.8212045164186419
1995262314.9688828 0.001584893192461114 0.8795450088277597
1995262314.9688828 0.0012589254117941675 0.9391642231189529
1995262314.9688828 0.001 1.0
2511886431.509582 1.0 0.0
2511886431.509582 0.7943282347242815 0.0004668704820322479
2511886431.509582 0.6309573444801932 0.0022179545378150445
2511886431.509582 0.5011872336272722 0.0056451934271509316
2511886431.509582 0.3981071705534972 0.011152574157278139
2511886431.509582 0.31622776601683794 0.019089692844403646
2511886431.509582 0.251188643150958 0.029688342355573685
2511886431.509582 0.19952623149688797 0.04306868557263157
2511886431.509582 0.15848931924611137 0.05927576035312984
2511886431.509582 0.12589254117941676 0.0783100492223714
2511886431.509582 0.10000000000000002 0.10014385193622614
2511886431.509582 0.07943282347242818 0.12472872182993396
2511886431.509582 0.06309573444801933 0.15199948146689682
2511886431.509582 0.05011872336272722 0.18187767888360207
2511886431.509582 0.039810717055349734 0.21427513071425192
2511886431.509582 0.03162277660168379 0.24909736182670464
2511886431.509582 0.025118864315095808 0.2862466255039681
2511886431.509582 0.0199526231496888 0.3256243312704002
2511886431.509582 0.015848931924611134 0.3671328450884698
2511886431.509582 0.012589254117941675 0.41067672598002697
2511886431.509582 0.01 0.4561635038137021
2511886431.509582 0.00794328234724282 0.5035041054041742
2511886431.509582 0.006309573444801936 0.552613032135008
2511886431.509582 0.005011872336272725 0.603408367166705
2511886431.509582 0.003981071705534973 0.6558116754352883
2511886431.509582 0.0031622776601683794 0.7097478407250953
2511886431.509582 0.0025118864315095794 0.7651448722759832
2511886431.509582 0.0019952623149688807 0.8219337012505739
2511886431.509582 0.001584893192461114 0.8800479809150842
2511886431.509582 0.0012589254117941675 0.9394238980346777
2511886431.509582 0.001 1.0
3162277660.1683793 1.0 0.0
3162277660.1683793 0.7943282347242815 0.00047942754369898806
3162277660.1683793 0.6309573444801932 0.002274324211272566
3162277660.1683793 0.5011872336272722 0.005779668084659457
3162277660.1683793 0.3981071705534972 0.011399800936026355
3162277660.1683793 0.31622776601683794 0.019480889229113094
3162277660.1683793 0.251188643150958 0.030247455359563323
3162277660.1683793 0.19952623149688797 0.04381031559870692
3162277660.1683793 0.15848931924611137 0.060204948300542134
3162277660.1683793 0.12589254117941676 0.07942324668766679
3162277660.1683793 0.10000000000000002 0.10143040705438829
3162277660.1683793 0.07943282347242818 0.1261724891189479
3162277660.1683793 0.06309573444801933 0.1535803125387492
3162277660.1683793 0.05011872336272722 0.1835726904187498
3162277660.1683793 0.039810717055349734 0.21605972093189296
3162277660.1683793 0.03162277660168379 0.25094599062936834
3162277660.1683793 0.025118864315095808 0.28813339252116543
3162277660.1683793 0.0199526231496888 0.32752339137260833
3162277660.1683793 0.015848931924611134 0.36901869992428826
3162277660.1683793 0.012589254117941675 0.41252442087601143
3162277660.1683793 0.01 0.4579487571397547
3162277660.1683793 0.00794328234724282 0.5052033886818432
3162277660.1683793 0.006309573444801936 0.5542036155251878
3162277660.1683793 0.005011872336272725 0.6048683414666856
3162277660.1683793 0.003981071705534973 0.6571199563168002
3162277660.1683793 0.0031622776601683794 0.7108841625810665
3162277660.1683793 0.0025118864315095794 0.7660897744799046
3162277660.1683793 0.0019952623149688807 0.8226685093116124
3162277660.1683793 0.001584893192461114 0.8805547845332286
3162277660.1683793 0.0012589254117941675 0.9396855272411355
3162277660.1683793 0.001 1.0
3981071705.5349855 1.0 0.0
3981071705.5349855 0.7943282347242815 0.0004922716080309177
3981071705.5349855 0.6309573444801932 0.0023318927829837324
3981071705.5349855 0.5011872336272722 0.005916786912739814
3981071705.5349855 0.3981071705534972 0.011651506822774018
3981071705.5349855 0.31622776601683794 0.019878609645638257
3981071705.5349855 0.251188643150958 0.03081516797226505
3981071705.5349855 0.19952623149688797 0.04456250916093813
3981071705.5349855 0.15848931924611137 0.061146477203298126
3981071705.5349855 0.12589254117941676 0.08055030068295783
3981071705.5349855 0.10000000000000002 0.10273207112067229
3981071705.5349855 0.07943282347242818 0.1276323557688206
3981071705.5349855 0.06309573444801933 0.1551779810583166
3981071705.5349855 0.05011872336272722 0.18528503819738873
3981071705.5349855 0.039810717055349734 0.2178619211427898
3981071705.5349855 0.03162277660168379 0.2528122910243727
3981071705.5349855 0.025118864315095808 0.29003769327283285
3981071705.5349855 0.0199526231496888 0.32943965957515375
3981071705.5349855 0.015848931924611134 0.37092125989709074
3981071705.5349855 0.012589254117941675 0.4143881505149748
3981071705.5349855 0.01 0.4597492164270161
