src/nupyprop/models/ixc_neutrino_bsm.ecsv
# %ECSV 1.0
# ---
# datatype:
# - {name: energy, datatype: float64}
# - {name: y, datatype: float64}
# - {name: cc_cdf_bsm, datatype: float64}
# - {name: nc_cdf_bsm, datatype: float64}
# meta: !!omap
# - {Description: Neutrino-nucleon cross-section CDF values for BSM}
# - {energy: 'Neutrino energy, in GeV'}
# - {y: Inelasticity; y = (E_initial-E_final)/E_initial}
# - {cdf_bsm: Cross-section CDF values for bsm}
# - {nc_cdf_bsm: Cross-section NC CDF values for bsm}
# - {Note: 'The integrated cross-section CDF values should be integrated from y = 1, 10^(-0.1),...,10^(-3). This is a convention we chose
#     to adopt'}
# schema: astropy-2.0
energy y cc_cdf_bsm nc_cdf_bsm
[from data line 2356]
39810717055.34985 1.0 0.0 0.0
39810717055.34985 0.7943282347242815 0.20588056965664947 0.0
39810717055.34985 0.6309573444801932 0.3694172027787448 0.0
39810717055.34985 0.5011872336272722 0.49931885154225997 0.0
39810717055.34985 0.3981071705534972 0.6025032825554837 0.0
39810717055.34985 0.31622776601683794 0.6844654731566746 0.0
39810717055.34985 0.251188643150958 0.7495702389948589 0.0
39810717055.34985 0.19952623149688797 0.8012846763795227 0.0
39810717055.34985 0.15848931924611137 0.842362797801922 0.0
39810717055.34985 0.12589254117941676 0.8749921931428002 0.0
39810717055.34985 0.10000000000000002 0.9009105268106241 0.0
39810717055.34985 0.07943282347242818 0.9214980747077598 0.0
39810717055.34985 0.06309573444801933 0.9378512289554759 0.0
39810717055.34985 0.05011872336272722 0.9508408847724148 0.0
39810717055.34985 0.039810717055349734 0.9611588188207207 0.0
39810717055.34985 0.03162277660168379 0.9693545288358755 0.0
39810717055.34985 0.025118864315095808 0.9758644963848663 0.0
39810717055.34985 0.0199526231496888 0.9810354311012657 0.0
39810717055.34985 0.015848931924611134 0.9851427342375025 0.0
39810717055.34985 0.012589254117941675 0.9884051647858094 0.0
39810717055.34985 0.01 0.9909964891922667 0.0
39810717055.34985 0.00794328234724282 0.9930547350536988 0.0
39810717055.34985 0.006309573444801936 0.9946895415905243 0.0
39810717055.34985 0.005011872336272725 0.9959879983350427 0.0
39810717055.34985 0.003981071705534973 0.997019282966601 0.0
39810717055.34985 0.0031622776601683794 0.9978383452752723 0.0
39810717055.34985 0.0025118864315095794 0.9984888334385464 0.0
39810717055.34985 0.0019952623149688807 0.9990054184459358 0.0
39810717055.34985 0.001584893192461114 0.9994156404555797 0.0
39810717055.34985 0.0012589254117941675 0.999741375408066 0.0
39810717055.34985 0.001 1.0 0.0
50118723362.72715 1.0 0.0 0.0
50118723362.72715 0.7943282347242815 0.20587996790478114 0.0
50118723362.72715 0.6309573444801932 0.36941614696587777 0.0
50118723362.72715 0.5011872336272722 0.49931745898335234 0.0
50118723362.72715 0.3981071705534972 0.6025016464370312 0.0
50118723362.72715 0.31622776601683794 0.6844636674992306 0.0
50118723362.72715 0.251188643150958 0.7495683225948999 0.0
50118723362.72715 0.19952623149688797 0.8012826959405742 0.0
50118723362.72715 0.15848931924611137 0.8423607904216922 0.0
50118723362.72715 0.12589254117941676 0.8749901882887677 0.0
50118723362.72715 0.10000000000000002 0.9009085478892889 0.0
50118723362.72715 0.07943282347242818 0.9214961403111246 0.0
50118723362.72715 0.06309573444801933 0.9378493538511385 0.0
50118723362.72715 0.05011872336272722 0.950839080689996 0.0
50118723362.72715 0.039810717055349734 0.9611570950765096 0.0
50118723362.72715 0.03162277660168379 0.969352892828956 0.0
50118723362.72715 0.025118864315095808 0.9758629539911452 0.0
50118723362.72715 0.0199526231496888 0.9810339869863869 0.0
50118723362.72715 0.015848931924611134 0.985141392105309 0.0
50118723362.72715 0.012589254117941675 0.9884039275755869 0.0
50118723362.72715 0.01 0.9909953592352723 0.0
50118723362.72715 0.00794328234724282 0.9930537141973094 0.0
50118723362.72715 0.006309573444801936 0.9946886312966174 0.0
50118723362.72715 0.005011872336272725 0.9959871997578491 0.0
50118723362.72715 0.003981071705534973 0.9970185970141748 0.0
50118723362.72715 0.0031622776601683794 0.9978377726578538 0.0
50118723362.72715 0.0025118864315095794 0.9984883747063931 0.0
50118723362.72715 0.0019952623149688807 0.9990050740186387 0.0
50118723362.72715 0.001584893192461114 0.9994154106444291 0.0
50118723362.72715 0.0012589254117941675 0.9997412604326621 0.0
50118723362.72715 0.001 1.0 0.0
63095734448.019424 1.0 0.0 0.0
63095734448.019424 0.7943282347242815 0.2058794898441898 0.0
63095734448.019424 0.6309573444801932 0.36941530817447543 0.0
63095734448.019424 0.5011872336272722 0.4993163526594523 0.0
63095734448.019424 0.3981071705534972 0.6025003466106293 0.0
63095734448.019424 0.31622776601683794 0.6844622329743735 0.0
63095734448.019424 0.251188643150958 0.7495668000812136 0.0
63095734448.019424 0.19952623149688797 0.8012811225407229 0.0
63095734448.019424 0.15848931924611137 0.8423591956072302 0.0
63095734448.019424 0.12589254117941676 0.8749885954696071 0.0
63095734448.019424 0.10000000000000002 0.9009069756603626 0.0
63095734448.019424 0.07943282347242818 0.921494603442635 0.0
63095734448.019424 0.06309573444801933 0.9378478640751238 0.0
63095734448.019424 0.05011872336272722 0.9508376473251045 0.0
63095734448.019424 0.039810717055349734 0.9611557255242515 0.0
63095734448.019424 0.03162277660168379 0.9693515929678611 0.0
63095734448.019424 0.025118864315095808 0.9758617284898159 0.0
63095734448.019424 0.0199526231496888 0.9810328395521181 0.0
63095734448.019424 0.015848931924611134 0.9851403256815158 0.0
63095734448.019424 0.012589254117941675 0.9884029444985519 0.0
63095734448.019424 0.01 0.9909944613585616 0.0
63095734448.019424 0.00794328234724282 0.9930529029904821 0.0
63095734448.019424 0.006309573444801936 0.9946879079234856 0.0
63095734448.019424 0.005011872336272725 0.9959865651384565 0.0
63095734448.019424 0.003981071705534973 0.9970180518737937 0.0
63095734448.019424 0.0031622776601683794 0.997837317565611 0.0
63095734448.019424 0.0025118864315095794 0.9984880101055829 0.0
63095734448.019424 0.0019952623149688807 0.9990048002503357 0.0
63095734448.019424 0.001584893192461114 0.9994152279656628 0.0
63095734448.019424 0.0012589254117941675 0.9997411690301211 0.0
63095734448.019424 0.001 1.0 0.0
79432823472.42822 1.0 0.0 0.0
79432823472.42822 0.7943282347242815 0.2058791100616485 0.0
79432823472.42822 0.6309573444801932 0.3694146418170642 0.0
79432823472.42822 0.5011872336272722 0.49931547376462837 0.0
79432823472.42822 0.3981071705534972 0.6024993139884005 0.0
79432823472.42822 0.31622776601683794 0.6844610933391451 0.0
79432823472.42822 0.251188643150958 0.7495655905395016 0.0
79432823472.42822 0.19952623149688797 0.8012798725672103 0.0
79432823472.42822 0.15848931924611137 0.8423579286144022 0.0
79432823472.42822 0.12589254117941676 0.8749873300545509 0.0
79432823472.42822 0.10000000000000002 0.9009057265951302 0.0
79432823472.42822 0.07943282347242818 0.9214933824609088 0.0
79432823472.42822 0.06309573444801933 0.937846680497078 0.0
79432823472.42822 0.05011872336272722 0.9508365085537382 0.0
79432823472.42822 0.039810717055349734 0.961154637439626 0.0
79432823472.42822 0.03162277660168379 0.9693505602402338 0.0
79432823472.42822 0.025118864315095808 0.975860754828349 0.0
79432823472.42822 0.0199526231496888 0.9810319279024052 0.0
79432823472.42822 0.015848931924611134 0.9851394783824453 0.0
79432823472.42822 0.012589254117941675 0.9884021634068614 0.0
79432823472.42822 0.01 0.9909937479477159 0.0
79432823472.42822 0.00794328234724282 0.9930522584291415 0.0
79432823472.42822 0.006309573444801936 0.9946873331377409 0.0
79432823472.42822 0.005011872336272725 0.9959860608611475 0.0
79432823472.42822 0.003981071705534973 0.9970176186835367 0.0
79432823472.42822 0.0031622776601683794 0.9978369559176132 0.0
79432823472.42822 0.0025118864315095794 0.9984877203558858 0.0
79432823472.42822 0.0019952623149688807 0.9990045826747798 0.0
79432823472.42822 0.001584893192461114 0.9994150827745812 0.0
79432823472.42822 0.0012589254117941675 0.9997410963795498 0.0
79432823472.42822 0.001 1.0 0.0
100000000000.0 1.0 0.0 0.0
100000000000.0 0.7943282347242815 0.20587880836091976 0.0
100000000000.0 0.6309573444801932 0.3694141124589717 0.0
100000000000.0 0.5011872336272722 0.4993147755638899 0.0
100000000000.0 0.3981071705534972 0.602498493663185 0.0
100000000000.0 0.31622776601683794 0.684460187998985 0.0
100000000000.0 0.251188643150958 0.7495646296615115 0.0
100000000000.0 0.19952623149688797 0.8012788795658508 0.0
100000000000.0 0.15848931924611137 0.8423569220883844 0.0
100000000000.0 0.12589254117941676 0.8749863247772867 0.0
100000000000.0 0.10000000000000002 0.9009047343014696 0.0
100000000000.0 0.07943282347242818 0.9214924124720637 0.0
100000000000.0 0.06309573444801933 0.9378457402170107 0.0
100000000000.0 0.05011872336272722 0.9508356038634497 0.0
100000000000.0 0.039810717055349734 0.96115377301034 0.0
100000000000.0 0.03162277660168379 0.9693497397821571 0.0
100000000000.0 0.025118864315095808 0.9758599812882536 0.0
100000000000.0 0.0199526231496888 0.981031203620554 0.0
100000000000.0 0.015848931924611134 0.9851388052172201 0.0
100000000000.0 0.012589254117941675 0.9884015428337287 0.0
100000000000.0 0.01 0.9909931811378008 0.0
100000000000.0 0.00794328234724282 0.9930517463115941 0.0
100000000000.0 0.006309573444801936 0.9946868764492178 0.0
100000000000.0 0.005011872336272725 0.9959856601850411 0.0
100000000000.0 0.003981071705534973 0.9970172744810437 0.0
100000000000.0 0.0031622776601683794 0.9978366685522956 0.0
100000000000.0 0.0025118864315095794 0.9984874901130331 0.0
100000000000.0 0.0019952623149688807 0.9990044097766029 0.0
100000000000.0 0.001584893192461114 0.9994149673920493 0.0
100000000000.0 0.0012589254117941675 0.9997410386414985 0.0
100000000000.0 0.001 1.0 0.0
125892541179.41661 1.0 0.0 0.0
125892541179.41661 0.7943282347242815 0.20587856869337617 0.0
125892541179.41661 0.6309573444801932 0.3694136919423311 0.0
125892541179.41661 0.5011872336272722 0.4993142209192941 0.0
125892541179.41661 0.3981071705534972 0.6024978420025421 0.0
125892541179.41661 0.31622776601683794 0.6844594688013141 0.0
125892541179.41661 0.251188643150958 0.7495638663428075 0.0
125892541179.41661 0.19952623149688797 0.8012780907260718 0.0
125892541179.41661 0.15848931924611137 0.8423561225019673 0.0
125892541179.41661 0.12589254117941676 0.8749855261799397 0.0
125892541179.41661 0.10000000000000002 0.9009039460151417 0.0
125892541179.41661 0.07943282347242818 0.9214916419013721 0.0
125892541179.41661 0.06309573444801933 0.9378449932435642 0.0
125892541179.41661 0.05011872336272722 0.950834885159065 0.0
125892541179.41661 0.039810717055349734 0.961153086285834 0.0
125892541179.41661 0.03162277660168379 0.9693490879849607 0.0
125892541179.41661 0.025118864315095808 0.9758593667593732 0.0
125892541179.41661 0.0199526231496888 0.9810306282192393 0.0
125892541179.41661 0.015848931924611134 0.9851382704199749 0.0
125892541179.41661 0.012589254117941675 0.988401049812941 0.0
125892541179.41661 0.01 0.9909927308241762 0.0
125892541179.41661 0.00794328234724282 0.9930513394437197 0.0
125892541179.41661 0.006309573444801936 0.9946865136128946 0.0
125892541179.41661 0.005011872336272725 0.9959853418444803 0.0
125892541179.41661 0.003981071705534973 0.9970170010035874 0.0
125892541179.41661 0.0031622776601683794 0.99783644022798 0.0
125892541179.41661 0.0025118864315095794 0.9984873071700343 0.0
125892541179.41661 0.0019952623149688807 0.9990042723933888 0.0
125892541179.41661 0.001584893192461114 0.9994148757068854 0.0
125892541179.41661 0.0012589254117941675 0.9997409927598125 0.0
125892541179.41661 0.001 1.0 0.0
158489319246.11172 1.0 0.0 0.0
158489319246.11172 0.7943282347242815 0.20587837830723243 0.0
158489319246.11172 0.6309573444801932 0.36941335789353913 0.0
158489319246.11172 0.5011872336272722 0.4993137803216382 0.0
158489319246.11172 0.3981071705534972 0.6024973243365406 0.0
158489319246.11172 0.31622776601683794 0.6844588974841639 0.0
158489319246.11172 0.251188643150958 0.7495632599754352 0.0
158489319246.11172 0.19952623149688797 0.8012774640837012 0.0
158489319246.11172 0.15848931924611137 0.8423554873209537 0.0
158489319246.11172 0.12589254117941676 0.8749848917827735 0.0
158489319246.11172 0.10000000000000002 0.9009033198069054 0.0
158489319246.11172 0.07943282347242818 0.9214910297640878 0.0
158489319246.11172 0.06309573444801933 0.9378443998494322 0.0
158489319246.11172 0.05011872336272722 0.9508343142192766 0.0
158489319246.11172 0.039810717055349734 0.9611525407482048 0.0
158489319246.11172 0.03162277660168379 0.9693485701909131 0.0
158489319246.11172 0.025118864315095808 0.975858878568626 0.0
158489319246.11172 0.0199526231496888 0.9810301711088435 0.0
158489319246.11172 0.015848931924611134 0.9851378455629735 0.0
158489319246.11172 0.012589254117941675 0.9884006581408363 0.0
158489319246.11172 0.01 0.9909923730765371 0.0
158489319246.11172 0.00794328234724282 0.9930510162075654 0.0
158489319246.11172 0.006309573444801936 0.9946862253539561 0.0
158489319246.11172 0.005011872336272725 0.9959850889320021 0.0
158489319246.11172 0.003981071705534973 0.9970167837299916 0.0
158489319246.11172 0.0031622776601683794 0.9978362588244386 0.0
158489319246.11172 0.0025118864315095794 0.9984871618187801 0.0
158489319246.11172 0.0019952623149688807 0.999004163237421 0.0
158489319246.11172 0.001584893192461114 0.9994148028575848 0.0
158489319246.11172 0.0012589254117941675 0.9997409563028747 0.0
158489319246.11172 0.001 1.0 0.0
199526231496.88828 1.0 0.0 0.0
199526231496.88828 0.7943282347242815 0.2058782270709184 0.0
199526231496.88828 0.6309573444801932 0.36941309253618104 0.0
199526231496.88828 0.5011872336272722 0.4993134303249386 0.0
199526231496.88828 0.3981071705534972 0.6024969131186424 0.0
199526231496.88828 0.31622776601683794 0.6844584436467525 0.0
199526231496.88828 0.251188643150958 0.7495627782943457 0.0
199526231496.88828 0.19952623149688797 0.8012769662957854 0.0
199526231496.88828 0.15848931924611137 0.8423549827491106 0.0
199526231496.88828 0.12589254117941676 0.8749843878324274 0.0
199526231496.88828 0.10000000000000002 0.9009028223603717 0.0
199526231496.88828 0.07943282347242818 0.9214905434938279 0.0
199526231496.88828 0.06309573444801933 0.9378439284668791 0.0
199526231496.88828 0.05011872336272722 0.9508338606724822 0.0
199526231496.88828 0.039810717055349734 0.9611521073788346 0.0
199526231496.88828 0.03162277660168379 0.9693481588589482 0.0
199526231496.88828 0.025118864315095808 0.9758584907514136 0.0
199526231496.88828 0.0199526231496888 0.9810298079797719 0.0
199526231496.88828 0.015848931924611134 0.9851375080539583 0.0
199526231496.88828 0.012589254117941675 0.9884003469919491 0.0
199526231496.88828 0.01 0.9909920888754165 0.0
199526231496.88828 0.00794328234724282 0.9930507594207111 0.0
199526231496.88828 0.006309573444801936 0.9946859963515718 0.0
199526231496.88828 0.005011872336272725 0.9959848880077102 0.0
199526231496.88828 0.003981071705534973 0.9970166111164697 0.0
199526231496.88828 0.0031622776601683794 0.9978361147058105 0.0
199526231496.88828 0.0025118864315095794 0.9984870463404211 0.0
199526231496.88828 0.0019952623149688807 0.9990040765137 0.0
199526231496.88828 0.001584893192461114 0.9994147449779553 0.0
199526231496.88828 0.0012589254117941675 0.9997409273366389 0.0
199526231496.88828 0.001 1.0 0.0
251188643150.95822 1.0 0.0 0.0
251188643150.95822 0.7943282347242815 0.2058781069350848 0.0
251188643150.95822 0.6309573444801932 0.3694128817471536 0.0
251188643150.95822 0.5011872336272722 0.499313152301608 0.0
251188643150.95822 0.3981071705534972 0.6024965864632912 0.0
251188643150.95822 0.31622776601683794 0.6844580831356942 0.0
251188643150.95822 0.251188643150958 0.7495623956648181 0.0
251188643150.95822 0.19952623149688797 0.8012765708710008 0.0
251188643150.95822 0.15848931924611137 0.8423545819347509 0.0
251188643150.95822 0.12589254117941676 0.8749839875110238 0.0
251188643150.95822 0.10000000000000002 0.9009024272045708 0.0
251188643150.95822 0.07943282347242818 0.9214901572152274 0.0
251188643150.95822 0.06309573444801933 0.9378435540136838 0.0
251188643150.95822 0.05011872336272722 0.9508335003865064 0.0
251188643150.95822 0.039810717055349734 0.9611517631202126 0.0
251188643150.95822 0.03162277660168379 0.9693478321051929 0.0
251188643150.95822 0.025118864315095808 0.9758581826761 0.0
251188643150.95822 0.0199526231496888 0.9810295195150336 0.0
251188643150.95822 0.015848931924611134 0.9851372399401275 0.0
251188643150.95822 0.012589254117941675 0.9884000998169818 0.0
251188643150.95822 0.01 0.9909918631062031 0.0
251188643150.95822 0.00794328234724282 0.9930505554279406 0.0
