src/nupyprop/models/ixc_tau_pn_ckmt_water.ecsv
# %ECSV 1.0
# ---
# datatype:
# - {name: energy, datatype: float64}
# - {name: y, datatype: float64}
# - {name: cdf_pn_ckmt, datatype: float64}
# meta: !!omap
# - {Description: Tau-nucleon cross-section CDF values for PN_CKMT in water}
# - {energy: 'Tau energy, in GeV'}
# - {y: Inelasticity; y = (E_initial-E_final)/E_initial}
# - {cdf: Cross-section CDF values for PN_CKMT in water}
# - {Note: 'The integrated cross-section CDF values should be integrated from y = 1, 10^(-0.1),...,10^(-3). This is a convention we chose
#     to adopt'}
# schema: astropy-2.0
energy y cdf_pn_ckmt
[from data line 3286]
39810717055.34985 1.0 0.0
39810717055.34985 0.7943282347242815 0.0006374453851973899
39810717055.34985 0.6309573444801932 0.0029768590247127324
39810717055.34985 0.5011872336272722 0.00743942517010255
39810717055.34985 0.3981071705534972 0.014422968105716187
39810717055.34985 0.31622776601683794 0.02422354540710099
39810717055.34985 0.251188643150958 0.036973631707159386
39810717055.34985 0.19952623149688797 0.052672068345037064
39810717055.34985 0.15848931924611137 0.07124363220678026
39810717055.34985 0.12589254117941676 0.09258299047952363
39810717055.34985 0.10000000000000002 0.11657647997761199
39810717055.34985 0.07943282347242818 0.14311003407655468
39810717055.34985 0.06309573444801933 0.17207124655525255
39810717055.34985 0.05011872336272722 0.20334982803436677
39810717055.34985 0.039810717055349734 0.2368379669625712
39810717055.34985 0.03162277660168379 0.2724308576989472
39810717055.34985 0.025118864315095808 0.3100272766973997
39810717055.34985 0.0199526231496888 0.3495300639572095
39810717055.34985 0.015848931924611134 0.3908464342559503
39810717055.34985 0.012589254117941675 0.4338881054179186
39810717055.34985 0.01 0.4785712677552406
39810717055.34985 0.00794328234724282 0.5248164335976625
39810717055.34985 0.006309573444801936 0.572548206992535
39810717055.34985 0.005011872336272725 0.6216950081622562
39810717055.34985 0.003981071705534973 0.6721887795434257
39810717055.34985 0.0031622776601683794 0.7239646925540456
39810717055.34985 0.0025118864315095794 0.7769608676836007
39810717055.34985 0.0019952623149688807 0.8311181153781845
39810717055.34985 0.001584893192461114 0.8863797014428102
39810717055.34985 0.0012589254117941675 0.942691138080692
39810717055.34985 0.001 1.0
50118723362.72735 1.0 0.0
50118723362.72735 0.7943282347242815 0.0006537277729689389
50118723362.72735 0.6309573444801932 0.003048597659647805
50118723362.72735 0.5011872336272722 0.00760737789729966
50118723362.72735 0.3981071705534972 0.014726242120195838
50118723362.72735 0.31622776601683794 0.02469550403643507
50118723362.72735 0.251188643150958 0.03763816202265215
50118723362.72735 0.19952623149688797 0.05354207445515888
50118723362.72735 0.15848931924611137 0.07232148968627354
50118723362.72735 0.12589254117941676 0.09386197222234285
50118723362.72735 0.10000000000000002 0.11804279549328202
50118723362.72735 0.07943282347242818 0.14474441415974426
50118723362.72735 0.06309573444801933 0.17385023069194935
50118723362.72735 0.05011872336272722 0.20524812318948832
50118723362.72735 0.039810717055349734 0.23882839786890953
50118723362.72735 0.03162277660168379 0.2744854829801478
50118723362.72735 0.025118864315095808 0.3121179531558321
50118723362.72735 0.0199526231496888 0.3516288425670714
50118723362.72735 0.015848931924611134 0.3929258375585305
50118723362.72735 0.012589254117941675 0.43592131317771343
50118723362.72735 0.01 0.48053223675182294
50118723362.72735 0.00794328234724282 0.5266799704168887
50118723362.72735 0.006309573444801936 0.5742900077762728
50118723362.72735 0.005011872336272725 0.6232916754623129
50118723362.72735 0.003981071705534973 0.6736178235500995
50118723362.72735 0.0031622776601683794 0.7252045218481707
50118723362.72735 0.0025118864315095794 0.7779907731229037
50118723362.72735 0.0019952623149688807 0.8319182496233991
50118723362.72735 0.001584893192461114 0.8869310558471387
50118723362.72735 0.0012589254117941675 0.9429755181141116
50118723362.72735 0.001 1.0
63095734448.019424 1.0 0.0
63095734448.019424 0.7943282347242815 0.0006703463616788208
63095734448.019424 0.6309573444801932 0.00312170271189824
63095734448.019424 0.5011872336272722 0.007778262499639132
63095734448.019424 0.3981071705534972 0.015034353444042673
63095734448.019424 0.31622776601683794 0.025174337743125292
63095734448.019424 0.251188643150958 0.03831155241690441
63095734448.019424 0.19952623149688797 0.054422745494379886
63095734448.019424 0.15848931924611137 0.07341156821969454
63095734448.019424 0.12589254117941676 0.0951545076423444
63095734448.019424 0.10000000000000002 0.11952367567770045
63095734448.019424 0.07943282347242818 0.14639411285466702
63095734448.019424 0.06309573444801933 0.17564576066004609
63095734448.019424 0.05011872336272722 0.20716326461328108
63095734448.019424 0.039810717055349734 0.24083577320083438
63095734448.019424 0.03162277660168379 0.27655696881500236
63095734448.019424 0.025118864315095808 0.3142252341013388
63095734448.019424 0.0199526231496888 0.35374381125460047
63095734448.019424 0.015848931924611134 0.39502086616715276
63095734448.019424 0.012589254117941675 0.4379694449548655
63095734448.019424 0.01 0.48250729777067586
63095734448.019424 0.00794328234724282 0.5285566439871316
63095734448.019424 0.006309573444801936 0.5760438736105826
63095734448.019424 0.005011872336272725 0.624899226064673
63095734448.019424 0.003981071705534973 0.6750564650657437
63095734448.019424 0.0031622776601683794 0.7264525645027158
63095734448.019424 0.0025118864315095794 0.7790274148445346
63095734448.019424 0.0019952623149688807 0.8327235553446622
63095734448.019424 0.001584893192461114 0.8874859342017017
63095734448.019424 0.0012589254117941675 0.9432616967001393
63095734448.019424 0.001 1.0
79432823472.42822 1.0 0.0
79432823472.42822 0.7943282347242815 0.0006873055180598329
79432823472.42822 0.6309573444801932 0.0031961889378756617
79432823472.42822 0.5011872336272722 0.007952104495071746
79432823472.42822 0.3981071705534972 0.015347334758089172
79432823472.42822 0.31622776601683794 0.025660081290017674
79432823472.42822 0.251188643150958 0.038993842172578605
79432823472.42822 0.19952623149688797 0.055314115452028016
79432823472.42822 0.15848931924611137 0.07451389581442024
79432823472.42822 0.12589254117941676 0.09646067774227322
79432823472.42822 0.10000000000000002 0.12101920037520313
79432823472.42822 0.07943282347242818 0.14805921216393694
79432823472.42822 0.06309573444801933 0.17745685901735855
79432823472.42822 0.05011872336272722 0.20909428368125926
79432823472.42822 0.039810717055349734 0.242859142101604
79432823472.42822 0.03162277660168379 0.27864438469079617
79432823472.42822 0.025118864315095808 0.31634821783526573
79432823472.42822 0.0199526231496888 0.3558741025708829
79432823472.42822 0.015848931924611134 0.3971306992739949
79432823472.42822 0.012589254117941675 0.4400317238522186
79432823472.42822 0.01 0.4844957235961377
79432823472.42822 0.00794328234724282 0.5304457815601435
79432823472.42822 0.006309573444801936 0.5778091908062342
79432823472.42822 0.005011872336272725 0.6265171097327591
79432823472.42822 0.003981071705534973 0.6765042215005861
79432823472.42822 0.0031622776601683794 0.7277084095676829
79432823472.42822 0.0025118864315095794 0.7800704573295124
79432823472.42822 0.0019952623149688807 0.8335337760420654
79432823472.42822 0.001584893192461114 0.8880441624107654
79432823472.42822 0.0012589254117941675 0.9435495853280905
79432823472.42822 0.001 1.0
100000000000.0 1.0 0.0
100000000000.0 0.7943282347242815 0.0007046087882301351
100000000000.0 0.6309573444801932 0.0032720671982223214
100000000000.0 0.5011872336272722 0.008128919349830363
100000000000.0 0.3981071705534972 0.015665199625329407
100000000000.0 0.31622776601683794 0.026152737809250103
100000000000.0 0.251188643150958 0.03968499568782924
100000000000.0 0.19952623149688797 0.05621612411086491
100000000000.0 0.15848931924611137 0.0756283840008562
100000000000.0 0.12589254117941676 0.09778016828097469
100000000000.0 0.10000000000000002 0.12252902454778831
100000000000.0 0.07943282347242818 0.1497393385627321
100000000000.0 0.06309573444801933 0.17928348124302676
100000000000.0 0.05011872336272722 0.21104111327155978
100000000000.0 0.039810717055349734 0.24489841678859012
100000000000.0 0.03162277660168379 0.2807476264664683
100000000000.0 0.025118864315095808 0.31848678629103044
100000000000.0 0.0199526231496888 0.35801958796526545
100000000000.0 0.015848931924611134 0.3992551941752726
100000000000.0 0.012589254117941675 0.4421080025937773
100000000000.0 0.01 0.4864973665020413
100000000000.0 0.00794328234724282 0.5323472381252132
100000000000.0 0.006309573444801936 0.5795858201214872
100000000000.0 0.005011872336272725 0.6281451959281154
100000000000.0 0.003981071705534973 0.6779609738290268
100000000000.0 0.0031622776601683794 0.7289719506148724
100000000000.0 0.0025118864315095794 0.7811198108926837
100000000000.0 0.0019952623149688807 0.8343488411885186
100000000000.0 0.001584893192461114 0.8886056913840114
100000000000.0 0.0012589254117941675 0.9438391584533902
100000000000.0 0.001 1.0
125892541179.41713 1.0 0.0
125892541179.41713 0.7943282347242815 0.0007222596146210416
125892541179.41713 0.6309573444801932 0.0033493478292323216
125892541179.41713 0.5011872336272722 0.008308721469886756
125892541179.41713 0.3981071705534972 0.015987959375231554
125892541179.41713 0.31622776601683794 0.02665230678237119
125892541179.41713 0.251188643150958 0.04038502226646587
125892541179.41713 0.19952623149688797 0.05712875462842829
125892541179.41713 0.15848931924611137 0.07675498579488231
125892541179.41713 0.12589254117941676 0.09911298917615666
125892541179.41713 0.10000000000000002 0.12405312732857471
125892541179.41713 0.07943282347242818 0.15143444223500163
125892541179.41713 0.06309573444801933 0.1811255501973052
125892541179.41713 0.05011872336272722 0.21300364940662514
125892541179.41713 0.039810717055349734 0.2469534721829645
125892541179.41713 0.03162277660168379 0.2828665514564511
125892541179.41713 0.025118864315095808 0.3206407827656869
125892541179.41713 0.0199526231496888 0.36018010032639847
125892541179.41713 0.015848931924611134 0.4013941792895683
125892541179.41713 0.012589254117941675 0.44419811362531786
125892541179.41713 0.01 0.4885120590341366
125892541179.41713 0.00794328234724282 0.5342608496432054
125892541179.41713 0.006309573444801936 0.5813736041318444
125892541179.41713 0.005011872336272725 0.6297833369178027
125892541179.41713 0.003981071705534973 0.6794265869595388
125892541179.41713 0.0031622776601683794 0.7302430728031376
125892541179.41713 0.0025118864315095794 0.7821753788410513
125892541179.41713 0.0019952623149688807 0.8351686747924697
125892541179.41713 0.001584893192461114 0.8891704682302796
125892541179.41713 0.0012589254117941675 0.944130388566505
125892541179.41713 0.001 1.0
158489319246.11172 1.0 0.0
158489319246.11172 0.7943282347242815 0.0007402620899245706
158489319246.11172 0.6309573444801932 0.003428044122670428
158489319246.11172 0.5011872336272722 0.00849153255711348
158489319246.11172 0.3981071705534972 0.01631563946599397
158489319246.11172 0.31622776601683794 0.0271588115101521
158489319246.11172 0.251188643150958 0.041093913461652726
158489319246.11172 0.19952623149688797 0.0580519882795323
158489319246.11172 0.15848931924611137 0.07789367155152228
158489319246.11172 0.12589254117941676 0.10045910126213949
158489319246.11172 0.10000000000000002 0.12559146304363178
158489319246.11172 0.07943282347242818 0.15314447293669825
158489319246.11172 0.06309573444801933 0.18298301815111884
158489319246.11172 0.05011872336272722 0.21498099666129972
158489319246.11172 0.039810717055349734 0.2490234262760926
158489319246.11172 0.03162277660168379 0.28500029672579613
158489319246.11172 0.025118864315095808 0.3228093690403922
158489319246.11172 0.0199526231496888 0.36235483171024346
158489319246.11172 0.015848931924611134 0.4035468823772984
158489319246.11172 0.012589254117941675 0.4463013167412751
158489319246.11172 0.01 0.490539107058774
158489319246.11172 0.00794328234724282 0.5361859729621373
158489319246.11172 0.006309573444801936 0.5831719553851245
158489319246.11172 0.005011872336272725 0.6314310054737652
158489319246.11172 0.003981071705534973 0.6809005982182532
158489319246.11172 0.0031622776601683794 0.7315213773600922
158489319246.11172 0.0025118864315095794 0.7832368350383331
158489319246.11172 0.0019952623149688807 0.8359930270971503
158489319246.11172 0.001584893192461114 0.8897383231389784
158489319246.11172 0.0012589254117941675 0.9444231891735407
158489319246.11172 0.001 1.0
199526231496.88828 1.0 0.0
199526231496.88828 0.7943282347242815 0.0007586176185995927
199526231496.88828 0.6309573444801932 0.0035081568735191877
199526231496.88828 0.5011872336272722 0.008677343254968129
199526231496.88828 0.3981071705534972 0.01664820585385663
199526231496.88828 0.31622776601683794 0.027672176591846145
199526231496.88828 0.251188643150958 0.04181154464981972
199526231496.88828 0.19952623149688797 0.05898562955471899
199526231496.88828 0.15848931924611137 0.07904416465452983
199526231496.88828 0.12589254117941676 0.10181813835439153
199526231496.88828 0.10000000000000002 0.12714357024886502
199526231496.88828 0.07943282347242818 0.15486887204831953
199526231496.88828 0.06309573444801933 0.18485522415790911
199526231496.88828 0.05011872336272722 0.21697496855136555
199526231496.88828 0.039810717055349734 0.2511099868157559
199526231496.88828 0.03162277660168379 0.2871504633183782
199526231496.88828 0.025118864315095808 0.3249940388563022
199526231496.88828 0.0199526231496888 0.3645451682020353
199526231496.88828 0.015848931924611134 0.40571458169399
199526231496.88828 0.012589254117941675 0.44841878557119885
199526231496.88828 0.01 0.49257957638604427
199526231496.88828 0.00794328234724282 0.5381235661945265
199526231496.88828 0.006309573444801936 0.5849817244670666
199526231496.88828 0.005011872336272725 0.6330889448591575
199526231496.88828 0.003981071705534973 0.682383643771401
199526231496.88828 0.0031622776601683794 0.7328073951890893
199526231496.88828 0.0025118864315095794 0.7843046037627948
199526231496.88828 0.0019952623149688807 0.8368222159943365
199526231496.88828 0.001584893192461114 0.8903094678400667
199526231496.88828 0.0012589254117941675 0.9447176660485547
199526231496.88828 0.001 1.0
251188643150.95822 1.0 0.0
251188643150.95822 0.7943282347242815 0.0007773313228299165
251188643150.95822 0.6309573444801932 0.003589704053949552
251188643150.95822 0.5011872336272722 0.008866187068650546
251188643150.95822 0.3981071705534972 0.016985706662976836
251188643150.95822 0.31622776601683794 0.02819246350772053
251188643150.95822 0.251188643150958 0.04253799067022691
251188643150.95822 0.19952623149688797 0.05992976868299659
251188643150.95822 0.15848931924611137 0.0802065747798605
251188643150.95822 0.12589254117941676 0.1031902361489481
251188643150.95822 0.10000000000000002 0.12870961836409991
251188643150.95822 0.07943282347242818 0.15660785049029236
251188643150.95822 0.06309573444801933 0.1867424304872021
251188643150.95822 0.05011872336272722 0.21898330922813275
251188643150.95822 0.039810717055349734 0.25321096794915815
251188643150.95822 0.03162277660168379 0.2893149446117492
251188643150.95822 0.025118864315095808 0.3271927738586186
251188643150.95822 0.0199526231496888 0.3667491884964714
251188643150.95822 0.015848931924611134 0.40789546147521194
251188643150.95822 0.012589254117941675 0.45054881807334657
251188643150.95822 0.01 0.494631886560582
251188643150.95822 0.00794328234724282 0.5400721780153158
251188643150.95822 0.006309573444801936 0.58680159640971
251188643150.95822 0.005011872336272725 0.6347559833780848
251188643150.95822 0.003981071705534973 0.6838747018049238
251188643150.95822 0.0031622776601683794 0.7341002606653719
251188643150.95822 0.0025118864315095794 0.7853779816001469
251188643150.95822 0.0019952623149688807 0.8376557060146339
251188643150.95822 0.001584893192461114 0.8908835402634468
251188643150.95822 0.0012589254117941675 0.9450136357013498
251188643150.95822 0.001 1.0
316227766016.83795 1.0 0.0
316227766016.83795 0.7943282347242815 0.0007964056672200671
316227766016.83795 0.6309573444801932 0.0036726912839257163
316227766016.83795 0.5011872336272722 0.009058065676989389
316227766016.83795 0.3981071705534972 0.017328130150199506
316227766016.83795 0.31622776601683794 0.028719635253317128
316227766016.83795 0.251188643150958 0.043273178494571435
316227766016.83795 0.19952623149688797 0.06088428839879359
