src/nupyprop/models/ixc_muon_pn_bdhm_rock.ecsv
# %ECSV 1.0
# ---
# datatype:
# - {name: energy, datatype: float64}
# - {name: y, datatype: float64}
# - {name: cdf_pn_bdhm, datatype: float64}
# meta: !!omap
# - {Description: Muon-nucleon cross-section CDF values for PN_BDHM in rock}
# - {energy: 'Muon energy, in GeV'}
# - {y: Inelasticity; y = (E_initial-E_final)/E_initial}
# - {cdf: Cross-section CDF values for PN_BDHM in rock}
# - {Note: 'The integrated cross-section CDF values should be integrated from y = 1, 10^(-0.1),...,10^(-3). This is a convention we chose
#     to adopt'}
# schema: astropy-2.0
energy y cdf_pn_bdhm
[from data line 1826]
630957.3444801943 0.001584893192461114 0.9066530377327148
630957.3444801943 0.0012589254117941675 0.9531257028717084
630957.3444801943 0.001 1.0
794328.2347242822 1.0 0.0
794328.2347242822 0.7943282347242815 0.005946392772507655
794328.2347242822 0.6309573444801932 0.015544248123238064
794328.2347242822 0.5011872336272722 0.02773259745261984
794328.2347242822 0.3981071705534972 0.04255784364587055
794328.2347242822 0.31622776601683794 0.06005638222098405
794328.2347242822 0.251188643150958 0.08018100521377176
794328.2347242822 0.19952623149688797 0.10281715932910726
794328.2347242822 0.15848931924611137 0.12780904765940113
794328.2347242822 0.12589254117941676 0.15498110374450327
794328.2347242822 0.10000000000000002 0.18415293089701407
794328.2347242822 0.07943282347242818 0.21514871714088904
794328.2347242822 0.06309573444801933 0.24780271035393364
794328.2347242822 0.05011872336272722 0.28196185888183595
794328.2347242822 0.039810717055349734 0.31748687316878993
794328.2347242822 0.03162277660168379 0.35425205732550663
794328.2347242822 0.025118864315095808 0.39214460359274667
794328.2347242822 0.0199526231496888 0.4310636074856536
794328.2347242822 0.015848931924611134 0.47091899616358013
794328.2347242822 0.012589254117941675 0.5116303982335593
794328.2347242822 0.01 0.5531259862019808
794328.2347242822 0.00794328234724282 0.5953415603190764
794328.2347242822 0.006309573444801936 0.6382197740817105
794328.2347242822 0.005011872336272725 0.6817095715875604
794328.2347242822 0.003981071705534973 0.7257651651122732
794328.2347242822 0.0031622776601683794 0.7703458472605633
794328.2347242822 0.0025118864315095794 0.8154153895879853
794328.2347242822 0.0019952623149688807 0.8609418495107765
794328.2347242822 0.001584893192461114 0.9068976664528684
794328.2347242822 0.0012589254117941675 0.9532572063831126
794328.2347242822 0.001 1.0
1000000.0 1.0 0.0
1000000.0 0.7943282347242815 0.005978891933760133
1000000.0 0.6309573444801932 0.015610334182248716
1000000.0 0.5011872336272722 0.02783364147332193
1000000.0 0.3981071705534972 0.042695463387405694
1000000.0 0.31622776601683794 0.0602318848552125
1000000.0 0.251188643150958 0.08039524161346674
1000000.0 0.19952623149688797 0.10307048539765434
1000000.0 0.15848931924611137 0.12810137328124307
1000000.0 0.12589254117941676 0.1553118653310866
1000000.0 0.10000000000000002 0.18452110698887048
1000000.0 0.07943282347242818 0.2155528421333057
1000000.0 0.06309573444801933 0.2482408330590091
1000000.0 0.05011872336272722 0.28243159064288736
1000000.0 0.039810717055349734 0.31798531550239983
1000000.0 0.03162277660168379 0.3547757799810896
1000000.0 0.025118864315095808 0.3926896231174194
1000000.0 0.0199526231496888 0.43162539649846243
1000000.0 0.015848931924611134 0.4714924016573559
1000000.0 0.012589254117941675 0.512209494692753
1000000.0 0.01 0.5537040527667549
1000000.0 0.00794328234724282 0.5959111661344616
1000000.0 0.006309573444801936 0.6387726899695774
1000000.0 0.005011872336272725 0.6822365006006439
1000000.0 0.003981071705534973 0.7262559340104603
1000000.0 0.0031622776601683794 0.7707892647058003
1000000.0 0.0025118864315095794 0.815799271909342
1000000.0 0.0019952623149688807 0.86125297925106
1000000.0 0.001584893192461114 0.9071208520692273
1000000.0 0.0012589254117941675 0.953377289339906
1000000.0 0.001 1.0
1258925.4117941686 1.0 0.0
1258925.4117941686 0.7943282347242815 0.0060096718127052515
1258925.4117941686 0.6309573444801932 0.015672313923352485
1258925.4117941686 0.5011872336272722 0.02792777702859424
1258925.4117941686 0.3981071705534972 0.04282298523793058
1258925.4117941686 0.31622776601683794 0.06039376550097769
1258925.4117941686 0.251188643150958 0.08059205490752276
1258925.4117941686 0.19952623149688797 0.10330240224148761
1258925.4117941686 0.15848931924611137 0.1283681696379345
1258925.4117941686 0.12589254117941676 0.1556129343094299
1258925.4117941686 0.10000000000000002 0.18485547334485516
1258925.4117941686 0.07943282347242818 0.21591914931010586
1258925.4117941686 0.06309573444801933 0.24863737043762837
1258925.4117941686 0.05011872336272722 0.2828562176662312
1258925.4117941686 0.039810717055349734 0.31843547919009696
1258925.4117941686 0.03162277660168379 0.35524846458520026
1258925.4117941686 0.025118864315095808 0.3931813723707318
1258925.4117941686 0.0199526231496888 0.43213221288576625
1258925.4117941686 0.015848931924611134 0.4720096648444175
1258925.4117941686 0.012589254117941675 0.5127319247138239
1258925.4117941686 0.01 0.5542257154014744
1258925.4117941686 0.00794328234724282 0.5964254038146602
1258925.4117941686 0.006309573444801936 0.639272034492259
1258925.4117941686 0.005011872336272725 0.6827126600158574
1258925.4117941686 0.003981071705534973 0.7266997146844272
1258925.4117941686 0.0031622776601683794 0.7711905405179238
1258925.4117941686 0.0025118864315095794 0.8161469714518447
1258925.4117941686 0.0019952623149688807 0.8615347463781986
1258925.4117941686 0.001584893192461114 0.9073235146935168
1258925.4117941686 0.0012589254117941675 0.9534864446449981
1258925.4117941686 0.001 1.0
1584893.1924611141 1.0 0.0
1584893.1924611141 0.7943282347242815 0.006038793208101182
1584893.1924611141 0.6309573444801932 0.015730355415125213
1584893.1924611141 0.5011872336272722 0.02801530164576746
1584893.1924611141 0.3981071705534972 0.04294086115119227
1584893.1924611141 0.31622776601683794 0.06054265089611096
1584893.1924611141 0.251188643150958 0.08077226820851514
1584893.1924611141 0.19952623149688797 0.10351393376146063
1584893.1924611141 0.15848931924611137 0.12861067405208654
1584893.1924611141 0.12589254117941676 0.15588576903913445
1584893.1924611141 0.10000000000000002 0.18515769562695003
1584893.1924611141 0.07943282347242818 0.21624953011128165
1584893.1924611141 0.06309573444801933 0.2489943591639211
1584893.1924611141 0.05011872336272722 0.28323796488991915
1584893.1924611141 0.039810717055349734 0.31883975931106007
1584893.1924611141 0.03162277660168379 0.35567266039215417
1584893.1924611141 0.025118864315095808 0.39362252184922625
1584893.1924611141 0.0199526231496888 0.43258679075533824
1584893.1924611141 0.015848931924611134 0.4724735928525648
1584893.1924611141 0.012589254117941675 0.5132005615260937
1584893.1924611141 0.01 0.5546938617867948
1584893.1924611141 0.00794328234724282 0.5968871433030066
1584893.1924611141 0.006309573444801936 0.6397206993995106
1584893.1924611141 0.005011872336272725 0.6831407961681022
1584893.1924611141 0.003981071705534973 0.7270990745583815
1584893.1924611141 0.0031622776601683794 0.7715519924989457
1584893.1924611141 0.0025118864315095794 0.8164603959676139
1584893.1924611141 0.0019952623149688807 0.861789074648306
1584893.1924611141 0.001584893192461114 0.9075066569058897
1584893.1924611141 0.0012589254117941675 0.9535851824227745
1584893.1924611141 0.001 1.0
1995262.3149688828 1.0 0.0
1995262.3149688828 0.7943282347242815 0.006066316635465485
1995262.3149688828 0.6309573444801932 0.01578462422136076
1995262.3149688828 0.5011872336272722 0.02809650941826572
1995262.3149688828 0.3981071705534972 0.04304953718804242
1995262.3149688828 0.31622776601683794 0.060679156984408844
1995262.3149688828 0.251188643150958 0.08093668885336477
1995262.3149688828 0.19952623149688797 0.1037060718013752
1995262.3149688828 0.15848931924611137 0.12883008750490535
1995262.3149688828 0.12589254117941676 0.15613177367014097
1995262.3149688828 0.10000000000000002 0.1854293975884265
1995262.3149688828 0.07943282347242818 0.21654581361413217
1995262.3149688828 0.06309573444801933 0.24931387002258718
1995262.3149688828 0.05011872336272722 0.28357909125468234
1995262.3149688828 0.039810717055349734 0.31920057849111555
1995262.3149688828 0.03162277660168379 0.35605094213750943
1995262.3149688828 0.025118864315095808 0.39401567707836205
1995262.3149688828 0.0199526231496888 0.432991783607623
1995262.3149688828 0.015848931924611134 0.4728868954955639
1995262.3149688828 0.012589254117941675 0.5136181947903372
1995262.3149688828 0.01 0.5551112335622436
1995262.3149688828 0.00794328234724282 0.5972990209304055
1995262.3149688828 0.006309573444801936 0.6401211785210433
1995262.3149688828 0.005011872336272725 0.6835232927950335
1995262.3149688828 0.003981071705534973 0.7274562177869772
1995262.3149688828 0.0031622776601683794 0.771875553493836
1995262.3149688828 0.0025118864315095794 0.8167412682975961
1995262.3149688828 0.0019952623149688807 0.8620172825812421
1995262.3149688828 0.001584893192461114 0.9076711867253298
1995262.3149688828 0.0012589254117941675 0.953674012648115
1995262.3149688828 0.001 1.0
2511886.4315095823 1.0 0.0
2511886.4315095823 0.7943282347242815 0.0060922976907506554
2511886.4315095823 0.6309573444801932 0.015835262663651782
2511886.4315095823 0.5011872336272722 0.02817165657642263
2511886.4315095823 0.3981071705534972 0.043149403658005174
2511886.4315095823 0.31622776601683794 0.06080382445295895
2511886.4315095823 0.251188643150958 0.08108601154105646
2511886.4315095823 0.19952623149688797 0.10387968655723806
2511886.4315095823 0.15848931924611137 0.12902744019878518
2511886.4315095823 0.12589254117941676 0.15635216651294584
2511886.4315095823 0.10000000000000002 0.18567197624098608
2511886.4315095823 0.07943282347242818 0.21680956836715087
2511886.4315095823 0.06309573444801933 0.24959761651983034
2511886.4315095823 0.05011872336272722 0.2838814356610416
2511886.4315095823 0.039810717055349734 0.3195199186024029
2511886.4315095823 0.03162277660168379 0.35638544386504445
2511886.4315095823 0.025118864315095808 0.3943630602067942
2511886.4315095823 0.0199526231496888 0.43334948489113834
2511886.4315095823 0.015848931924611134 0.4732519539065659
2511886.4315095823 0.012589254117941675 0.5139871477274661
2511886.4315095823 0.01 0.5554800945055021
2511886.4315095823 0.00794328234724282 0.5976632328497049
2511886.4315095823 0.006309573444801936 0.6404756637950506
2511886.4315095823 0.005011872336272725 0.6838624028546723
2511886.4315095823 0.003981071705534973 0.727773370807429
2511886.4315095823 0.0031622776601683794 0.7721633371057157
2511886.4315095823 0.0025118864315095794 0.8169913861854563
2511886.4315095823 0.0019952623149688807 0.862220765301446
2511886.4315095823 0.001584893192461114 0.9078181018810398
2511886.4315095823 0.0012589254117941675 0.9537534350121385
2511886.4315095823 0.001 1.0
3162277.6601683795 1.0 0.0
3162277.6601683795 0.7943282347242815 0.006116804862048136
3162277.6601683795 0.6309573444801932 0.015882448841180303
3162277.6601683795 0.5011872336272722 0.028241059261203093
3162277.6601683795 0.3981071705534972 0.043240940092866144
3162277.6601683795 0.31622776601683794 0.060917318497115874
3162277.6601683795 0.251188643150958 0.08122110345511506
3162277.6601683795 0.19952623149688797 0.10403586145585995
3162277.6601683795 0.15848931924611137 0.1292040593900852
3162277.6601683795 0.12589254117941676 0.15654851228743577
3162277.6601683795 0.10000000000000002 0.18588723223101933
3162277.6601683795 0.07943282347242818 0.21704282784282947
3162277.6601683795 0.06309573444801933 0.2498478576655747
3162277.6601683795 0.05011872336272722 0.2841475004796548
3162277.6601683795 0.039810717055349734 0.31980050414045363
3162277.6601683795 0.03162277660168379 0.3566789896494095
3162277.6601683795 0.025118864315095808 0.3946677326910244
3162277.6601683795 0.0199526231496888 0.4336631374423004
3162277.6601683795 0.015848931924611134 0.4735720635369328
3162277.6601683795 0.012589254117941675 0.5143107759205947
3162277.6601683795 0.01 0.555803842907241
3162277.6601683795 0.00794328234724282 0.5979832193382358
3162277.6601683795 0.006309573444801936 0.6407874877669066
3162277.6601683795 0.005011872336272725 0.6841607302542024
3162277.6601683795 0.003981071705534973 0.7280524179289779
3162277.6601683795 0.0031622776601683794 0.7724167632951014
3162277.6601683795 0.0025118864315095794 0.8172120937703609
3162277.6601683795 0.0019952623149688807 0.8624006359669909
3162277.6601683795 0.001584893192461114 0.9079481919965652
3162277.6601683795 0.0012589254117941675 0.9538239055665505
3162277.6601683795 0.001 1.0
3981071.7055349774 1.0 0.0
3981071.7055349774 0.7943282347242815 0.006139890883260073
3981071.7055349774 0.6309573444801932 0.01592632084268843
3981071.7055349774 0.5011872336272722 0.028304958706476865
3981071.7055349774 0.3981071705534972 0.0433245084719827
3981071.7055349774 0.31622776601683794 0.06102013059950225
3981071.7055349774 0.251188643150958 0.08134260148378786
3981071.7055349774 0.19952623149688797 0.10417538775636008
3981071.7055349774 0.15848931924611137 0.12936089816365276
3981071.7055349774 0.12589254117941676 0.1567219162953848
3981071.7055349774 0.10000000000000002 0.18607642494776147
3981071.7055349774 0.07943282347242818 0.21724699791069454
3981071.7055349774 0.06309573444801933 0.25006613934925337
3981071.7055349774 0.05011872336272722 0.2843789626082239
3981071.7055349774 0.039810717055349734 0.3200440644546381
3981071.7055349774 0.03162277660168379 0.35693338929475454
3981071.7055349774 0.025118864315095808 0.3949314935166161
3981071.7055349774 0.0199526231496888 0.43393451382286585
3981071.7055349774 0.015848931924611134 0.4738490312169445
3981071.7055349774 0.012589254117941675 0.5145909181084729
3981071.7055349774 0.01 0.5560842832764662
3981071.7055349774 0.00794328234724282 0.5982606763739934
3981071.7055349774 0.006309573444801936 0.6410581105221278
3981071.7055349774 0.005011872336272725 0.6844201044565584
3981071.7055349774 0.003981071705534973 0.7282956131416675
3981071.7055349774 0.0031622776601683794 0.7726380849809046
3981071.7055349774 0.0025118864315095794 0.8174051503446865
3981071.7055349774 0.0019952623149688807 0.8625582647110344
3981071.7055349774 0.001584893192461114 0.9080624270613679
3981071.7055349774 0.0012589254117941675 0.9538858837089405
3981071.7055349774 0.001 1.0
5011872.336272725 1.0 0.0
5011872.336272725 0.7943282347242815 0.006161617403697235
5011872.336272725 0.6309573444801932 0.01596703869898925
5011872.336272725 0.5011872336272722 0.02836363627312398
5011872.336272725 0.3981071705534972 0.04340052902795249
5011872.336272725 0.31622776601683794 0.061112839784410095
5011872.336272725 0.251188643150958 0.08145125904780587
5011872.336272725 0.19952623149688797 0.10429920578275635
5011872.336272725 0.15848931924611137 0.12949908585946862
5011872.336272725 0.12589254117941676 0.15687370788915053
5011872.336272725 0.10000000000000002 0.18624108094759198
5011872.336272725 0.07943282347242818 0.21742380024756744
5011872.336272725 0.06309573444801933 0.25025438059867827
5011872.336272725 0.05011872336272722 0.2845778816175813
5011872.336272725 0.039810717055349734 0.3202528158071464
5011872.336272725 0.03162277660168379 0.35715100204765665
5011872.336272725 0.025118864315095808 0.395156824216896
5011872.336272725 0.0199526231496888 0.43416619789749333
5011872.336272725 0.015848931924611134 0.47408543338096604
5011872.336272725 0.012589254117941675 0.5148301075484609
5011872.336272725 0.01 0.5563240074352476
5011872.336272725 0.00794328234724282 0.5984981763725207
5011872.336272725 0.006309573444801936 0.6412900730323077
5011872.336272725 0.005011872336272725 0.6846428721353048
5011872.336272725 0.003981071705534973 0.7285048837512904
5011872.336272725 0.0031622776601683794 0.7728289513844407
5011872.336272725 0.0025118864315095794 0.8175720214254396
5011872.336272725 0.0019952623149688807 0.8626948465145935
5011872.336272725 0.001584893192461114 0.9081616450189288
5011872.336272725 0.0012589254117941675 0.9539398870662363
5011872.336272725 0.001 1.0
6309573.444801942 1.0 0.0
6309573.444801942 0.7943282347242815 0.00618204447622014
6309573.444801942 0.6309573444801932 0.016004757579902433
6309573.444801942 0.5011872336272722 0.028417362753257527
6309573.444801942 0.3981071705534972 0.043469406780438063
6309573.444801942 0.31622776601683794 0.061196004115688936
6309573.444801942 0.251188643150958 0.0815478017862526
