src/nupyprop/models/ixc_tau_pn_bdhm_rock.ecsv
# %ECSV 1.0
# ---
# datatype:
# - {name: energy, datatype: float64}
# - {name: y, datatype: float64}
# - {name: cdf_pn_bdhm, datatype: float64}
# meta: !!omap
# - {Description: Tau-nucleon cross-section CDF values for PN_BDHM in rock}
# - {energy: 'Tau energy, in GeV'}
# - {y: Inelasticity; y = (E_initial-E_final)/E_initial}
# - {cdf: Cross-section CDF values for PN_BDHM in rock}
# - {Note: 'The integrated cross-section CDF values should be integrated from y = 1, 10^(-0.1),...,10^(-3). This is a convention we chose
#     to adopt'}
# schema: astropy-2.0
energy y cdf_pn_bdhm
[from data line 977]
1258.9254117941675 0.025118864315095808 0.20381101023243375
1258.9254117941675 0.0199526231496888 0.2417508760482952
1258.9254117941675 0.015848931924611134 0.282982398631982
1258.9254117941675 0.012589254117941675 0.3274063142659262
1258.9254117941675 0.01 0.374933063089929
1258.9254117941675 0.00794328234724282 0.4254643835301355
1258.9254117941675 0.006309573444801936 0.4789009298099253
1258.9254117941675 0.005011872336272725 0.535142747961991
1258.9254117941675 0.003981071705534973 0.5940923855510015
1258.9254117941675 0.0031622776601683794 0.6556566361460407
1258.9254117941675 0.0025118864315095794 0.7197482970451814
1258.9254117941675 0.0019952623149688807 0.7862889736696186
1258.9254117941675 0.001584893192461114 0.8552113738447459
1258.9254117941675 0.0012589254117941675 0.926461642698892
1258.9254117941675 0.001 1.0
1584.893192461114 1.0 0.0
1584.893192461114 0.7943282347242815 0.0001027265889555274
1584.893192461114 0.6309573444801932 0.0005175710770151507
1584.893192461114 0.5011872336272722 0.0013864272888371727
1584.893192461114 0.3981071705534972 0.002944730574735858
1584.893192461114 0.31622776601683794 0.005528325418176949
1584.893192461114 0.251188643150958 0.009555835209782908
1584.893192461114 0.19952623149688797 0.01548673960462182
1584.893192461114 0.15848931924611137 0.02376562988086263
1584.893192461114 0.12589254117941676 0.03478153927739075
1584.893192461114 0.10000000000000002 0.04884178266340924
1584.893192461114 0.07943282347242818 0.06615818449049318
1584.893192461114 0.06309573444801933 0.08687099304740137
1584.893192461114 0.05011872336272722 0.11104895987117705
1584.893192461114 0.039810717055349734 0.13870873949018242
1584.893192461114 0.03162277660168379 0.16983193395800572
1584.893192461114 0.025118864315095808 0.20437074107742406
1584.893192461114 0.0199526231496888 0.24226461216401546
1584.893192461114 0.015848931924611134 0.28342844009972035
1584.893192461114 0.012589254117941675 0.32778049717407765
1584.893192461114 0.01 0.37523121059780934
1584.893192461114 0.00794328234724282 0.425688026200299
1584.893192461114 0.006309573444801936 0.47905574884300517
1584.893192461114 0.005011872336272725 0.5352399423621408
1584.893192461114 0.003981071705534973 0.5941459111626636
1584.893192461114 0.0031622776601683794 0.6556814726059367
1584.893192461114 0.0025118864315095794 0.7197591148224103
1584.893192461114 0.0019952623149688807 0.786297232750489
1584.893192461114 0.001584893192461114 0.855221950772178
1584.893192461114 0.0012589254117941675 0.9264733182027449
1584.893192461114 0.001 1.0
1995.262314968881 1.0 0.0
1995.262314968881 0.7943282347242815 0.00011056082628462872
1995.262314968881 0.6309573444801932 0.0005431275625077305
1995.262314968881 0.5011872336272722 0.0014397218291811167
1995.262314968881 0.3981071705534972 0.003037481367771296
1995.262314968881 0.31622776601683794 0.005675350399233834
1995.262314968881 0.251188643150958 0.009772140742355726
1995.262314968881 0.19952623149688797 0.0157826179160251
1995.262314968881 0.15848931924611137 0.024147686918254162
1995.262314968881 0.12589254117941676 0.03525293875398706
1995.262314968881 0.10000000000000002 0.04939350996486618
1995.262314968881 0.07943282347242818 0.06678491179436266
1995.262314968881 0.06309573444801933 0.08755898405007921
1995.262314968881 0.05011872336272722 0.11178111605166571
1995.262314968881 0.039810717055349734 0.13946642422788175
1995.262314968881 0.03162277660168379 0.17059360885908245
1995.262314968881 0.025118864315095808 0.20511931244318105
1995.262314968881 0.0199526231496888 0.242972871670898
1995.262314968881 0.015848931924611134 0.2840830814095782
1995.262314968881 0.012589254117941675 0.3283676419040809
1995.262314968881 0.01 0.37574144831372996
1995.262314968881 0.00794328234724282 0.42611572524297336
1995.262314968881 0.006309573444801936 0.4794000888111742
1995.262314968881 0.005011872336272725 0.5355042873440965
1995.262314968881 0.003981071705534973 0.5943413669916623
1995.262314968881 0.0031622776601683794 0.6558203976156037
1995.262314968881 0.0025118864315095794 0.7198544690133821
1995.262314968881 0.0019952623149688807 0.7863610275715075
1995.262314968881 0.001584893192461114 0.8552645729127064
1995.262314968881 0.0012589254117941675 0.9264962433230436
1995.262314968881 0.001 1.0
2511.886431509582 1.0 0.0
2511.886431509582 0.7943282347242815 0.00011810491107365774
2511.886431509582 0.6309573444801932 0.0005685329140077069
2511.886431509582 0.5011872336272722 0.0014933992131064978
2511.886431509582 0.3981071705534972 0.0031338389314741065
2511.886431509582 0.31622776601683794 0.005830344316934433
2511.886431509582 0.251188643150958 0.010002153055271815
2511.886431509582 0.19952623149688797 0.01610003193823721
2511.886431509582 0.15848931924611137 0.02456379892249698
2511.886431509582 0.12589254117941676 0.035767143473900864
2511.886431509582 0.10000000000000002 0.050007087442379264
2511.886431509582 0.07943282347242818 0.06749131991906016
2511.886431509582 0.06309573444801933 0.08834557391982595
2511.886431509582 0.05011872336272722 0.11263162870251997
2511.886431509582 0.039810717055349734 0.1403617164488605
2511.886431509582 0.03162277660168379 0.17151558474246212
2511.886431509582 0.025118864315095808 0.20604169113057516
2511.886431509582 0.0199526231496888 0.24387589380481609
2511.886431509582 0.015848931924611134 0.2849451656759209
2511.886431509582 0.012589254117941675 0.3291710078524101
2511.886431509582 0.01 0.3764707578214469
2511.886431509582 0.00794328234724282 0.4267593830647846
2511.886431509582 0.006309573444801936 0.4799508041811365
2511.886431509582 0.005011872336272725 0.5359635702232268
2511.886431509582 0.003981071705534973 0.5947095848007858
2511.886431509582 0.0031622776601683794 0.6561041723885744
2511.886431509582 0.0025118864315095794 0.7200632373573859
2511.886431509582 0.0019952623149688807 0.7865064598591572
2511.886431509582 0.001584893192461114 0.8553560563549041
2511.886431509582 0.0012589254117941675 0.9265415688047193
2511.886431509582 0.001 1.0
3162.2776601683795 1.0 0.0
3162.2776601683795 0.7943282347242815 0.00012544810069411264
3162.2776601683795 0.6309573444801932 0.0005936378830233296
3162.2776601683795 0.5011872336272722 0.0015484792647051243
3162.2776601683795 0.3981071705534972 0.003234608342270312
3162.2776601683795 0.31622776601683794 0.00599477110914977
3162.2776601683795 0.251188643150958 0.010246106355204877
3162.2776601683795 0.19952623149688797 0.01644082028429529
3162.2776601683795 0.15848931924611137 0.025009360165915536
3162.2776601683795 0.12589254117941676 0.036325593994745796
3162.2776601683795 0.10000000000000002 0.0506801377872664
3162.2776601683795 0.07943282347242818 0.06827221708032917
3162.2776601683795 0.06309573444801933 0.08922511392694457
3162.2776601683795 0.05011872336272722 0.11359621058549899
3162.2776601683795 0.039810717055349734 0.14139352715007134
3162.2776601683795 0.03162277660168379 0.17259366802718407
3162.2776601683795 0.025118864315095808 0.2071411503059076
3162.2776601683795 0.0199526231496888 0.24497294452451843
3162.2776601683795 0.015848931924611134 0.286017780490299
3162.2776601683795 0.012589254117941675 0.3301963155753032
3162.2776601683795 0.01 0.37742815771912436
3162.2776601683795 0.00794328234724282 0.427631025393292
3162.2776601683795 0.006309573444801936 0.48072696748898963
3162.2776601683795 0.005011872336272725 0.5366331210179274
3162.2776601683795 0.003981071705534973 0.5952689002845943
3162.2776601683795 0.0031622776601683794 0.656554113710385
3162.2776601683795 0.0025118864315095794 0.7204085606521592
3162.2776601683795 0.0019952623149688807 0.7867544234365317
3162.2776601683795 0.001584893192461114 0.8555139767580532
3162.2776601683795 0.0012589254117941675 0.9266185016808877
3162.2776601683795 0.001 1.0
3981.0717055349733 1.0 0.0
3981.0717055349733 0.7943282347242815 0.00013267575971649779
3981.0717055349733 0.6309573444801932 0.0006190561317690261
3981.0717055349733 0.5011872336272722 0.0016058970001009763
3981.0717055349733 0.3981071705534972 0.003340536681683151
3981.0717055349733 0.31622776601683794 0.006168086064392446
3981.0717055349733 0.251188643150958 0.01050607542831985
3981.0717055349733 0.19952623149688797 0.016802063021124868
3981.0717055349733 0.15848931924611137 0.02548602587540585
3981.0717055349733 0.12589254117941676 0.03692733573324081
3981.0717055349733 0.10000000000000002 0.051407106251379196
3981.0717055349733 0.07943282347242818 0.06912308525114509
3981.0717055349733 0.06309573444801933 0.09019133631295931
3981.0717055349733 0.05011872336272722 0.11466531497114264
3981.0717055349733 0.039810717055349734 0.14255040429526997
3981.0717055349733 0.03162277660168379 0.17381316966888993
3981.0717055349733 0.025118864315095808 0.20840214067619825
3981.0717055349733 0.0199526231496888 0.24625137539108194
3981.0717055349733 0.015848931924611134 0.28728675213863725
3981.0717055349733 0.012589254117941675 0.3314303014989889
3981.0717055349733 0.01 0.3786028768749868
3981.0717055349733 0.00794328234724282 0.42872727856632553
3981.0717055349733 0.006309573444801936 0.48172325991501525
3981.0717055349733 0.005011872336272725 0.5375145987707203
3981.0717055349733 0.003981071705534973 0.5960252592944352
3981.0717055349733 0.0031622776601683794 0.6571788143498655
3981.0717055349733 0.0025118864315095794 0.7209010728983652
3981.0717055349733 0.0019952623149688807 0.787114488474573
3981.0717055349733 0.001584893192461114 0.8557497465313149
3981.0717055349733 0.0012589254117941675 0.9267337602505965
3981.0717055349733 0.001 1.0
5011.872336272725 1.0 0.0
5011.872336272725 0.7943282347242815 0.00013980279144312104
5011.872336272725 0.6309573444801932 0.0006451701430680822
5011.872336272725 0.5011872336272722 0.0016656946217250151
5011.872336272725 0.3981071705534972 0.0034523848684325257
5011.872336272725 0.31622776601683794 0.006351053322478611
5011.872336272725 0.251188643150958 0.010779271496171
5011.872336272725 0.19952623149688797 0.017183703264701183
5011.872336272725 0.15848931924611137 0.025992188831690643
5011.872336272725 0.12589254117941676 0.037565686347627074
5011.872336272725 0.10000000000000002 0.052183550290717924
5011.872336272725 0.07943282347242818 0.07003565895060188
5011.872336272725 0.06309573444801933 0.09123470351441745
5011.872336272725 0.05011872336272722 0.1158289636037756
5011.872336272725 0.039810717055349734 0.14381434602562068
5011.872336272725 0.03162277660168379 0.17515930442245778
5011.872336272725 0.025118864315095808 0.2098085482098416
5011.872336272725 0.0199526231496888 0.2476923508440929
5011.872336272725 0.015848931924611134 0.2887353782046882
5011.872336272725 0.012589254117941675 0.3328587677130915
5011.872336272725 0.01 0.37998520971144306
5011.872336272725 0.00794328234724282 0.43003495776540207
5011.872336272725 0.006309573444801936 0.48293303116542347
5011.872336272725 0.005011872336272725 0.538605604152368
5011.872336272725 0.003981071705534973 0.5969743647852829
5011.872336272725 0.0031622776601683794 0.6579792681922817
5011.872336272725 0.0025118864315095794 0.7215417566801664
5011.872336272725 0.0019952623149688807 0.7875949672730909
5011.872336272725 0.001584893192461114 0.8560675110358311
5011.872336272725 0.0012589254117941675 0.9268911742697633
5011.872336272725 0.001 1.0
6309.573444801937 1.0 0.0
6309.573444801937 0.7943282347242815 0.00014690329370968316
6309.573444801937 0.6309573444801932 0.0006723697893097671
6309.573444801937 0.5011872336272722 0.0017286832328609408
6309.573444801937 0.3981071705534972 0.0035689079019453154
6309.573444801937 0.31622776601683794 0.0065417167985289595
6309.573444801937 0.251188643150958 0.011063603299579568
6309.573444801937 0.19952623149688797 0.0175827613267168
6309.573444801937 0.15848931924611137 0.026520223537074773
6309.573444801937 0.12589254117941676 0.03823448730631677
6309.573444801937 0.10000000000000002 0.05299833343063158
6309.573444801937 0.07943282347242818 0.07099816935356751
6309.573444801937 0.06309573444801933 0.09234087709782773
6309.573444801937 0.05011872336272722 0.11706580036532427
6309.573444801937 0.039810717055349734 0.1451688238653434
6309.573444801937 0.03162277660168379 0.17661224031687445
6309.573444801937 0.025118864315095808 0.21133711730720736
6309.573444801937 0.0199526231496888 0.24927108908816445
6309.573444801937 0.015848931924611134 0.29033656452344125
6309.573444801937 0.012589254117941675 0.33445388421669997
6309.573444801937 0.01 0.38154230766782865
6309.573444801937 0.00794328234724282 0.431525417374005
6309.573444801937 0.006309573444801936 0.4843285329837854
6309.573444801937 0.005011872336272725 0.5398796165324028
6309.573444801937 0.003981071705534973 0.5981093678238331
6309.573444801937 0.0031622776601683794 0.6589486073394386
6309.573444801937 0.0025118864315095794 0.722332687069235
6309.573444801937 0.0019952623149688807 0.7881947660121505
6309.573444801937 0.001584893192461114 0.856469561733577
6309.573444801937 0.0012589254117941675 0.9270936301246665
6309.573444801937 0.001 1.0
7943.282347242822 1.0 0.0
7943.282347242822 0.7943282347242815 0.00015407694150604073
7943.282347242822 0.6309573444801932 0.000700606256827247
7943.282347242822 0.5011872336272722 0.0017941716112812717
7943.282347242822 0.3981071705534972 0.003690552049253705
7943.282347242822 0.31622776601683794 0.006739114188224108
7943.282347242822 0.251188643150958 0.011360003272417974
7943.282347242822 0.19952623149688797 0.017997491226255564
7943.282347242822 0.15848931924611137 0.027069613772426095
7943.282347242822 0.12589254117941676 0.03893031918617872
7943.282347242822 0.10000000000000002 0.053849004019471666
7943.282347242822 0.07943282347242818 0.07200485525644693
7943.282347242822 0.06309573444801933 0.09349952693044769
7943.282347242822 0.05011872336272722 0.11836683318193525
7943.282347242822 0.039810717055349734 0.146598592543485
7943.282347242822 0.03162277660168379 0.1781537320137935
7943.282347242822 0.025118864315095808 0.21296822954269376
7943.282347242822 0.0199526231496888 0.25096694780691653
7943.282347242822 0.015848931924611134 0.29207013731821074
7943.282347242822 0.012589254117941675 0.3361931168287655
7943.282347242822 0.01 0.3832561445944239
7943.282347242822 0.00794328234724282 0.4331817339507761
7943.282347242822 0.006309573444801936 0.48589521525595075
7943.282347242822 0.005011872336272725 0.5413268911742841
7943.282347242822 0.003981071705534973 0.5994068948769878
7943.282347242822 0.0031622776601683794 0.6600724253674768
7943.282347242822 0.0025118864315095794 0.7232598164547418
7943.282347242822 0.0019952623149688807 0.7889068944232694
7943.282347242822 0.001584893192461114 0.8569544406747494
7943.282347242822 0.0012589254117941675 0.9273383331872777
7943.282347242822 0.001 1.0
10000.0 1.0 0.0
10000.0 0.7943282347242815 0.0001614770313061428
10000.0 0.6309573444801932 0.0007301649092185647
10000.0 0.5011872336272722 0.001862251189508512
10000.0 0.3981071705534972 0.003816028903840219
10000.0 0.31622776601683794 0.0069432932828091525
10000.0 0.251188643150958 0.011665685638696474
10000.0 0.19952623149688797 0.018424364325364526
10000.0 0.15848931924611137 0.02763478944818293
10000.0 0.12589254117941676 0.039648098761331484
10000.0 0.10000000000000002 0.05472696997747947
10000.0 0.07943282347242818 0.07304658852430039
10000.0 0.06309573444801933 0.0946982531498063
10000.0 0.05011872336272722 0.11971628021135984
10000.0 0.039810717055349734 0.14808725121400704
10000.0 0.03162277660168379 0.17976434947510359
10000.0 0.025118864315095808 0.2146800223140204
10000.0 0.0199526231496888 0.2527565905742368
10000.0 0.015848931924611134 0.29390690770895933
10000.0 0.012589254117941675 0.3380472344765844
10000.0 0.01 0.3850955001947261
10000.0 0.00794328234724282 0.4349720398291079
10000.0 0.006309573444801936 0.48760241911372926
10000.0 0.005011872336272725 0.542915359498136
10000.0 0.003981071705534973 0.6008454402520264
10000.0 0.0031622776601683794 0.6613293578356596
10000.0 0.0025118864315095794 0.7243067077332649
