src/nupyprop/models/ixc_neutrino_bsm.ecsv
# %ECSV 1.0
# ---
# datatype:
# - {name: energy, datatype: float64}
# - {name: y, datatype: float64}
# - {name: cc_cdf_bsm, datatype: float64}
# - {name: nc_cdf_bsm, datatype: float64}
# meta: !!omap
# - {Description: Neutrino-nucleon cross-section CDF values for BSM}
# - {energy: 'Neutrino energy, in GeV'}
# - {y: Inelasticity; y = (E_initial-E_final)/E_initial}
# - {cdf_bsm: Cross-section CDF values for bsm}
# - {nc_cdf_bsm: Cross-section NC CDF values for bsm}
# - {Note: 'The integrated cross-section CDF values should be integrated from y = 1, 10^(-0.1),...,10^(-3). This is a convention we chose
#     to adopt'}
# schema: astropy-2.0
energy y cc_cdf_bsm nc_cdf_bsm
1000.0 1.0 0.0 0.0
1000.0 0.7943282347242815 0.0 0.0
1000.0 0.6309573444801932 0.0 0.0
1000.0 0.5011872336272722 0.0 0.0
1000.0 0.3981071705534972 0.0 0.0
1000.0 0.31622776601683794 0.0 0.0
1000.0 0.251188643150958 0.0 0.0
1000.0 0.19952623149688797 0.0 0.0
1000.0 0.15848931924611137 0.0 0.0
1000.0 0.12589254117941676 0.0 0.0
1000.0 0.10000000000000002 0.0 0.0
1000.0 0.07943282347242818 0.0 0.0
1000.0 0.06309573444801933 0.0 0.0
1000.0 0.05011872336272722 0.0 0.0
1000.0 0.039810717055349734 0.0 0.0
1000.0 0.03162277660168379 0.0 0.0
1000.0 0.025118864315095808 0.0 0.0
1000.0 0.0199526231496888 0.0 0.0
1000.0 0.015848931924611134 0.0 0.0
1000.0 0.012589254117941675 0.0 0.0
1000.0 0.01 0.0 0.0
1000.0 0.00794328234724282 0.0 0.0
1000.0 0.006309573444801936 0.0 0.0
1000.0 0.005011872336272725 0.0 0.0
1000.0 0.003981071705534973 0.0 0.0
1000.0 0.0031622776601683794 0.0 0.0
1000.0 0.0025118864315095794 0.0 0.0
1000.0 0.0019952623149688807 0.0 0.0
1000.0 0.001584893192461114 0.0 0.0
1000.0 0.0012589254117941675 0.0 0.0
1000.0 0.001 0.0 0.0
1258.9254117941675 1.0 0.0 0.0
1258.9254117941675 0.7943282347242815 0.0 0.0
1258.9254117941675 0.6309573444801932 0.0 0.0
1258.9254117941675 0.5011872336272722 0.0 0.0
1258.9254117941675 0.3981071705534972 0.0 0.0
1258.9254117941675 0.31622776601683794 0.0 0.0
1258.9254117941675 0.251188643150958 0.0 0.0
1258.9254117941675 0.19952623149688797 0.0 0.0
1258.9254117941675 0.15848931924611137 0.0 0.0
1258.9254117941675 0.12589254117941676 0.0 0.0
1258.9254117941675 0.10000000000000002 0.0 0.0
1258.9254117941675 0.07943282347242818 0.0 0.0
1258.9254117941675 0.06309573444801933 0.0 0.0
1258.9254117941675 0.05011872336272722 0.0 0.0
1258.9254117941675 0.039810717055349734 0.0 0.0
1258.9254117941675 0.03162277660168379 0.0 0.0
1258.9254117941675 0.025118864315095808 0.0 0.0
1258.9254117941675 0.0199526231496888 0.0 0.0
1258.9254117941675 0.015848931924611134 0.0 0.0
1258.9254117941675 0.012589254117941675 0.0 0.0
1258.9254117941675 0.01 0.0 0.0
1258.9254117941675 0.00794328234724282 0.0 0.0
1258.9254117941675 0.006309573444801936 0.0 0.0
1258.9254117941675 0.005011872336272725 0.0 0.0
1258.9254117941675 0.003981071705534973 0.0 0.0
1258.9254117941675 0.0031622776601683794 0.0 0.0
1258.9254117941675 0.0025118864315095794 0.0 0.0
1258.9254117941675 0.0019952623149688807 0.0 0.0
1258.9254117941675 0.001584893192461114 0.0 0.0
1258.9254117941675 0.0012589254117941675 0.0 0.0
1258.9254117941675 0.001 0.0 0.0
1584.893192461114 1.0 0.0 0.0
1584.893192461114 0.7943282347242815 0.0 0.0
1584.893192461114 0.6309573444801932 0.0 0.0
1584.893192461114 0.5011872336272722 0.0 0.0
1584.893192461114 0.3981071705534972 0.0 0.0
1584.893192461114 0.31622776601683794 0.0 0.0
1584.893192461114 0.251188643150958 0.0 0.0
1584.893192461114 0.19952623149688797 0.0 0.0
1584.893192461114 0.15848931924611137 0.0 0.0
1584.893192461114 0.12589254117941676 0.0 0.0
1584.893192461114 0.10000000000000002 0.0 0.0
1584.893192461114 0.07943282347242818 0.0 0.0
1584.893192461114 0.06309573444801933 0.0 0.0
1584.893192461114 0.05011872336272722 0.0 0.0
1584.893192461114 0.039810717055349734 0.0 0.0
1584.893192461114 0.03162277660168379 0.0 0.0
1584.893192461114 0.025118864315095808 0.0 0.0
1584.893192461114 0.0199526231496888 0.0 0.0
1584.893192461114 0.015848931924611134 0.0 0.0
1584.893192461114 0.012589254117941675 0.0 0.0
1584.893192461114 0.01 0.0 0.0
1584.893192461114 0.00794328234724282 0.0 0.0
1584.893192461114 0.006309573444801936 0.0 0.0
1584.893192461114 0.005011872336272725 0.0 0.0
1584.893192461114 0.003981071705534973 0.0 0.0
1584.893192461114 0.0031622776601683794 0.0 0.0
1584.893192461114 0.0025118864315095794 0.0 0.0
1584.893192461114 0.0019952623149688807 0.0 0.0
1584.893192461114 0.001584893192461114 0.0 0.0
1584.893192461114 0.0012589254117941675 0.0 0.0
1584.893192461114 0.001 0.0 0.0
1995.2623149688789 1.0 0.0 0.0
1995.2623149688789 0.7943282347242815 0.0 0.0
1995.2623149688789 0.6309573444801932 0.0 0.0
1995.2623149688789 0.5011872336272722 0.0 0.0
1995.2623149688789 0.3981071705534972 0.0 0.0
1995.2623149688789 0.31622776601683794 0.0 0.0
1995.2623149688789 0.251188643150958 0.0 0.0
1995.2623149688789 0.19952623149688797 0.0 0.0
1995.2623149688789 0.15848931924611137 0.0 0.0
1995.2623149688789 0.12589254117941676 0.0 0.0
1995.2623149688789 0.10000000000000002 0.0 0.0
1995.2623149688789 0.07943282347242818 0.0 0.0
1995.2623149688789 0.06309573444801933 0.0 0.0
1995.2623149688789 0.05011872336272722 0.0 0.0
1995.2623149688789 0.039810717055349734 0.0 0.0
1995.2623149688789 0.03162277660168379 0.0 0.0
1995.2623149688789 0.025118864315095808 0.0 0.0
1995.2623149688789 0.0199526231496888 0.0 0.0
1995.2623149688789 0.015848931924611134 0.0 0.0
1995.2623149688789 0.012589254117941675 0.0 0.0
1995.2623149688789 0.01 0.0 0.0
1995.2623149688789 0.00794328234724282 0.0 0.0
1995.2623149688789 0.006309573444801936 0.0 0.0
1995.2623149688789 0.005011872336272725 0.0 0.0
1995.2623149688789 0.003981071705534973 0.0 0.0
1995.2623149688789 0.0031622776601683794 0.0 0.0
1995.2623149688789 0.0025118864315095794 0.0 0.0
1995.2623149688789 0.0019952623149688807 0.0 0.0
1995.2623149688789 0.001584893192461114 0.0 0.0
1995.2623149688789 0.0012589254117941675 0.0 0.0
1995.2623149688789 0.001 0.0 0.0
2511.88643150958 1.0 0.0 0.0
2511.88643150958 0.7943282347242815 0.0 0.0
2511.88643150958 0.6309573444801932 0.0 0.0
2511.88643150958 0.5011872336272722 0.0 0.0
2511.88643150958 0.3981071705534972 0.0 0.0
2511.88643150958 0.31622776601683794 0.0 0.0
2511.88643150958 0.251188643150958 0.0 0.0
2511.88643150958 0.19952623149688797 0.0 0.0
2511.88643150958 0.15848931924611137 0.0 0.0
2511.88643150958 0.12589254117941676 0.0 0.0
2511.88643150958 0.10000000000000002 0.0 0.0
2511.88643150958 0.07943282347242818 0.0 0.0
2511.88643150958 0.06309573444801933 0.0 0.0
2511.88643150958 0.05011872336272722 0.0 0.0
2511.88643150958 0.039810717055349734 0.0 0.0
2511.88643150958 0.03162277660168379 0.0 0.0
2511.88643150958 0.025118864315095808 0.0 0.0
2511.88643150958 0.0199526231496888 0.0 0.0
2511.88643150958 0.015848931924611134 0.0 0.0
2511.88643150958 0.012589254117941675 0.0 0.0
2511.88643150958 0.01 0.0 0.0
2511.88643150958 0.00794328234724282 0.0 0.0
2511.88643150958 0.006309573444801936 0.0 0.0
2511.88643150958 0.005011872336272725 0.0 0.0
2511.88643150958 0.003981071705534973 0.0 0.0
2511.88643150958 0.0031622776601683794 0.0 0.0
2511.88643150958 0.0025118864315095794 0.0 0.0
2511.88643150958 0.0019952623149688807 0.0 0.0
2511.88643150958 0.001584893192461114 0.0 0.0
2511.88643150958 0.0012589254117941675 0.0 0.0
2511.88643150958 0.001 0.0 0.0
3162.2776601683795 1.0 0.0 0.0
3162.2776601683795 0.7943282347242815 0.0 0.0
3162.2776601683795 0.6309573444801932 0.0 0.0
3162.2776601683795 0.5011872336272722 0.0 0.0
3162.2776601683795 0.3981071705534972 0.0 0.0
3162.2776601683795 0.31622776601683794 0.0 0.0
3162.2776601683795 0.251188643150958 0.0 0.0
3162.2776601683795 0.19952623149688797 0.0 0.0
3162.2776601683795 0.15848931924611137 0.0 0.0
3162.2776601683795 0.12589254117941676 0.0 0.0
3162.2776601683795 0.10000000000000002 0.0 0.0
3162.2776601683795 0.07943282347242818 0.0 0.0
3162.2776601683795 0.06309573444801933 0.0 0.0
3162.2776601683795 0.05011872336272722 0.0 0.0
3162.2776601683795 0.039810717055349734 0.0 0.0
3162.2776601683795 0.03162277660168379 0.0 0.0
3162.2776601683795 0.025118864315095808 0.0 0.0
3162.2776601683795 0.0199526231496888 0.0 0.0
3162.2776601683795 0.015848931924611134 0.0 0.0
3162.2776601683795 0.012589254117941675 0.0 0.0
3162.2776601683795 0.01 0.0 0.0
3162.2776601683795 0.00794328234724282 0.0 0.0
3162.2776601683795 0.006309573444801936 0.0 0.0
3162.2776601683795 0.005011872336272725 0.0 0.0
3162.2776601683795 0.003981071705534973 0.0 0.0
3162.2776601683795 0.0031622776601683794 0.0 0.0
3162.2776601683795 0.0025118864315095794 0.0 0.0
3162.2776601683795 0.0019952623149688807 0.0 0.0
3162.2776601683795 0.001584893192461114 0.0 0.0
3162.2776601683795 0.0012589254117941675 0.0 0.0
3162.2776601683795 0.001 0.0 0.0
3981.0717055349733 1.0 0.0 0.0
3981.0717055349733 0.7943282347242815 0.0 0.0
3981.0717055349733 0.6309573444801932 0.0 0.0
3981.0717055349733 0.5011872336272722 0.0 0.0
3981.0717055349733 0.3981071705534972 0.0 0.0
3981.0717055349733 0.31622776601683794 0.0 0.0
3981.0717055349733 0.251188643150958 0.0 0.0
3981.0717055349733 0.19952623149688797 0.0 0.0
3981.0717055349733 0.15848931924611137 0.0 0.0
3981.0717055349733 0.12589254117941676 0.0 0.0
3981.0717055349733 0.10000000000000002 0.0 0.0
3981.0717055349733 0.07943282347242818 0.0 0.0
3981.0717055349733 0.06309573444801933 0.0 0.0
3981.0717055349733 0.05011872336272722 0.0 0.0
3981.0717055349733 0.039810717055349734 0.0 0.0
3981.0717055349733 0.03162277660168379 0.0 0.0
3981.0717055349733 0.025118864315095808 0.0 0.0
3981.0717055349733 0.0199526231496888 0.0 0.0
3981.0717055349733 0.015848931924611134 0.0 0.0
3981.0717055349733 0.012589254117941675 0.0 0.0
3981.0717055349733 0.01 0.0 0.0
3981.0717055349733 0.00794328234724282 0.0 0.0
3981.0717055349733 0.006309573444801936 0.0 0.0
3981.0717055349733 0.005011872336272725 0.0 0.0
3981.0717055349733 0.003981071705534973 0.0 0.0
3981.0717055349733 0.0031622776601683794 0.0 0.0
3981.0717055349733 0.0025118864315095794 0.0 0.0
3981.0717055349733 0.0019952623149688807 0.0 0.0
3981.0717055349733 0.001584893192461114 0.0 0.0
3981.0717055349733 0.0012589254117941675 0.0 0.0
3981.0717055349733 0.001 0.0 0.0
5011.872336272725 1.0 0.0 0.0
5011.872336272725 0.7943282347242815 0.0 0.0
5011.872336272725 0.6309573444801932 0.0 0.0
5011.872336272725 0.5011872336272722 0.0 0.0
5011.872336272725 0.3981071705534972 0.0 0.0
5011.872336272725 0.31622776601683794 0.0 0.0
5011.872336272725 0.251188643150958 0.0 0.0
5011.872336272725 0.19952623149688797 0.0 0.0
5011.872336272725 0.15848931924611137 0.0 0.0
5011.872336272725 0.12589254117941676 0.0 0.0
5011.872336272725 0.10000000000000002 0.0 0.0
5011.872336272725 0.07943282347242818 0.0 0.0
5011.872336272725 0.06309573444801933 0.0 0.0
5011.872336272725 0.05011872336272722 0.0 0.0
5011.872336272725 0.039810717055349734 0.0 0.0
5011.872336272725 0.03162277660168379 0.0 0.0
5011.872336272725 0.025118864315095808 0.0 0.0
5011.872336272725 0.0199526231496888 0.0 0.0
5011.872336272725 0.015848931924611134 0.0 0.0
5011.872336272725 0.012589254117941675 0.0 0.0
5011.872336272725 0.01 0.0 0.0
5011.872336272725 0.00794328234724282 0.0 0.0
5011.872336272725 0.006309573444801936 0.0 0.0
5011.872336272725 0.005011872336272725 0.0 0.0
5011.872336272725 0.003981071705534973 0.0 0.0
5011.872336272725 0.0031622776601683794 0.0 0.0
5011.872336272725 0.0025118864315095794 0.0 0.0
5011.872336272725 0.0019952623149688807 0.0 0.0
5011.872336272725 0.001584893192461114 0.0 0.0
5011.872336272725 0.0012589254117941675 0.0 0.0
5011.872336272725 0.001 0.0 0.0
6309.57344480193 1.0 0.0 0.0
6309.57344480193 0.7943282347242815 0.0 0.0
6309.57344480193 0.6309573444801932 0.0 0.0
6309.57344480193 0.5011872336272722 0.0 0.0
6309.57344480193 0.3981071705534972 0.0 0.0
6309.57344480193 0.31622776601683794 0.0 0.0
6309.57344480193 0.251188643150958 0.0 0.0
6309.57344480193 0.19952623149688797 0.0 0.0
6309.57344480193 0.15848931924611137 0.0 0.0
6309.57344480193 0.12589254117941676 0.0 0.0
6309.57344480193 0.10000000000000002 0.0 0.0
6309.57344480193 0.07943282347242818 0.0 0.0
6309.57344480193 0.06309573444801933 0.0 0.0
6309.57344480193 0.05011872336272722 0.0 0.0
6309.57344480193 0.039810717055349734 0.0 0.0
6309.57344480193 0.03162277660168379 0.0 0.0
6309.57344480193 0.025118864315095808 0.0 0.0
6309.57344480193 0.0199526231496888 0.0 0.0
6309.57344480193 0.015848931924611134 0.0 0.0
6309.57344480193 0.012589254117941675 0.0 0.0
6309.57344480193 0.01 0.0 0.0
6309.57344480193 0.00794328234724282 0.0 0.0
6309.57344480193 0.006309573444801936 0.0 0.0
6309.57344480193 0.005011872336272725 0.0 0.0
6309.57344480193 0.003981071705534973 0.0 0.0
6309.57344480193 0.0031622776601683794 0.0 0.0
6309.57344480193 0.0025118864315095794 0.0 0.0
6309.57344480193 0.0019952623149688807 0.0 0.0
6309.57344480193 0.001584893192461114 0.0 0.0
6309.57344480193 0.0012589254117941675 0.0 0.0
6309.57344480193 0.001 0.0 0.0
7943.282347242814 1.0 0.0 0.0
7943.282347242814 0.7943282347242815 0.0 0.0
7943.282347242814 0.6309573444801932 0.0 0.0
7943.282347242814 0.5011872336272722 0.0 0.0
7943.282347242814 0.3981071705534972 0.0 0.0
7943.282347242814 0.31622776601683794 0.0 0.0
7943.282347242814 0.251188643150958 0.0 0.0
7943.282347242814 0.19952623149688797 0.0 0.0
7943.282347242814 0.15848931924611137 0.0 0.0
7943.282347242814 0.12589254117941676 0.0 0.0
7943.282347242814 0.10000000000000002 0.0 0.0
7943.282347242814 0.07943282347242818 0.0 0.0
7943.282347242814 0.06309573444801933 0.0 0.0
7943.282347242814 0.05011872336272722 0.0 0.0
7943.282347242814 0.039810717055349734 0.0 0.0
7943.282347242814 0.03162277660168379 0.0 0.0
7943.282347242814 0.025118864315095808 0.0 0.0
7943.282347242814 0.0199526231496888 0.0 0.0
7943.282347242814 0.015848931924611134 0.0 0.0
7943.282347242814 0.012589254117941675 0.0 0.0
7943.282347242814 0.01 0.0 0.0
7943.282347242814 0.00794328234724282 0.0 0.0
7943.282347242814 0.006309573444801936 0.0 0.0
7943.282347242814 0.005011872336272725 0.0 0.0
7943.282347242814 0.003981071705534973 0.0 0.0
7943.282347242814 0.0031622776601683794 0.0 0.0
7943.282347242814 0.0025118864315095794 0.0 0.0
7943.282347242814 0.0019952623149688807 0.0 0.0
7943.282347242814 0.001584893192461114 0.0 0.0
7943.282347242814 0.0012589254117941675 0.0 0.0
7943.282347242814 0.001 0.0 0.0
10000.0 1.0 0.0 0.0
10000.0 0.7943282347242815 0.0 0.0
10000.0 0.6309573444801932 0.0 0.0
10000.0 0.5011872336272722 0.0 0.0
10000.0 0.3981071705534972 0.0 0.0
10000.0 0.31622776601683794 0.0 0.0
10000.0 0.251188643150958 0.0 0.0
10000.0 0.19952623149688797 0.0 0.0
10000.0 0.15848931924611137 0.0 0.0
10000.0 0.12589254117941676 0.0 0.0
10000.0 0.10000000000000002 0.0 0.0
10000.0 0.07943282347242818 0.0 0.0
10000.0 0.06309573444801933 0.0 0.0
10000.0 0.05011872336272722 0.0 0.0
10000.0 0.039810717055349734 0.0 0.0
10000.0 0.03162277660168379 0.0 0.0
10000.0 0.025118864315095808 0.0 0.0
10000.0 0.0199526231496888 0.0 0.0
10000.0 0.015848931924611134 0.0 0.0
10000.0 0.012589254117941675 0.0 0.0
10000.0 0.01 0.0 0.0
10000.0 0.00794328234724282 0.0 0.0
10000.0 0.006309573444801936 0.0 0.0
10000.0 0.005011872336272725 0.0 0.0
10000.0 0.003981071705534973 0.0 0.0
10000.0 0.0031622776601683794 0.0 0.0
10000.0 0.0025118864315095794 0.0 0.0
10000.0 0.0019952623149688807 0.0 0.0
10000.0 0.001584893192461114 0.0 0.0
10000.0 0.0012589254117941675 0.0 0.0
10000.0 0.001 0.0 0.0
12589.254117941662 1.0 0.0 0.0
12589.254117941662 0.7943282347242815 0.0 0.0
12589.254117941662 0.6309573444801932 0.0 0.0
12589.254117941662 0.5011872336272722 0.0 0.0
12589.254117941662 0.3981071705534972 0.0 0.0
12589.254117941662 0.31622776601683794 0.0 0.0
12589.254117941662 0.251188643150958 0.0 0.0
12589.254117941662 0.19952623149688797 0.0 0.0
12589.254117941662 0.15848931924611137 0.0 0.0
12589.254117941662 0.12589254117941676 0.0 0.0
12589.254117941662 0.10000000000000002 0.0 0.0
12589.254117941662 0.07943282347242818 0.0 0.0
12589.254117941662 0.06309573444801933 0.0 0.0
12589.254117941662 0.05011872336272722 0.0 0.0
12589.254117941662 0.039810717055349734 0.0 0.0
12589.254117941662 0.03162277660168379 0.0 0.0
12589.254117941662 0.025118864315095808 0.0 0.0
12589.254117941662 0.0199526231496888 0.0 0.0
12589.254117941662 0.015848931924611134 0.0 0.0
12589.254117941662 0.012589254117941675 0.0 0.0
12589.254117941662 0.01 0.0 0.0
12589.254117941662 0.00794328234724282 0.0 0.0
12589.254117941662 0.006309573444801936 0.0 0.0
12589.254117941662 0.005011872336272725 0.0 0.0
12589.254117941662 0.003981071705534973 0.0 0.0
12589.254117941662 0.0031622776601683794 0.0 0.0
12589.254117941662 0.0025118864315095794 0.0 0.0
12589.254117941662 0.0019952623149688807 0.0 0.0
