src/nupyprop/models/ixc_neutrino_ctw.ecsv
# %ECSV 0.9
# ---
# datatype:
# - {name: energy, datatype: float64}
# - {name: y, datatype: float64}
# - {name: cc_cdf_ctw, datatype: float64}
# - {name: nc_cdf_ctw, datatype: float64}
# meta: !!omap
# - {Description: Neutrino-nucleon cross-section CDF values for CTW}
# - {energy: 'Neutrino energy, in GeV'}
# - {y: 'Inelasticity, y = (E_init-E_final)/E_initial.'}
# - {cc_cdf: Charged current cross-section CDF value}
# - {nc_cdf: Neutral current cross-section CDF value}
# - {Note: 'The integrated cross-section CDF values should be integrated from y = 0, 10^(-0.1),...,10^(-3). This is a convention we chose
#     to adopt'}
# schema: astropy-2.0
energy y cc_cdf_ctw nc_cdf_ctw
[from data line 2642]
316227766016.83795 0.19952623149688797 0.34646941242226736 0.32415955003657737
316227766016.83795 0.15848931924611137 0.39452029630957963 0.3695454241911592
316227766016.83795 0.12589254117941676 0.4419319485596588 0.4145169135048353
316227766016.83795 0.10000000000000002 0.4885627297412356 0.45897740227611505
316227766016.83795 0.07943282347242818 0.5342464122638098 0.5028109212392091
316227766016.83795 0.06309573444801933 0.5787912902286811 0.5458799279549862
316227766016.83795 0.05011872336272722 0.6219810233678047 0.5880237070668164
316227766016.83795 0.039810717055349734 0.6635779812740987 0.6290579140826208
316227766016.83795 0.03162277660168379 0.7033298198123619 0.6687759169083616
316227766016.83795 0.025118864315095808 0.7409797674400551 0.7069526531808086
316227766016.83795 0.0199526231496888 0.7762805567371762 0.7433516424321474
316227766016.83795 0.015848931924611134 0.8090111175269997 0.7777354878114237
316227766016.83795 0.012589254117941675 0.8389942034635003 0.8098796231822267
316227766016.83795 0.01 0.8661123546406867 0.8395882493955027
316227766016.83795 0.00794328234724282 0.8903193685156906 0.86671053841689
316227766016.83795 0.006309573444801936 0.911645006266079 0.891154573231619
316227766016.83795 0.005011872336272725 0.9301919486533095 0.9128964620633212
316227766016.83795 0.003981071705534973 0.946125642539566 0.9319827839469833
316227766016.83795 0.0031622776601683794 0.9596590836641616 0.9485258500865865
316227766016.83795 0.0025118864315095794 0.9710353129680065 0.962692772036521
316227766016.83795 0.0019952623149688807 0.9805103319367443 0.9746904931537129
316227766016.83795 0.001584893192461114 0.9883384605752334 0.9847494144439779
316227766016.83795 0.0012589254117941675 0.9947612253917969 0.9931079980279132
316227766016.83795 0.001 1.0 1.0
398107170553.49695 0.0 0.0 0.0
398107170553.49695 0.7943282347242815 0.05004497545720665 0.04660997032659997
398107170553.49695 0.6309573444801932 0.09995122352030861 0.09313305658264603
398107170553.49695 0.5011872336272722 0.14968391860644625 0.13954722375674944
398107170553.49695 0.3981071705534972 0.1991998395560235 0.1858249960733631
398107170553.49695 0.31622776601683794 0.24844554159536503 0.23193219792051722
398107170553.49695 0.251188643150958 0.2973552403677794 0.27782645139335016
398107170553.49695 0.19952623149688797 0.3458484263791304 0.3234554111038639
398107170553.49695 0.15848931924611137 0.3938272735583205 0.3687547331569041
398107170553.49695 0.12589254117941676 0.44117397514465995 0.41364580431503806
398107170553.49695 0.10000000000000002 0.48774823899751063 0.45803330468727044
398107170553.49695 0.07943282347242818 0.533385303886801 0.5018027484160519
398107170553.49695 0.06309573444801933 0.5778949902984998 0.5448182460365615
398107170553.49695 0.05011872336272722 0.6210624491370487 0.5869208589029911
398107170553.49695 0.039810717055349734 0.6626513708240888 0.6279280595782335
398107170553.49695 0.03162277660168379 0.7024103907598075 0.6676349443613132
398107170553.49695 0.025118864315095808 0.7400831851072484 0.705817913657208
398107170553.49695 0.0199526231496888 0.7754222230078268 0.7422414678537153
398107170553.49695 0.015848931924611134 0.8082053344110381 0.776668478018621
398107170553.49695 0.012589254117941675 0.8382533102758899 0.8088737294237306
398107170553.49695 0.01 0.8654459684551843 0.838659736042167
398107170553.49695 0.00794328234724282 0.8897338577854222 0.8658729566509861
398107170553.49695 0.006309573444801936 0.9111432899631579 0.8904179092089786
398107170553.49695 0.005011872336272725 0.929773646557646 0.9122666094998979
398107170553.49695 0.003981071705534973 0.9457875288092762 0.9314614332558269
398107170553.49695 0.0031622776601683794 0.9593957408740861 0.9481107990184704
398107170553.49695 0.0025118864315095794 0.9708398629592799 0.9623785762916313
398107170553.49695 0.0019952623149688807 0.9803751328966385 0.9744693187148841
398107170553.49695 0.001584893192461114 0.9882556943541047 0.9846119403968812
398107170553.49695 0.0012589254117941675 0.9947233391796948 0.9930442441689898
398107170553.49695 0.001 1.0 1.0
501187233627.2735 0.0 0.0 0.0
501187233627.2735 0.7943282347242815 0.049953597725429844 0.04650841145515827
501187233627.2735 0.6309573444801932 0.09977005695294394 0.09293123808097437
501187233627.2735 0.5011872336272722 0.1494149405721361 0.13924676856588114
501187233627.2735 0.3981071705534972 0.1988455036285356 0.18542792742604386
501187233627.2735 0.31622776601683794 0.2480088810194898 0.23144103174336272
501187233627.2735 0.251188643150958 0.29683998774581377 0.2772443064541146
501187233627.2735 0.19952623149688797 0.34525914854148465 0.32278613825662805
501187233627.2735 0.15848931924611137 0.39316951807815104 0.36800306383281023
501187233627.2735 0.12589254117941676 0.44045442116916655 0.41281751627588725
501187233627.2735 0.10000000000000002 0.48697483977156675 0.4571353996444161
501187233627.2735 0.07943282347242818 0.532567401571125 0.5008436310606035
501187233627.2735 0.06309573444801933 0.5770433760159475 0.5438078871130594
501187233627.2735 0.05011872336272722 0.6201893341138189 0.5858709163660455
501187233627.2735 0.039810717055349734 0.6617702307484978 0.6268519225565328
501187233627.2735 0.03162277660168379 0.7015356489463986 0.6665476568013852
501187233627.2735 0.025118864315095808 0.7392297149081217 0.704735931848426
501187233627.2735 0.0199526231496888 0.7746046785980644 0.7411822135232529
501187233627.2735 0.015848931924611134 0.8074373593993034 0.7756496711588173
501187233627.2735 0.012589254117941675 0.8375467164486989 0.8079125243205414
501187233627.2735 0.01 0.8648100071259066 0.8377717353984657
501187233627.2735 0.00794328234724282 0.8891747079307066 0.8650712288516446
501187233627.2735 0.006309573444801936 0.9106638531508793 0.8897121629808861
501187233627.2735 0.005011872336272725 0.9293736760787437 0.9116626707876156
501187233627.2735 0.003981071705534973 0.945464050318169 0.9309611162524511
501187233627.2735 0.0031622776601683794 0.9591436684436522 0.947712181094137
501187233627.2735 0.0025118864315095794 0.9706526931362982 0.9620766032480678
501187233627.2735 0.0019952623149688807 0.9802456105668561 0.9742566105644602
501187233627.2735 0.001584893192461114 0.9881763765432571 0.984479653075544
501187233627.2735 0.0012589254117941675 0.9946870211088018 0.9929828652270981
501187233627.2735 0.001 1.0 1.0
630957344480.1943 0.0 0.0 0.0
630957344480.1943 0.7943282347242815 0.04986696540056701 0.046411972609055274
630957344480.1943 0.6309573444801932 0.09959828757087907 0.09273958244707758
630957344480.1943 0.5011872336272722 0.14915989517994355 0.13896142281883261
630957344480.1943 0.3981071705534972 0.19850949177328736 0.1850507950172834
630957344480.1943 0.31622776601683794 0.2475947583689565 0.23097448000596088
630957344480.1943 0.251188643150958 0.29635126911523446 0.27669127051151554
630957344480.1943 0.19952623149688797 0.34470013541710187 0.32215024306589524
630957344480.1943 0.15848931924611137 0.3925454373942733 0.3672887645842552
630957344480.1943 0.12589254117941676 0.4397715685536647 0.4120302553986105
630957344480.1943 0.10000000000000002 0.4862407155044196 0.4562817754909664
630957344480.1943 0.07943282347242818 0.5317908211185971 0.49993156862106347
630957344480.1943 0.06309573444801933 0.5762345297332727 0.542846794621283
630957344480.1943 0.05011872336272722 0.619359763931081 0.5848718035497631
630957344480.1943 0.039810717055349734 0.6609326879016494 0.6258274474078831
630957344480.1943 0.03162277660168379 0.7007037997439299 0.665512060112543
630957344480.1943 0.025118864315095808 0.7384176751231503 0.7037048158292971
630957344480.1943 0.0199526231496888 0.7738263837853578 0.7401721272924457
630957344480.1943 0.015848931924611134 0.8067058164110402 0.7746774864403766
630957344480.1943 0.012589254117941675 0.8368732222956807 0.8069946212897166
630957344480.1943 0.01 0.8642034508024689 0.8369230672302475
630957344480.1943 0.00794328234724282 0.8886410737842747 0.8643043818242231
630957344480.1943 0.006309573444801936 0.9102060132749092 0.8890365583998593
630957344480.1943 0.005011872336272725 0.9289915005219865 0.9110840482935504
630957344480.1943 0.003981071705534973 0.9451547971088303 0.9304813897718768
630957344480.1943 0.0031622776601683794 0.9589025636562208 0.9473296812830366
630957344480.1943 0.0025118864315095794 0.9704735896072102 0.961786640189093
630957344480.1943 0.0019952623149688807 0.9801216234174083 0.9740522349764167
630957344480.1943 0.001584893192461114 0.9881004238423604 0.9843524779944174
630957344480.1943 0.0012589254117941675 0.9946522343320616 0.9929238300792428
630957344480.1943 0.001 1.0 1.0
794328234724.2821 0.0 0.0 0.0
794328234724.2821 0.7943282347242815 0.04978485401195476 0.0463204257839428
794328234724.2821 0.6309573444801932 0.09943547208191694 0.09255763838800868
794328234724.2821 0.5011872336272722 0.14891812731251353 0.13869051779957708
794328234724.2821 0.3981071705534972 0.19819094567642026 0.18469271998092696
794328234724.2821 0.31622776601683794 0.2472021227193678 0.23053146267495417
794328234724.2821 0.251188643150958 0.29588785384320726 0.2761660734056236
794328234724.2821 0.19952623149688797 0.3441699922608884 0.3215462787315565
794328234724.2821 0.15848931924611137 0.39195349130952306 0.36661022831818435
794328234724.2821 0.12589254117941676 0.4391237536911127 0.4112822739213199
794328234724.2821 0.10000000000000002 0.4855441048048408 0.45547056707025946
794328234724.2821 0.07943282347242818 0.5310537325616753 0.49906460573319444
794328234724.2821 0.06309573444801933 0.5754665853892975 0.5419329541500844
794328234724.2821 0.05011872336272722 0.6185718714727132 0.5839214818707568
794328234724.2821 0.039810717055349734 0.6601369104977859 0.6248526092575749
794328234724.2821 0.03162277660168379 0.6999130827167471 0.6645261827472976
794328234724.2821 0.025118864315095808 0.7376454102052488 0.7027226868548646
794328234724.2821 0.0199526231496888 0.7730858166876764 0.7392094601246233
794328234724.2821 0.015848931924611134 0.8060093391606181 0.7737503361338682
794328234724.2821 0.012589254117941675 0.8362316307386544 0.8061186175649335
794328234724.2821 0.01 0.8636252763703458 0.8361125274369792
794328234724.2821 0.00794328234724282 0.8881321026311076 0.8635714129929115
794328234724.2821 0.006309573444801936 0.9097690776026228 0.8883902869366381
794328234724.2821 0.005011872336272725 0.9286265719120905 0.9105301115514318
794328234724.2821 0.003981071705534973 0.9448593481096471 0.9300217796568945
794328234724.2821 0.0031622776601683794 0.958672113791503 0.9469629572291518
794328234724.2821 0.0025118864315095794 0.9703023302034142 0.9615084519974266
794328234724.2821 0.0019952623149688807 0.9800030236976788 0.9738560414441336
794328234724.2821 0.001584893192461114 0.9880277488910618 0.9842303297185059
794328234724.2821 0.0012589254117941675 0.9946189400490704 0.9928671023282154
794328234724.2821 0.001 1.0 1.0
1000000000000.0 0.0 0.0 0.0
1000000000000.0 0.7943282347242815 0.04970704760431088 0.04623355037960075
1000000000000.0 0.6309573444801932 0.0992811838711063 0.09238496911888916
1000000000000.0 0.5011872336272722 0.1486890062561843 0.13843340603249632
1000000000000.0 0.3981071705534972 0.19788903862095508 0.1843528509655894
1000000000000.0 0.31622776601683794 0.24682996128794588 0.23011093294479468
1000000000000.0 0.251188643150958 0.2954485552018081 0.27566748323417933
1000000000000.0 0.19952623149688797 0.34366737306484574 0.3209728409168867
1000000000000.0 0.15848931924611137 0.3913921921023825 0.3659658936275605
1000000000000.0 0.12589254117941676 0.43850936792723827 0.41057187183478705
1000000000000.0 0.10000000000000002 0.4848833022897162 0.4546999577102696
1000000000000.0 0.07943282347242818 0.530354361440416 0.4982408347443169
1000000000000.0 0.06309573444801933 0.574737730291284 0.5410643965809081
1000000000000.0 0.05011872336272722 0.6178238392112981 0.5830179538912104
1000000000000.0 0.039810717055349734 0.6593811110280607 0.6239254185135045
1000000000000.0 0.03162277660168379 0.6991617751033279 0.6635880810059396
1000000000000.0 0.025118864315095808 0.7369112947660359 0.701787685328406
1000000000000.0 0.0199526231496888 0.7723814776473836 0.7382924726493245
1000000000000.0 0.015848931924611134 0.8053465757907118 0.772866632548391
1000000000000.0 0.012589254117941675 0.8356207520142648 0.8052831013747191
1000000000000.0 0.01 0.8630744620479451 0.8353388951761525
1000000000000.0 0.00794328234724282 0.8876469385263371 0.8628712972082151
1000000000000.0 0.006309573444801936 0.9093523471240146 0.8877725139319641
1000000000000.0 0.005011872336272725 0.9282783343816197 0.9100002027703447
1000000000000.0 0.003981071705534973 0.9445772739603652 0.9295817854037877
1000000000000.0 0.0031622776601683794 0.9584519983778612 0.9466116429839162
1000000000000.0 0.0025118864315095794 0.9701386861797551 0.9612417839866769
1000000000000.0 0.0019952623149688807 0.9798896586269418 0.9736678646670629
1000000000000.0 0.001584893192461114 0.987958261004151 0.9841131130899915
1000000000000.0 0.0012589254117941675 0.9945870978446626 0.992812640866575
1000000000000.0 0.001 1.0 1.0
