src/nupyprop/models/ixc_tau_pn_ckmt_rock.ecsv
# %ECSV 1.0
# ---
# datatype:
# - {name: energy, datatype: float64}
# - {name: y, datatype: float64}
# - {name: cdf_pn_ckmt, datatype: float64}
# meta: !!omap
# - {Description: Tau-nucleon cross-section CDF values for PN_CKMT in rock}
# - {energy: 'Tau energy, in GeV'}
# - {y: Inelasticity; y = (E_initial-E_final)/E_initial}
# - {cdf: Cross-section CDF values for PN_CKMT in rock}
# - {Note: 'The integrated cross-section CDF values should be integrated from y = 1, 10^(-0.1),...,10^(-3). This is a convention we chose
#     to adopt'}
# schema: astropy-2.0
energy y cdf_pn_ckmt
[from data line 3574]
316227766016.83795 0.12589254117941676 0.10457517553681203
316227766016.83795 0.10000000000000002 0.13028933471816953
316227766016.83795 0.07943282347242818 0.15836108245227076
316227766016.83795 0.06309573444801933 0.1886442595834276
316227766016.83795 0.05011872336272722 0.22100644691196775
316227766016.83795 0.039810717055349734 0.2553267484174246
316227766016.83795 0.03162277660168379 0.2914940749098131
316227766016.83795 0.025118864315095808 0.32940586681714484
316227766016.83795 0.0199526231496888 0.3689671468001903
316227766016.83795 0.015848931924611134 0.41008974034771883
316227766016.83795 0.012589254117941675 0.452691600252081
316227766016.83795 0.01 0.49669619387005975
316227766016.83795 0.00794328234724282 0.5420319378317519
316227766016.83795 0.006309573444801936 0.5886316764949672
316227766016.83795 0.005011872336272725 0.6364322048534194
316227766016.83795 0.003981071705534973 0.6853738372523278
316227766016.83795 0.0031622776601683794 0.7354000223083176
316227766016.83795 0.0025118864315095794 0.7864570030295691
316227766016.83795 0.0019952623149688807 0.8384935198691733
316227766016.83795 0.001584893192461114 0.8914605535208305
316227766016.83795 0.0012589254117941675 0.9453111037086513
316227766016.83795 0.001 1.0
398107170553.49854 1.0 0.0
398107170553.49854 0.7943282347242815 0.0008158436176034493
398107170553.49854 0.6309573444801932 0.003757126473043654
398107170553.49854 0.5011872336272722 0.009252988755019509
398107170553.49854 0.3981071705534972 0.01767547795624246
398107170553.49854 0.31622776601683794 0.02925367593815245
398107170553.49854 0.251188643150958 0.04401706647112263
398107170553.49854 0.19952623149688797 0.06184911565862748
398107170553.49854 0.15848931924611137 0.08256653798913342
398107170553.49854 0.12589254117941676 0.1059728141675594
398107170553.49854 0.10000000000000002 0.13188254358136883
398107170553.49854 0.07943282347242818 0.1601283638650865
398107170553.49854 0.06309573444801933 0.19056048013548774
398107170553.49854 0.05011872336272722 0.22304412957985995
398107170553.49854 0.039810717055349734 0.25745706027597176
398107170553.49854 0.03162277660168379 0.29368757201239687
398107170553.49854 0.025118864315095808 0.3316330258803198
398107170553.49854 0.0199526231496888 0.3711987461956402
398107170553.49854 0.015848931924611134 0.4122971208442966
398107170553.49854 0.012589254117941675 0.45484683850465607
398107170553.49854 0.01 0.4987722128667743
398107170553.49854 0.00794328234724282 0.54400257250497
398107170553.49854 0.006309573444801936 0.5904717079021014
398107170553.49854 0.005011872336272725 0.6381173726410312
398107170553.49854 0.003981071705534973 0.6868808373555213
398107170553.49854 0.0031622776601683794 0.7367064948031201
398107170553.49854 0.0025118864315095794 0.7875415135856639
398107170553.49854 0.0019952623149688807 0.8393355371975195
398107170553.49854 0.001584893192461114 0.8920404244634668
398107170553.49854 0.0012589254117941675 0.945610027091159
398107170553.49854 0.001 1.0
501187233627.2735 1.0 0.0
501187233627.2735 0.7943282347242815 0.0008356480185069276
501187233627.2735 0.6309573444801932 0.003843016935740859
501187233627.2735 0.5011872336272722 0.009450962041378594
501187233627.2735 0.3981071705534972 0.018027746633497765
501187233627.2735 0.31622776601683794 0.029794563253816776
501187233627.2735 0.251188643150958 0.04476960520806785
501187233627.2735 0.19952623149688797 0.06282416839962052
501187233627.2735 0.15848931924611137 0.08376386645401271
501187233627.2735 0.12589254117941676 0.10738299903880125
501187233627.2735 0.10000000000000002 0.13348905779530712
501187233627.2735 0.07943282347242818 0.16190947186956534
501187233627.2735 0.06309573444801933 0.1924908416564214
501187233627.2735 0.05011872336272722 0.22509608336251644
501187233627.2735 0.039810717055349734 0.2596016159139332
501187233627.2735 0.03162277660168379 0.29589513421478464
501187233627.2735 0.025118864315095808 0.33387394002252724
501187233627.2735 0.0199526231496888 0.37344367108361254
501187233627.2735 0.015848931924611134 0.4145172874638344
501187233627.2735 0.012589254117941675 0.4570142219912995
501187233627.2735 0.01 0.5008596418060995
501187233627.2735 0.00794328234724282 0.5459837936769631
501187233627.2735 0.006309573444801936 0.5923214198001409
501187233627.2735 0.005011872336272725 0.6398112374250877
501187233627.2735 0.003981071705534973 0.6883954781463935
501187233627.2735 0.0031622776601683794 0.7380194832067251
501187233627.2735 0.0025118864315095794 0.7886313508735535
501187233627.2735 0.0019952623149688807 0.8401816315235173
501187233627.2735 0.001584893192461114 0.8926230657532775
501187233627.2735 0.0012589254117941675 0.9459103607188648
501187233627.2735 0.001 1.0
630957344480.1943 1.0 0.0
630957344480.1943 0.7943282347242815 0.0008558215931793652
630957344480.1943 0.6309573444801932 0.003930369398819538
630957344480.1943 0.5011872336272722 0.00965199136381666
630957344480.1943 0.3981071705534972 0.01838493170167264
630957344480.1943 0.31622776601683794 0.030342272597521158
630957344480.1943 0.251188643150958 0.045530741643646004
630957344480.1943 0.19952623149688797 0.0638093597478402
630957344480.1943 0.15848931924611137 0.08497259706613584
630957344480.1943 0.12589254117941676 0.1088055703654719
630957344480.1943 0.10000000000000002 0.1351086828103577
630957344480.1943 0.07943282347242818 0.16370418219633012
630957344480.1943 0.06309573444801933 0.19443509205463114
630957344480.1943 0.05011872336272722 0.22716203278991987
630957344480.1943 0.039810717055349734 0.26176010420865986
630957344480.1943 0.03162277660168379 0.2981164366777665
630957344480.1943 0.025118864315095808 0.33612827563587144
630957344480.1943 0.0199526231496888 0.3757015840022729
630957344480.1943 0.015848931924611134 0.4167499037225598
630957344480.1943 0.012589254117941675 0.45919341992313495
630957344480.1943 0.01 0.5029581601751382
630957344480.1943 0.00794328234724282 0.5479752955428022
630957344480.1943 0.006309573444801936 0.5941805253695133
630957344480.1943 0.005011872336272725 0.6415135354893591
630957344480.1943 0.003981071705534973 0.6899175229699848
630957344480.1943 0.0031622776601683794 0.7393387817235938
630957344480.1943 0.0025118864315095794 0.7897263435969408
630957344480.1943 0.0019952623149688807 0.8410316695337275
630957344480.1943 0.001584893192461114 0.8932083853881376
630957344480.1943 0.0012589254117941675 0.946212057078008
630957344480.1943 0.001 1.0
794328234724.2821 1.0 0.0
794328234724.2821 0.7943282347242815 0.0008763668913622456
794328234724.2821 0.6309573444801932 0.004019189765501474
794328234724.2821 0.5011872336272722 0.00985608010609695
794328234724.2821 0.3981071705534972 0.018747024626805876
794328234724.2821 0.31622776601683794 0.030896773381946307
794328234724.2821 0.251188643150958 0.04630041475468966
794328234724.2821 0.19952623149688797 0.06480459271415853
794328234724.2821 0.15848931924611137 0.08619259426944716
794328234724.2821 0.12589254117941676 0.11024035396882682
794328234724.2821 0.10000000000000002 0.13674120764094846
794328234724.2821 0.07943282347242818 0.16551225017533244
794328234724.2821 0.06309573444801933 0.19639295696457318
794328234724.2821 0.05011872336272722 0.2292416783314809
794328234724.2821 0.039810717055349734 0.2639322314219443
794328234724.2821 0.03162277660168379 0.3003511703286968
794328234724.2821 0.025118864315095808 0.3383957133421807
794328234724.2821 0.0199526231496888 0.3779721602612705
794328234724.2821 0.015848931924611134 0.41899464452611135
794328234724.2821 0.012589254117941675 0.46138411159241843
794328234724.2821 0.01 0.5050674563048164
794328234724.2821 0.00794328234724282 0.5499767799740679
794328234724.2821 0.006309573444801936 0.5960487443666279
794328234724.2821 0.005011872336272725 0.6432240086583086
794328234724.2821 0.003981071705534973 0.6914467397399575
794328234724.2821 0.0031622776601683794 0.740664188216592
794328234724.2821 0.0025118864315095794 0.7908263232684027
794328234724.2821 0.0019952623149688807 0.8418855199327862
794328234724.2821 0.001584893192461114 0.8937962926534411
794328234724.2821 0.0012589254117941675 0.9465150692687131
794328234724.2821 0.001 1.0
1000000000000.0 1.0 0.0
1000000000000.0 0.7943282347242815 0.000897286362553621
1000000000000.0 0.6309573444801932 0.004109483455930744
1000000000000.0 0.5011872336272722 0.010063230003981974
1000000000000.0 0.3981071705534972 0.019114014405082088
1000000000000.0 0.31622776601683794 0.031458031712919235
1000000000000.0 0.251188643150958 0.04707855944937572
1000000000000.0 0.19952623149688797 0.0658097655502475
1000000000000.0 0.15848931924611137 0.08742371754432392
1000000000000.0 0.12589254117941676 0.11168717203141262
1000000000000.0 0.10000000000000002 0.13838641806123012
1000000000000.0 0.07943282347242818 0.16733342499906506
1000000000000.0 0.06309573444801933 0.19836415685985373
1000000000000.0 0.05011872336272722 0.23133471654248874
1000000000000.0 0.039810717055349734 0.26611765315069946
1000000000000.0 0.03162277660168379 0.3025989771778659
1000000000000.0 0.025118864315095808 0.3406758868262071
1000000000000.0 0.0199526231496888 0.3802550304340944
1000000000000.0 0.015848931924611134 0.42125114245530915
1000000000000.0 0.012589254117941675 0.46358593657820135
1000000000000.0 0.01 0.5071871816162967
1000000000000.0 0.00794328234724282 0.5519879149185365
1000000000000.0 0.006309573444801936 0.5979257657846111
1000000000000.0 0.005011872336272725 0.6449423713206032
1000000000000.0 0.003981071705534973 0.6929828724217058
1000000000000.0 0.0031622776601683794 0.7419954802412884
1000000000000.0 0.0025118864315095794 0.7919311048812231
1000000000000.0 0.0019952623149688807 0.8427430388364404
1000000000000.0 0.001584893192461114 0.894386688310979
1000000000000.0 0.0012589254117941675 0.9468193460659905
1000000000000.0 0.001 1.0
