src/nupyprop/models/ixc_neutrino_bsm.ecsv
# %ECSV 1.0
# ---
# datatype:
# - {name: energy, datatype: float64}
# - {name: y, datatype: float64}
# - {name: cc_cdf_bsm, datatype: float64}
# - {name: nc_cdf_bsm, datatype: float64}
# meta: !!omap
# - {Description: Neutrino-nucleon cross-section CDF values for BSM}
# - {energy: 'Neutrino energy, in GeV'}
# - {y: Inelasticity; y = (E_initial-E_final)/E_initial}
# - {cdf_bsm: Cross-section CDF values for bsm}
# - {nc_cdf_bsm: Cross-section NC CDF values for bsm}
# - {Note: 'The integrated cross-section CDF values should be integrated from y = 1, 10^(-0.1),...,10^(-3). This is a convention we chose
#     to adopt'}
# schema: astropy-2.0
energy y cc_cdf_bsm nc_cdf_bsm
[from data line 11724]
63095734448.019424 0.008685113737513529 0.9922696594127376 0.0
63095734448.019424 0.008286427728546842 0.9926706916842839 0.0
63095734448.019424 0.0079060432109077 0.9930533147606692 0.0
63095734448.019424 0.007543120063354615 0.9934183737072071 0.0
63095734448.019424 0.0071968567300115215 0.9937666747968924 0.0
63095734448.019424 0.006866488450042998 0.9940989872911441 0.0
63095734448.019424 0.006551285568595509 0.9944160451388034 0.0
63095734448.019424 0.006250551925273976 0.9947185485971414 0.0
63095734448.019424 0.005963623316594642 0.9950071657784536 0.0
63095734448.019424 0.005689866029018299 0.9952825341256604 0.0
63095734448.019424 0.005428675439323859 0.9955452618201694 0.0
63095734448.019424 0.005179474679231213 0.9957959291251117 0.0
63095734448.019424 0.004941713361323833 0.9960350896669162 0.0
63095734448.019424 0.004714866363457394 0.9962632716580555 0.0
63095734448.019424 0.004498432668969444 0.9964809790636608 0.0
63095734448.019424 0.004291934260128779 0.9966886927145848 0.0
63095734448.019424 0.004094915062380427 0.9968868713693694 0.0
63095734448.019424 0.003906939937054617 0.9970759527274647 0.0
63095734448.019424 0.0037275937203149418 0.997256354395937 0.0
63095734448.019424 0.0035564803062231283 0.9974284748117989 0.0
63095734448.019424 0.00339322177189533 0.9975926941220027 0.0
63095734448.019424 0.0032374575428176433 0.9977493750230361 0.0
63095734448.019424 0.0030888435964774815 0.9978988635619777 0.0
63095734448.019424 0.0029470517025518097 0.9980414899007799 0.0
63095734448.019424 0.002811768697974231 0.9981775690454686 0.0
63095734448.019424 0.002682695795279727 0.9983074015418683 0.0
63095734448.019424 0.002559547922699536 0.9984312741393904 0.0
63095734448.019424 0.0024420530945486523 0.998549460424352 0.0
63095734448.019424 0.002329951810515372 0.9986622214242203 0.0
63095734448.019424 0.0022229964825261957 0.9987698061841217 0.0
63095734448.019424 0.0021209508879201904 0.9988724523168843 0.0
63095734448.019424 0.0020235896477251575 0.9989703865278329 0.0
63095734448.019424 0.0019306977288832496 0.9990638251154926 0.0
63095734448.019424 0.0018420699693267163 0.9991529744493077 0.0
63095734448.019424 0.001757510624854793 0.9992380314254318 0.0
63095734448.019424 0.0016768329368110084 0.9993191839015939 0.0
63095734448.019424 0.001599858719606059 0.9993966111120044 0.0
63095734448.019424 0.0015264179671752333 0.9994704840632118 0.0
63095734448.019424 0.0014563484775012444 0.9995409659117913 0.0
63095734448.019424 0.0013894954943731374 0.9996082123246929 0.0
63095734448.019424 0.0013257113655901094 0.9996723718230495 0.0
63095734448.019424 0.0012648552168552957 0.9997335861102022 0.0
63095734448.019424 0.0012067926406393288 0.999791990384668 0.0
63095734448.019424 0.0011513953993264481 0.9998477136387403 0.0
63095734448.019424 0.0010985411419875584 0.9999008789433824 0.0
63095734448.019424 0.0010481131341546852 0.9999516037200443 0.0
63095734448.019424 0.001 1.0 0.0
79432823472.42822 1.0 0.0 0.0
79432823472.42822 0.99 0.005186560785553795 0.0
79432823472.42822 0.98 0.015243503380693357 0.0
79432823472.42822 0.97 0.02530187999464828 0.0
79432823472.42822 0.96 0.035360369803841385 0.0
79432823472.42822 0.95 0.04541894253726375 0.0
79432823472.42822 0.94 0.05547756633453016 0.0
79432823472.42822 0.9299999999999999 0.0655362251690299 0.0
79432823472.42822 0.92 0.07559490955111292 0.0
79432823472.42822 0.91 0.0856536133981256 0.0
79432823472.42822 0.9 0.0957123325738245 0.0
79432823472.42822 0.89 0.10577106413637538 0.0
79432823472.42822 0.88 0.11582980591810255 0.0
79432823472.42822 0.87 0.12588855627537865 0.0
79432823472.42822 0.86 0.13594731393209192 0.0
79432823472.42822 0.85 0.1460060778775596 0.0
79432823472.42822 0.84 0.15606484729761916 0.0
79432823472.42822 0.83 0.16612362152673688 0.0
79432823472.42822 0.8200000000000001 0.17618240001387864 0.0
79432823472.42822 0.81 0.18624118229765185 0.0
79432823472.42822 0.8 0.19629996798784954 0.0
79432823472.42822 0.79 0.20635875675151505 0.0
79432823472.42822 0.78 0.21641754830225857 0.0
79432823472.42822 0.77 0.22647634239195646 0.0
79432823472.42822 0.76 0.23653513880422172 0.0
79432823472.42822 0.75 0.24659393734921076 0.0
79432823472.42822 0.74 0.25665273785945064 0.0
79432823472.42822 0.73 0.2667115401864567 0.0
79432823472.42822 0.72 0.27677034419796487 0.0
79432823472.42822 0.71 0.28682914977565166 0.0
79432823472.42822 0.7 0.2968879568132412 0.0
79432823472.42822 0.69 0.3069467652149227 0.0
79432823472.42822 0.6799999999999999 0.3170055748940197 0.0
79432823472.42822 0.6699999999999999 0.3270643857718648 0.0
79432823472.42822 0.6599999999999999 0.33712319777684185 0.0
79432823472.42822 0.6499999999999999 0.3471820108435676 0.0
79432823472.42822 0.64 0.3572408249121888 0.0
79432823472.42822 0.63 0.3672996399277755 0.0
79432823472.42822 0.62 0.3773584558397953 0.0
79432823472.42822 0.61 0.38741727260165637 0.0
79432823472.42822 0.6 0.3974760901703075 0.0
79432823472.42822 0.59 0.4075349085058886 0.0
79432823472.42822 0.5800000000000001 0.41759372757142277 0.0
79432823472.42822 0.5700000000000001 0.427652547332545 0.0
79432823472.42822 0.56 0.43771136775726116 0.0
79432823472.42822 0.55 0.4477701888157354 0.0
79432823472.42822 0.54 0.45782901048009994 0.0
79432823472.42822 0.53 0.4678878327242858 0.0
79432823472.42822 0.52 0.47794665552387117 0.0
79432823472.42822 0.51 0.4880054788559457 0.0
79432823472.42822 0.5 0.49806430269898794 0.0
79432823472.42822 0.49 0.5081231270327555 0.0
79432823472.42822 0.48 0.5181819518381856 0.0
79432823472.42822 0.47 0.5282407770973054 0.0
79432823472.42822 0.45999999999999996 0.5382996027931498 0.0
79432823472.42822 0.44999999999999996 0.5483584289096882 0.0
79432823472.42822 0.43999999999999995 0.5584172554317568 0.0
79432823472.42822 0.42999999999999994 0.568476082344997 0.0
79432823472.42822 0.42000000000000004 0.5785349096357999 0.0
79432823472.42822 0.41000000000000003 0.5885937372912544 0.0
79432823472.42822 0.4 0.5986525652991007 0.0
79432823472.42822 0.39 0.6087113936476871 0.0
79432823472.42822 0.38 0.6187702223259306 0.0
79432823472.42822 0.37 0.6288290513232797 0.0
79432823472.42822 0.36 0.6388878806296823 0.0
79432823472.42822 0.35 0.6489467102355535 0.0
79432823472.42822 0.33999999999999997 0.6590055401317476 0.0
79432823472.42822 0.32999999999999996 0.6690643703095317 0.0
79432823472.42822 0.31999999999999995 0.6791232007605609 0.0
79432823472.42822 0.30999999999999994 0.689182031476856 0.0
79432823472.42822 0.29999999999999993 0.6992408624507822 0.0
79432823472.42822 0.29000000000000004 0.7092996936750295 0.0
79432823472.42822 0.28 0.7193585251425956 0.0
79432823472.42822 0.27 0.7294173568467666 0.0
79432823472.42822 0.26 0.7394761887811037 0.0
79432823472.42822 0.25 0.7495350209394269 0.0
79432823472.42822 0.24 0.7595938533158022 0.0
79432823472.42822 0.22999999999999998 0.7696526859045282 0.0
79432823472.42822 0.21999999999999997 0.779711518700124 0.0
79432823472.42822 0.20999999999999996 0.7897703516973185 0.0
79432823472.42822 0.19999999999999996 0.7998291848910394 0.0
79432823472.42822 0.18999999999999995 0.8098880182764034 0.0
79432823472.42822 0.17999999999999994 0.8199468518487073 0.0
79432823472.42822 0.16999999999999993 0.8300056856034186 0.0
79432823472.42822 0.16000000000000003 0.8400645195361677 0.0
79432823472.42822 0.15000000000000002 0.8501233536427404 0.0
79432823472.42822 0.14 0.8601821879190702 0.0
79432823472.42822 0.13 0.8702410223612316 0.0
79432823472.42822 0.12 0.8802998569654339 0.0
79432823472.42822 0.10999999999999999 0.8903586917280149 0.0
79432823472.42822 0.09999999999999998 0.9004175266454347 0.0
79432823472.42822 0.08999999999999997 0.9104763617142715 0.0
79432823472.42822 0.07999999999999996 0.9205351969312152 0.0
79432823472.42822 0.06999999999999995 0.9305940322930633 0.0
79432823472.42822 0.05999999999999994 0.9406528677967159 0.0
79432823472.42822 0.04999999999999993 0.9507117034391716 0.0
79432823472.42822 0.040000000000000036 0.9607705392175231 0.0
79432823472.42822 0.030000000000000027 0.9708293751289541 0.0
79432823472.42822 0.020000000000000018 0.9808882111707342 0.0
79432823472.42822 0.01 0.9909470473402167 0.0
79432823472.42822 0.009540954763499945 0.9914087934260831 0.0
79432823472.42822 0.009102981779915217 0.9918493432780762 0.0
79432823472.42822 0.008685113737513529 0.9922696698991927 0.0
79432823472.42822 0.008286427728546842 0.9926707016271927 0.0
79432823472.42822 0.0079060432109077 0.9930533241849351 0.0
79432823472.42822 0.007543120063354615 0.9934183826365945 0.0
79432823472.42822 0.0071968567300115215 0.993766683254079 0.0
79432823472.42822 0.006866488450042998 0.99409899529777 0.0
79432823472.42822 0.006551285568595509 0.9944160527155187 0.0
79432823472.42822 0.006250551925273976 0.994718555763651 0.0
79432823472.42822 0.005963623316594642 0.9950071725535607 0.0
79432823472.42822 0.005689866029018299 0.9952825405273076 0.0
79432823472.42822 0.005428675439323859 0.9955452678654777 0.0
79432823472.42822 0.005179474679231213 0.9957959348304183 0.0
79432823472.42822 0.004941713361323833 0.9960350950478101 0.0
79432823472.42822 0.004714866363457394 0.9962632767294117 0.0
79432823472.42822 0.004498432668969444 0.9964809838396733 0.0
79432823472.42822 0.004291934260128779 0.996688697208797 0.0
79432823472.42822 0.004094915062380427 0.9968868755947046 0.0
79432823472.42822 0.003906939937054617 0.9970759566962542 0.0
79432823472.42822 0.0037275937203149418 0.9972563581199465 0.0
79432823472.42822 0.0035564803062231283 0.9974284783022555 0.0
79432823472.42822 0.00339322177189533 0.9975926973896188 0.0
79432823472.42822 0.0032374575428176433 0.9977493780780331 0.0
79432823472.42822 0.0030888435964774815 0.9978988664141085 0.0
79432823472.42822 0.0029470517025518097 0.9980414925593506 0.0
79432823472.42822 0.002811768697974231 0.9981775715193584 0.0
79432823472.42822 0.002682695795279727 0.9983074038395493 0.0
79432823472.42822 0.002559547922699536 0.9984312762689466 0.0
79432823472.42822 0.0024420530945486523 0.9985494623934964 0.0
79432823472.42822 0.002329951810515372 0.9986622232403126 0.0
79432823472.42822 0.0022229964825261957 0.9987698078541839 0.0
79432823472.42822 0.0021209508879201904 0.9988724538476164 0.0
79432823472.42822 0.0020235896477251575 0.9989703879256278 0.0
79432823472.42822 0.0019306977288832496 0.9990638263864497 0.0
79432823472.42822 0.0018420699693267163 0.9991529755992471 0.0
79432823472.42822 0.001757510624854793 0.9992380324599062 0.0
79432823472.42822 0.0016768329368110084 0.9993191848259017 0.0
79432823472.42822 0.001599858719606059 0.9993966119312007 0.0
79432823472.42822 0.0015264179671752333 0.99947048478212 0.0
79432823472.42822 0.0014563484775012444 0.9995409665350135 0.0
79432823472.42822 0.0013894954943731374 0.9996082128566199 0.0
79432823472.42822 0.0013257113655901094 0.999672372267871 0.0
79432823472.42822 0.0012648552168552957 0.9997335864719156 0.0
79432823472.42822 0.0012067926406393288 0.999791990667087 0.0
79432823472.42822 0.0011513953993264481 0.999847713845504 0.0
79432823472.42822 0.0010985411419875584 0.9999008790779629 0.0
79432823472.42822 0.0010481131341546852 0.9999516037857542 0.0
79432823472.42822 0.001 1.0 0.0
100000000000.0 1.0 0.0 0.0
100000000000.0 0.99 0.00518670276428701 0.0
100000000000.0 0.98 0.01524382108692146 0.0
100000000000.0 0.97 0.02530228941607815 0.0
100000000000.0 0.96 0.035360839411618494 0.0
100000000000.0 0.95 0.04541945551876991 0.0
100000000000.0 0.94 0.05547811218145138 0.0
100000000000.0 0.9299999999999999 0.06553679667555223 0.0
100000000000.0 0.92 0.0755955014629377 0.0
100000000000.0 0.91 0.08565422171194437 0.0
100000000000.0 0.9 0.09571295413701186 0.0
100000000000.0 0.89 0.10577169640134243 0.0
100000000000.0 0.88 0.11583044678307974 0.0
100000000000.0 0.87 0.12588920397663728 0.0
100000000000.0 0.86 0.13594796696835865 0.0
100000000000.0 0.85 0.1460067349554266 0.0
100000000000.0 0.84 0.15606550729112623 0.0
100000000000.0 0.83 0.16612428344680352 0.0
100000000000.0 0.8200000000000001 0.17618306298475506 0.0
100000000000.0 0.81 0.18624184553848255 0.0
100000000000.0 0.8 0.19630063079803273 0.0
100000000000.0 0.79 0.20635941849892803 0.0
100000000000.0 0.78 0.21641820841368042 0.0
100000000000.0 0.77 0.2264770003451979 0.0
100000000000.0 0.76 0.23653579412159786 0.0
100000000000.0 0.75 0.2465945895920818 0.0
100000000000.0 0.74 0.25665338662362114 0.0
100000000000.0 0.73 0.2667121850982699 0.0
100000000000.0 0.72 0.27677098491096697 0.0
100000000000.0 0.71 0.28682978596772457 0.0
100000000000.0 0.7 0.29688858818412456 0.0
100000000000.0 0.69 0.3069473914840617 0.0
100000000000.0 0.6799999999999999 0.3170061957986864 0.0
100000000000.0 0.6699999999999999 0.32706500106551073 0.0
100000000000.0 0.6599999999999999 0.3371238072276479 0.0
100000000000.0 0.6499999999999999 0.3471826142331622 0.0
100000000000.0 0.64 0.35724142203451037 0.0
100000000000.0 0.63 0.36730023058806016 0.0
100000000000.0 0.62 0.37735903985367203 0.0
100000000000.0 0.61 0.3874178497943367 0.0
100000000000.0 0.6 0.3974766603758575 0.0
100000000000.0 0.59 0.40753547156657244 0.0
100000000000.0 0.5800000000000001 0.4175942833371097 0.0
100000000000.0 0.5700000000000001 0.42765309566017207 0.0
100000000000.0 0.56 0.4377119085103458 0.0
100000000000.0 0.55 0.4477707218639313 0.0
100000000000.0 0.54 0.4578295356987925 0.0
100000000000.0 0.53 0.467888349994222 0.0
100000000000.0 0.52 0.477947164730821 0.0
100000000000.0 0.51 0.48800597989039096 0.0
100000000000.0 0.5 0.49806479545583693 0.0
100000000000.0 0.49 0.5081236114110798 0.0
100000000000.0 0.48 0.5181824277409773 0.0
100000000000.0 0.47 0.5282412444312532 0.0
100000000000.0 0.45999999999999996 0.5383000614684317 0.0
100000000000.0 0.44999999999999996 0.5483588788397792 0.0
100000000000.0 0.43999999999999995 0.5584176965332506 0.0
100000000000.0 0.42999999999999994 0.5684765145374406 0.0
100000000000.0 0.42000000000000004 0.578535332841539 0.0
100000000000.0 0.41000000000000003 0.5885941514352905 0.0
100000000000.0 0.4 0.5986529703089566 0.0
100000000000.0 0.39 0.6087117894532821 0.0
100000000000.0 0.38 0.6187706088594631 0.0
100000000000.0 0.37 0.6288294285191189 0.0
100000000000.0 0.36 0.6388882484242644 0.0
100000000000.0 0.35 0.6489470685672862 0.0
100000000000.0 0.33999999999999997 0.6590058889409194 0.0
100000000000.0 0.32999999999999996 0.6690647095382274 0.0
100000000000.0 0.31999999999999995 0.6791235303525816 0.0
100000000000.0 0.30999999999999994 0.6891823513776438 0.0
100000000000.0 0.29999999999999993 0.6992411726073496 0.0
100000000000.0 0.29000000000000004 0.7092999940358926 0.0
100000000000.0 0.28 0.7193588156577101 0.0
100000000000.0 0.27 0.7294176374674697 0.0
100000000000.0 0.26 0.7394764594600565 0.0
100000000000.0 0.25 0.7495352816305616 0.0
100000000000.0 0.24 0.7595941039742717 0.0
100000000000.0 0.22999999999999998 0.7696529264866576 0.0
100000000000.0 0.21999999999999997 0.7797117491633662 0.0
100000000000.0 0.20999999999999996 0.7897705720002101 0.0
100000000000.0 0.19999999999999996 0.7998293949931603 0.0
100000000000.0 0.18999999999999995 0.809888218138338 0.0
100000000000.0 0.17999999999999994 0.8199470414320073 0.0
100000000000.0 0.16999999999999993 0.8300058648705677 0.0
100000000000.0 0.16000000000000003 0.8400646884505485 0.0
100000000000.0 0.15000000000000002 0.8501235121686022 0.0
100000000000.0 0.14 0.8601823360214986 0.0
100000000000.0 0.13 0.8702411600061197 0.0
100000000000.0 0.12 0.8802999841194543 0.0
100000000000.0 0.10999999999999999 0.8903588083585935 0.0
100000000000.0 0.09999999999999998 0.9004176327207255 0.0
100000000000.0 0.08999999999999997 0.9104764572031322 0.0
100000000000.0 0.07999999999999996 0.9205352818031842 0.0
100000000000.0 0.06999999999999995 0.9305941065183378 0.0
100000000000.0 0.05999999999999994 0.9406529313461306 0.0
100000000000.0 0.04999999999999993 0.9507117562841786 0.0
100000000000.0 0.040000000000000036 0.9607705813301723 0.0
100000000000.0 0.030000000000000027 0.9708294064818749 0.0
