src/nupyprop/models/ixc_neutrino_bsm.ecsv
# %ECSV 1.0
# ---
# datatype:
# - {name: energy, datatype: float64}
# - {name: y, datatype: float64}
# - {name: cc_cdf_bsm, datatype: float64}
# - {name: nc_cdf_bsm, datatype: float64}
# meta: !!omap
# - {Description: Neutrino-nucleon cross-section CDF values for BSM}
# - {energy: 'Neutrino energy, in GeV'}
# - {y: Inelasticity; y = (E_initial-E_final)/E_initial}
# - {cdf_bsm: Cross-section CDF values for bsm}
# - {nc_cdf_bsm: Cross-section NC CDF values for bsm}
# - {Note: 'The integrated cross-section CDF values should be integrated from y = 1, 10^(-0.1),...,10^(-3). This is a convention we chose
#     to adopt'}
# schema: astropy-2.0
energy y cc_cdf_bsm nc_cdf_bsm
[from data line 2085]
5011872336.272715 0.15848931924611137 0.8424303238482692 0.0
5011872336.272715 0.12589254117941676 0.8750596246676041 0.0
5011872336.272715 0.10000000000000002 0.9009770756645179 0.0
5011872336.272715 0.07943282347242818 0.9215631149156274 0.0
5011872336.272715 0.06309573444801933 0.9379142633809804 0.0
5011872336.272715 0.05011872336272722 0.9509015186436551 0.0
5011872336.272715 0.039810717055349734 0.9612167387071546 0.0
5011872336.272715 0.03162277660168379 0.9694094859569474 0.0
5011872336.272715 0.025118864315095808 0.9759162933614519 0.0
5011872336.272715 0.0199526231496888 0.9810839114443807 0.0
5011872336.272715 0.015848931924611134 0.9851877740144831 0.0
5011872336.272715 0.012589254117941675 0.9884466660201128 0.0
5011872336.272715 0.01 0.9910343746453354 0.0
5011872336.272715 0.00794328234724282 0.9930889441108909 0.0
5011872336.272715 0.006309573444801936 0.994720027031841 0.0
5011872336.272715 0.005011872336272725 0.9960147238184027 0.0
5011872336.272715 0.003981071705534973 0.9970422210891888 0.0
5011872336.272715 0.0031622776601683794 0.9978574761090226 0.0
5011872336.272715 0.0025118864315095794 0.9985041434606702 0.0
5011872336.272715 0.0019952623149688807 0.9990168998058063 0.0
5011872336.272715 0.001584893192461114 0.9994232905362312 0.0
5011872336.272715 0.0012589254117941675 0.9997451966547323 0.0
5011872336.272715 0.001 1.0 0.0
6309573444.801943 1.0 0.0 0.0
6309573444.801943 0.7943282347242815 0.20589606957425388 0.0
6309573444.801943 0.6309573444801932 0.3694443969756327 0.0
6309573444.801943 0.5011872336272722 0.4993547170998134 0.0
6309573444.801943 0.3981071705534972 0.6025454182933476 0.0
6309573444.801943 0.31622776601683794 0.684511971761147 0.0
6309573444.801943 0.251188643150958 0.7496195854474808 0.0
6309573444.801943 0.19952623149688797 0.8013356672768195 0.0
6309573444.801943 0.15848931924611137 0.8424144772697799 0.0
6309573444.801943 0.12589254117941676 0.8750438019326817 0.0
6309573444.801943 0.10000000000000002 0.9009614618668123 0.0
6309573444.801943 0.07943282347242818 0.9215478570524385 0.0
6309573444.801943 0.06309573444801933 0.9378994781814074 0.0
6309573444.801943 0.05011872336272722 0.9508872987848567 0.0
6309573444.801943 0.039810717055349734 0.9612031577497626 0.0
6309573444.801943 0.03162277660168379 0.9693966022624653 0.0
6309573444.801943 0.025118864315095808 0.9759041532002589 0.0
6309573444.801943 0.0199526231496888 0.9810725514598655 0.0
6309573444.801943 0.015848931924611134 0.9851772231745425 0.0
6309573444.801943 0.012589254117941675 0.9884369471599641 0.0
6309573444.801943 0.01 0.991025505683839 0.0
6309573444.801943 0.00794328234724282 0.9930809390052111 0.0
6309573444.801943 0.006309573444801936 0.994712896521376 0.0
6309573444.801943 0.005011872336272725 0.9960084759977375 0.0
6309573444.801943 0.003981071705534973 0.9970368618408088 0.0
6309573444.801943 0.0031622776601683794 0.9978530094191749 0.0
6309573444.801943 0.0025118864315095794 0.9985005716357432 0.0
6309573444.801943 0.0019952623149688807 0.9990142236016039 0.0
6309573444.801943 0.001584893192461114 0.9994215092083624 0.0
6309573444.801943 0.0012589254117941675 0.9997443079348768 0.0
6309573444.801943 0.001 1.0 0.0
7943282347.242822 1.0 0.0 0.0
7943282347.242822 0.7943282347242815 0.20589228742177101 0.0
7943282347.242822 0.6309573444801932 0.36943776154024865 0.0
7943282347.242822 0.5011872336272722 0.4993459662060804 0.0
7943282347.242822 0.3981071705534972 0.6025351380126366 0.0
7943282347.242822 0.31622776601683794 0.6845006276220846 0.0
7943282347.242822 0.251188643150958 0.7496075472270476 0.0
7943282347.242822 0.19952623149688797 0.8013232286923222 0.0
7943282347.242822 0.15848931924611137 0.8424018716203696 0.0
7943282347.242822 0.12589254117941676 0.8750312145233855 0.0
7943282347.242822 0.10000000000000002 0.9009490398767029 0.0
7943282347.242822 0.07943282347242818 0.9215357173724588 0.0
7943282347.242822 0.06309573444801933 0.9378877136392422 0.0
7943282347.242822 0.05011872336272722 0.9508759830883513 0.0
7943282347.242822 0.039810717055349734 0.9611923494121427 0.0
7943282347.242822 0.03162277660168379 0.9693863477183924 0.0
7943282347.242822 0.025118864315095808 0.975894489278667 0.0
7943282347.242822 0.0199526231496888 0.9810635073452687 0.0
7943282347.242822 0.015848931924611134 0.9851688219612703 0.0
7943282347.242822 0.012589254117941675 0.9884292070821016 0.0
7943282347.242822 0.01 0.9910184410863908 0.0
7943282347.242822 0.00794328234724282 0.9930745611082344 0.0
7943282347.242822 0.006309573444801936 0.9947072140178205 0.0
7943282347.242822 0.005011872336272725 0.9960034955169004 0.0
7943282347.242822 0.003981071705534973 0.9970325883021967 0.0
7943282347.242822 0.0031622776601683794 0.9978494462957931 0.0
7943282347.242822 0.0025118864315095794 0.9984977211411097 0.0
7943282347.242822 0.0019952623149688807 0.9990120868108812 0.0
7943282347.242822 0.001584893192461114 0.9994200861207382 0.0
7943282347.242822 0.0012589254117941675 0.999743597481575 0.0
7943282347.242822 0.001 1.0 0.0
10000000000.0 1.0 0.0 0.0
10000000000.0 0.7943282347242815 0.2058892803274105 0.0
10000000000.0 0.6309573444801932 0.3694324857566922 0.0
10000000000.0 0.5011872336272722 0.499339008267643 0.0
10000000000.0 0.3981071705534972 0.6025269638178747 0.0
10000000000.0 0.31622776601683794 0.6844916072445939 0.0
10000000000.0 0.251188643150958 0.7495979746232304 0.0
10000000000.0 0.19952623149688797 0.8013133373556387 0.0
10000000000.0 0.15848931924611137 0.8423918470157163 0.0
10000000000.0 0.12589254117941676 0.8750212039637775 0.0
10000000000.0 0.10000000000000002 0.9009391603682296 0.0
10000000000.0 0.07943282347242818 0.9215260618452863 0.0
10000000000.0 0.06309573444801933 0.9378783558964852 0.0
10000000000.0 0.05011872336272722 0.9508669817363603 0.0
10000000000.0 0.039810717055349734 0.9611837509815103 0.0
10000000000.0 0.03162277660168379 0.9693781891418838 0.0
10000000000.0 0.025118864315095808 0.9758867998580347 0.0
10000000000.0 0.0199526231496888 0.9810563103116948 0.0
10000000000.0 0.015848931924611134 0.9851621357125375 0.0
10000000000.0 0.012589254117941675 0.9884230461623846 0.0
10000000000.0 0.01 0.9910128169608527 0.0
10000000000.0 0.00794328234724282 0.9930694827736936 0.0
10000000000.0 0.006309573444801936 0.9947026884820298 0.0
10000000000.0 0.005011872336272725 0.9959995281719991 0.0
10000000000.0 0.003981071705534973 0.9970291832122772 0.0
10000000000.0 0.0031622776601683794 0.9978466064139861 0.0
10000000000.0 0.0025118864315095794 0.9984954484678881 0.0
10000000000.0 0.0019952623149688807 0.9990103825022313 0.0
10000000000.0 0.001584893192461114 0.9994189505523053 0.0
10000000000.0 0.0012589254117941675 0.9997430302727383 0.0
10000000000.0 0.001 1.0 0.0
12589254117.941713 1.0 0.0 0.0
12589254117.941713 0.7943282347242815 0.20588688991867954 0.0
12589254117.941713 0.6309573444801932 0.3694282918413324 0.0
12589254117.941713 0.5011872336272722 0.49933347703745734 0.0
12589254117.941713 0.3981071705534972 0.6025204655807805 0.0
12589254117.941713 0.31622776601683794 0.6844844361448693 0.0
12589254117.941713 0.251188643150958 0.7495903643057704 0.0
12589254117.941713 0.19952623149688797 0.8013054734083978 0.0
12589254117.941713 0.15848931924611137 0.8423838768529437 0.0
12589254117.941713 0.12589254117941676 0.8750132446763638 0.0
12589254117.941713 0.10000000000000002 0.9009313049592242 0.0
12589254117.941713 0.07943282347242818 0.921518384182649 0.0
12589254117.941713 0.06309573444801933 0.9378709146468256 0.0
12589254117.941713 0.05011872336272722 0.9508598234891501 0.0
12589254117.941713 0.039810717055349734 0.9611769127301443 0.0
12589254117.941713 0.03162277660168379 0.9693717002537167 0.0
12589254117.941713 0.025118864315095808 0.9758806836383049 0.0
12589254117.941713 0.0199526231496888 0.9810505852446219 0.0
12589254117.941713 0.015848931924611134 0.9851568164456876 0.0
12589254117.941713 0.012589254117941675 0.9884181442867275 0.0
12589254117.941713 0.01 0.9910083416280566 0.0
12589254117.941713 0.00794328234724282 0.9930654411835376 0.0
12589254117.941713 0.006309573444801936 0.9946990862659018 0.0
12589254117.941713 0.005011872336272725 0.9959963696929196 0.0
12589254117.941713 0.003981071705534973 0.997026471797455 0.0
12589254117.941713 0.0031622776601683794 0.9978443445323347 0.0
12589254117.941713 0.0025118864315095794 0.9984936378620263 0.0
12589254117.941713 0.0019952623149688807 0.9990090242821096 0.0
12589254117.941713 0.001584893192461114 0.9994180452556166 0.0
12589254117.941713 0.0012589254117941675 0.9997425778956047 0.0
12589254117.941713 0.001 1.0 0.0
15848931924.611109 1.0 0.0 0.0
15848931924.611109 0.7943282347242815 0.20588499001733807 0.0
15848931924.611109 0.6309573444801932 0.3694249584632394 0.0
15848931924.611109 0.5011872336272722 0.49932908067613513 0.0
15848931924.611109 0.3981071705534972 0.6025153005288146 0.0
15848931924.611109 0.31622776601683794 0.6844787361660616 0.0
15848931924.611109 0.251188643150958 0.7495843150839145 0.0
15848931924.611109 0.19952623149688797 0.801299222435618 0.0
15848931924.611109 0.15848931924611137 0.8423775412841885 0.0
15848931924.611109 0.12589254117941676 0.875006917568334 0.0
15848931924.611109 0.10000000000000002 0.9009250602259822 0.0
15848931924.611109 0.07943282347242818 0.9215122805318119 0.0
15848931924.611109 0.06309573444801933 0.9378649987059607 0.0
15848931924.611109 0.05011872336272722 0.9508541322888634 0.0
15848931924.611109 0.039810717055349734 0.9611714756760962 0.0
15848931924.611109 0.03162277660168379 0.9693665406925825 0.0
15848931924.611109 0.025118864315095808 0.9758758201010734 0.0
15848931924.611109 0.0199526231496888 0.9810460324334415 0.0
15848931924.611109 0.015848931924611134 0.9851525860168165 0.0
15848931924.611109 0.012589254117941675 0.9884142454712825 0.0
15848931924.611109 0.01 0.9910047817236203 0.0
15848931924.611109 0.00794328234724282 0.9930622259428075 0.0
15848931924.611109 0.006309573444801936 0.9946962202030846 0.0
15848931924.611109 0.005011872336272725 0.9959938563241955 0.0
15848931924.611109 0.003981071705534973 0.9970243138283312 0.0
15848931924.611109 0.0031622776601683794 0.9978425440018907 0.0
15848931924.611109 0.0025118864315095794 0.9984921962517634 0.0
15848931924.611109 0.0019952623149688807 0.9990079425952623 0.0
15848931924.611109 0.001584893192461114 0.9994173240712327 0.0
15848931924.611109 0.0012589254117941675 0.9997422174004168 0.0
15848931924.611109 0.001 1.0 0.0
19952623149.688828 1.0 0.0 0.0
19952623149.688828 0.7943282347242815 0.20588348015590374 0.0
19952623149.688828 0.6309573444801932 0.3694223093811392 0.0
19952623149.688828 0.5011872336272722 0.4993255867833548 0.0
19952623149.688828 0.3981071705534972 0.6025111956829634 0.0
19952623149.688828 0.31622776601683794 0.6844742061261425 0.0
19952623149.688828 0.251188643150958 0.7495795074026684 0.0
19952623149.688828 0.19952623149688797 0.8012942543172454 0.0
19952623149.688828 0.15848931924611137 0.8423725058259003 0.0
19952623149.688828 0.12589254117941676 0.8750018887181179 0.0
19952623149.688828 0.10000000000000002 0.9009200967206025 0.0
19952623149.688828 0.07943282347242818 0.9215074290247567 0.0
19952623149.688828 0.06309573444801933 0.9378602962519104 0.0
19952623149.688828 0.05011872336272722 0.9508496083169876 0.0
19952623149.688828 0.039810717055349734 0.9611671535572657 0.0
19952623149.688828 0.03162277660168379 0.9693624389839531 0.0
19952623149.688828 0.025118864315095808 0.9758719535343242 0.0
19952623149.688828 0.0199526231496888 0.9810424126992924 0.0
19952623149.688828 0.015848931924611134 0.985149222387605 0.0
19952623149.688828 0.012589254117941675 0.9884111452947547 0.0
19952623149.688828 0.01 0.9910019508142337 0.0
19952623149.688828 0.00794328234724282 0.9930596688913853 0.0
19952623149.688828 0.006309573444801936 0.9946939406213146 0.0
19952623149.688828 0.005011872336272725 0.9959918570369988 0.0
19952623149.688828 0.003981071705534973 0.9970225970243528 0.0
19952623149.688828 0.0031622776601683794 0.9978411113501351 0.0
19952623149.688828 0.0025118864315095794 0.998491048990608 0.0
19952623149.688828 0.0019952623149688807 0.9990070815986131 0.0
19952623149.688828 0.001584893192461114 0.9994167498953932 0.0
19952623149.688828 0.0012589254117941675 0.9997419303142332 0.0
19952623149.688828 0.001 1.0 0.0
25118864315.09582 1.0 0.0 0.0
25118864315.09582 0.7943282347242815 0.20588228037757217 0.0
25118864315.09582 0.6309573444801932 0.3694202043275526 0.0
25118864315.09582 0.5011872336272722 0.4993228103863441 0.0
25118864315.09582 0.3981071705534972 0.6025079337608363 0.0
25118864315.09582 0.31622776601683794 0.6844706062791864 0.0
25118864315.09582 0.251188643150958 0.7495756868734039 0.0
25118864315.09582 0.19952623149688797 0.8012903062340178 0.0
25118864315.09582 0.15848931924611137 0.8423685041623038 0.0
25118864315.09582 0.12589254117941676 0.8749978922323594 0.0
25118864315.09582 0.10000000000000002 0.90091615208459 0.0
25118864315.09582 0.07943282347242818 0.921503573309549 0.0
25118864315.09582 0.06309573444801933 0.9378565589018864 0.0
25118864315.09582 0.05011872336272722 0.9508460127178665 0.0
25118864315.09582 0.039810717055349734 0.9611637182814824 0.0
25118864315.09582 0.03162277660168379 0.9693591787797087 0.0
25118864315.09582 0.025118864315095808 0.9758688801109816 0.0
25118864315.09582 0.0199526231496888 0.9810395353509443 0.0
25118864315.09582 0.015848931924611134 0.9851465484880195 0.0
25118864315.09582 0.012589254117941675 0.9884086806900579 0.0
25118864315.09582 0.01 0.9909997001342415 0.0
25118864315.09582 0.00794328234724282 0.993057635796165 0.0
25118864315.09582 0.006309573444801936 0.994692127996107 0.0
25118864315.09582 0.005011872336272725 0.9959902671458842 0.0
25118864315.09582 0.003981071705534973 0.9970212316308485 0.0
25118864315.09582 0.0031622776601683794 0.9978399718111508 0.0
25118864315.09582 0.0025118864315095794 0.998490136328772 0.0
25118864315.09582 0.0019952623149688807 0.9990063965568361 0.0
25118864315.09582 0.001584893192461114 0.9994162929765962 0.0
25118864315.09582 0.0012589254117941675 0.9997417018083917 0.0
25118864315.09582 0.001 1.0 0.0
31622776601.683792 1.0 0.0 0.0
31622776601.683792 0.7943282347242815 0.2058813270736407 0.0
31622776601.683792 0.6309573444801932 0.36941853171034933 0.0
31622776601.683792 0.5011872336272722 0.4993206043210813 0.0
31622776601.683792 0.3981071705534972 0.6025053418852788 0.0
31622776601.683792 0.31622776601683794 0.6844677458659012 0.0
31622776601.683792 0.251188643150958 0.7495726510749516 0.0
31622776601.683792 0.19952623149688797 0.8012871690436665 0.0
31622776601.683792 0.15848931924611137 0.8423653243544403 0.0
31622776601.683792 0.12589254117941676 0.8749947164924397 0.0
31622776601.683792 0.10000000000000002 0.90091301749531 0.0
31622776601.683792 0.07943282347242818 0.9215005093256334 0.0
31622776601.683792 0.06309573444801933 0.9378535889186601 0.0
31622776601.683792 0.05011872336272722 0.9508431553171413 0.0
31622776601.683792 0.039810717055349734 0.9611609882211061 0.0
31622776601.683792 0.03162277660168379 0.9693565877794748 0.0
31622776601.683792 0.025118864315095808 0.9758664374767511 0.0
31622776601.683792 0.0199526231496888 0.9810372484702172 0.0
31622776601.683792 0.015848931924611134 0.9851444232233475 0.0
31622776601.683792 0.012589254117941675 0.9884067216912474 0.0
31622776601.683792 0.01 0.9909979110859753 0.0
31622776601.683792 0.00794328234724282 0.9930560196142278 0.0
31622776601.683792 0.006309573444801936 0.9946906869826675 0.0
31622776601.683792 0.005011872336272725 0.9959890031121021 0.0
31622776601.683792 0.003981071705534973 0.9970201459933385 0.0
31622776601.683792 0.0031622776601683794 0.9978390656674435 0.0
31622776601.683792 0.0025118864315095794 0.9984894105157949 0.0
31622776601.683792 0.0019952623149688807 0.9990058516955348 0.0
31622776601.683792 0.001584893192461114 0.9994159295050863 0.0
31622776601.683792 0.0012589254117941675 0.9997415200054208 0.0
