src/nupyprop/models/ixc_muon_pn_ckmt_water.ecsv
# %ECSV 1.0
# ---
# datatype:
# - {name: energy, datatype: float64}
# - {name: y, datatype: float64}
# - {name: cdf_pn_ckmt, datatype: float64}
# meta: !!omap
# - {Description: Muon-nucleon cross-section CDF values for PN_CKMT in water}
# - {energy: 'Muon energy, in GeV'}
# - {y: Inelasticity; y = (E_initial-E_final)/E_initial}
# - {cdf: Cross-section CDF values for PN_CKMT in water}
# - {Note: 'The integrated cross-section CDF values should be integrated from y = 1, 10^(-0.1),...,10^(-3). This is a convention we chose
#     to adopt'}
# schema: astropy-2.0
energy y cdf_pn_ckmt
[from data line 1530]
79432.82347242821 0.07943282347242818 0.19524655516912084
79432.82347242821 0.06309573444801933 0.22617249070095874
79432.82347242821 0.05011872336272722 0.2587715242470351
79432.82347242821 0.039810717055349734 0.29293028628348083
79432.82347242821 0.03162277660168379 0.3285467212146001
79432.82347242821 0.025118864315095808 0.3655304732764523
79432.82347242821 0.0199526231496888 0.4038023575981037
79432.82347242821 0.015848931924611134 0.44329335662851077
79432.82347242821 0.012589254117941675 0.48394467588955387
79432.82347242821 0.01 0.5257069439071784
79432.82347242821 0.00794328234724282 0.5685392620833938
79432.82347242821 0.006309573444801936 0.6124099652248589
79432.82347242821 0.005011872336272725 0.6572961485286102
79432.82347242821 0.003981071705534973 0.7031841015122737
79432.82347242821 0.0031622776601683794 0.7500684727873435
79432.82347242821 0.0025118864315095794 0.7979544309369998
79432.82347242821 0.0019952623149688807 0.8468573298915505
79432.82347242821 0.001584893192461114 0.8968039905378874
79432.82347242821 0.0012589254117941675 0.9478337482574127
79432.82347242821 0.001 1.0
100000.0 1.0 0.0
100000.0 0.7943282347242815 0.004941416150172395
100000.0 0.6309573444801932 0.013203036828042445
100000.0 0.5011872336272722 0.023867259159551034
100000.0 0.3981071705534972 0.03700351555535427
100000.0 0.31622776601683794 0.0526809106247255
100000.0 0.251188643150958 0.07089301508182667
100000.0 0.19952623149688797 0.09156891301869655
100000.0 0.15848931924611137 0.11459581027586806
100000.0 0.12589254117941676 0.13983852989772022
100000.0 0.10000000000000002 0.1671538640621817
100000.0 0.07943282347242818 0.19639933526725462
100000.0 0.06309573444801933 0.2274391078386039
100000.0 0.05011872336272722 0.2601469824352073
100000.0 0.039810717055349734 0.29440800766437847
100000.0 0.03162277660168379 0.33011866978287435
100000.0 0.025118864315095808 0.36718695171813653
100000.0 0.0199526231496888 0.4055316881191514
100000.0 0.015848931924611134 0.4450817671179572
100000.0 0.012589254117941675 0.4857758160859184
100000.0 0.01 0.5275618149983613
100000.0 0.00794328234724282 0.5703953053445626
100000.0 0.006309573444801936 0.6142411030168471
100000.0 0.005011872336272725 0.659072318659185
100000.0 0.003981071705534973 0.7048692791060023
100000.0 0.0031622776601683794 0.7516216933495917
100000.0 0.0025118864315095794 0.7993277099930185
100000.0 0.0019952623149688807 0.8479950354240198
100000.0 0.001584893192461114 0.8976414461781245
100000.0 0.0012589254117941675 0.9482959921688737
100000.0 0.001 1.0
125892.54117941688 1.0 0.0
125892.54117941688 0.7943282347242815 0.005007349005940055
125892.54117941688 0.6309573444801932 0.0133482533541964
125892.54117941688 0.5011872336272722 0.024099395792177188
125892.54117941688 0.3981071705534972 0.0373297614658354
125892.54117941688 0.31622776601683794 0.05310732469313073
125892.54117941688 0.251188643150958 0.0714241577688946
125892.54117941688 0.19952623149688797 0.09220777468995543
125892.54117941688 0.15848931924611137 0.11534385583857076
125892.54117941688 0.12589254117941676 0.14069587747164974
125892.54117941688 0.10000000000000002 0.16811905739021402
125892.54117941688 0.07943282347242818 0.1974697292426242
125892.54117941688 0.06309573444801933 0.22861075833318284
125892.54117941688 0.05011872336272722 0.26141472087071693
125892.54117941688 0.039810717055349734 0.295765351366764
125892.54117941688 0.03162277660168379 0.3315579238438042
125892.54117941688 0.025118864315095808 0.36869883174595736
125892.54117941688 0.0199526231496888 0.4071053379310872
125892.54117941688 0.015848931924611134 0.446704659255361
125892.54117941688 0.012589254117941675 0.48743312594095495
125892.54117941688 0.01 0.5292358967900794
125892.54117941688 0.00794328234724282 0.5720664128424362
125892.54117941688 0.006309573444801936 0.6158863430100188
125892.54117941688 0.005011872336272725 0.660664116816657
125892.54117941688 0.003981071705534973 0.7063766871981191
125892.54117941688 0.0031622776601683794 0.7530083095837793
125892.54117941688 0.0025118864315095794 0.8005515048264714
125892.54117941688 0.0019952623149688807 0.8490071347475682
125892.54117941688 0.001584893192461114 0.8983853104490199
125892.54117941688 0.0012589254117941675 0.9487059499759162
125892.54117941688 0.001 1.0
158489.3192461114 1.0 0.0
158489.3192461114 0.7943282347242815 0.005072165095027789
158489.3192461114 0.6309573444801932 0.013489733761382431
158489.3192461114 0.5011872336272722 0.02432412945939198
158489.3192461114 0.3981071705534972 0.03764389012434966
158489.3192461114 0.31622776601683794 0.05351583556392506
158489.3192461114 0.251188643150958 0.07193056996942816
158489.3192461114 0.19952623149688797 0.09281411401865758
158489.3192461114 0.15848931924611137 0.11605074705184633
158489.3192461114 0.12589254117941676 0.1415025530400727
158489.3192461114 0.10000000000000002 0.16902346339806942
158489.3192461114 0.07943282347242818 0.19846869951293802
158489.3192461114 0.06309573444801933 0.22970001203499696
158489.3192461114 0.05011872336272722 0.2625889092300496
158489.3192461114 0.039810717055349734 0.2970181273818085
158489.3192461114 0.03162277660168379 0.3328816931103111
158489.3192461114 0.025118864315095808 0.37008488072654716
158489.3192461114 0.0199526231496888 0.40854352811206984
158489.3192461114 0.015848931924611134 0.44818328495829485
158489.3192461114 0.012589254117941675 0.48893853416520894
158489.3192461114 0.01 0.5307525316346767
158489.3192461114 0.00794328234724282 0.5735763752964067
158489.3192461114 0.006309573444801936 0.6173688499897113
158489.3192461114 0.005011872336272725 0.662095315437162
158489.3192461114 0.003981071705534973 0.7077287887089744
158489.3192461114 0.0031622776601683794 0.754249437572027
158489.3192461114 0.0025118864315095794 0.8016445995673945
158489.3192461114 0.0019952623149688807 0.8499094606302008
158489.3192461114 0.001584893192461114 0.8990472481447722
158489.3192461114 0.0012589254117941675 0.9490701134933467
158489.3192461114 0.001 1.0
199526.2314968883 1.0 0.0
199526.2314968883 0.7943282347242815 0.0051361052984745005
199526.2314968883 0.6309573444801932 0.013628142267534407
199526.2314968883 0.5011872336272722 0.024542687380311706
199526.2314968883 0.3981071705534972 0.03794781531171777
199526.2314968883 0.31622776601683794 0.05390918322421385
199526.2314968883 0.251188643150958 0.07241595369666581
199526.2314968883 0.19952623149688797 0.09339273352703925
199526.2314968883 0.15848931924611137 0.11672239358840145
199526.2314968883 0.12589254117941676 0.14226575620944848
199526.2314968883 0.10000000000000002 0.16987563017278545
199526.2314968883 0.07943282347242818 0.19940620174588514
199526.2314968883 0.06309573444801933 0.23071826553912733
199526.2314968883 0.05011872336272722 0.263682427083222
199526.2314968883 0.039810717055349734 0.2981805596654571
199526.2314968883 0.03162277660168379 0.33410572618911166
199526.2314968883 0.025118864315095808 0.3713621533874697
199526.2314968883 0.0199526231496888 0.40986440686922376
199526.2314968883 0.015848931924611134 0.4495367871822634
199526.2314968883 0.012589254117941675 0.4903122908534098
199526.2314968883 0.01 0.5321324200419869
199526.2314968883 0.00794328234724282 0.5749464382586148
199526.2314968883 0.006309573444801936 0.6187101330806369
199526.2314968883 0.005011872336272725 0.6633866308302779
199526.2314968883 0.003981071705534973 0.7089457440776092
199526.2314968883 0.0031622776601683794 0.7553637535392007
199526.2314968883 0.0025118864315095794 0.8026238197476353
199526.2314968883 0.0019952623149688807 0.8507159677406212
199526.2314968883 0.001584893192461114 0.8996376319362551
199526.2314968883 0.0012589254117941675 0.9493943077298337
199526.2314968883 0.001 1.0
251188.6431509582 1.0 0.0
251188.6431509582 0.7943282347242815 0.005199381063890074
251188.6431509582 0.6309573444801932 0.013764073648512759
251188.6431509582 0.5011872336272722 0.024756165183258374
251188.6431509582 0.3981071705534972 0.03824324558495074
251188.6431509582 0.31622776601683794 0.05428981216236837
251188.6431509582 0.251188643150958 0.07288363704019853
251188.6431509582 0.19952623149688797 0.09394784810520172
251188.6431509582 0.15848931924611137 0.11736405891370068
251188.6431509582 0.12589254117941676 0.1429918983683918
251188.6431509582 0.10000000000000002 0.1706831658056442
251188.6431509582 0.07943282347242818 0.2002910936130139
251188.6431509582 0.06309573444801933 0.23167565555822278
251188.6431509582 0.05011872336272722 0.26470670019724396
251188.6431509582 0.039810717055349734 0.2992653693019774
251188.6431509582 0.03162277660168379 0.33524389821900746
251188.6431509582 0.025118864315095808 0.3725455538026418
251188.6431509582 0.0199526231496888 0.4110839105980189
251188.6431509582 0.015848931924611134 0.4507821099080924
251188.6431509582 0.012589254117941675 0.49157227819294996
251188.6431509582 0.01 0.5333943525536065
251188.6431509582 0.00794328234724282 0.5761951916455861
251188.6431509582 0.006309573444801936 0.6199291087284103
251188.6431509582 0.005011872336272725 0.6645569229963896
251188.6431509582 0.003981071705534973 0.7100455516538124
251188.6431509582 0.0031622776601683794 0.7563682212198063
251188.6431509582 0.0025118864315095794 0.8035042608801392
251188.6431509582 0.0019952623149688807 0.8514393712524001
251188.6431509582 0.001584893192461114 0.9001660417880315
251188.6431509582 0.0012589254117941675 0.9496838288463237
251188.6431509582 0.001 1.0
316227.7660168379 1.0 0.0
316227.7660168379 0.7943282347242815 0.005262187872113643
316227.7660168379 0.6309573444801932 0.013898066290708184
316227.7660168379 0.5011872336272722 0.024965538921050735
316227.7660168379 0.3981071705534972 0.038531709953912543
316227.7660168379 0.31622776601683794 0.054659912222260236
316227.7660168379 0.251188643150958 0.0733365171666876
316227.7660168379 0.19952623149688797 0.09448325422545677
316227.7660168379 0.15848931924611137 0.1179804754321253
316227.7660168379 0.12589254117941676 0.1436867195780545
316227.7660168379 0.10000000000000002 0.17145287329453676
316227.7660168379 0.07943282347242818 0.2011312740613148
316227.7660168379 0.06309573444801933 0.23258125168805557
316227.7660168379 0.05011872336272722 0.265672052373635
316227.7660168379 0.039810717055349734 0.30028398796246586
316227.7660168379 0.03162277660168379 0.33630867186747543
316227.7660168379 0.025118864315095808 0.37364860850468895
316227.7660168379 0.0199526231496888 0.412216608953285
316227.7660168379 0.015848931924611134 0.4519351693061726
316227.7660168379 0.012589254117941675 0.4927349332774205
316227.7660168379 0.01 0.5345542931537889
316227.7660168379 0.00794328234724282 0.5773392944677553
316227.7660168379 0.006309573444801936 0.6210424750516841
316227.7660168379 0.005011872336272725 0.6656224886151035
316227.7660168379 0.003981071705534973 0.7110440337528049
316227.7660168379 0.0031622776601683794 0.7572775099963115
316227.7660168379 0.0025118864315095794 0.8042990346374478
316227.7660168379 0.0019952623149688807 0.8520906808697039
316227.7660168379 0.001584893192461114 0.9006405604132619
316227.7660168379 0.0012589254117941675 0.9499431875660528
316227.7660168379 0.001 1.0
398107.17055349774 1.0 0.0
398107.17055349774 0.7943282347242815 0.0053247019507478436
398107.17055349774 0.6309573444801932 0.014030593814368032
398107.17055349774 0.5011872336272722 0.025171673481300023
398107.17055349774 0.3981071705534972 0.03881456077539923
398107.17055349774 0.31622776601683794 0.055021411367299385
398107.17055349774 0.251188643150958 0.0737771860429037
398107.17055349774 0.19952623149688797 0.09500225121752388
398107.17055349774 0.15848931924611137 0.11857576073699251
398107.17055349774 0.12589254117941676 0.1443552178316393
398107.17055349774 0.10000000000000002 0.17219063863940812
398107.17055349774 0.07943282347242818 0.20193363402018252
398107.17055349774 0.06309573444801933 0.23344296294375902
398107.17055349774 0.05011872336272722 0.2665872204978127
398107.17055349774 0.039810717055349734 0.30124614893159085
398107.17055349774 0.03162277660168379 0.33731080854594664
398107.17055349774 0.025118864315095808 0.37468315947855657
398107.17055349774 0.0199526231496888 0.41327533199263217
398107.17055349774 0.015848931924611134 0.45300877025137715
398107.17055349774 0.012589254117941675 0.4938133428714843
398107.17055349774 0.01 0.5356267103414205
398107.17055349774 0.00794328234724282 0.5783935884267785
398107.17055349774 0.006309573444801936 0.6220649913356706
398107.17055349774 0.005011872336272725 0.6665979851644067
398107.17055349774 0.003981071705534973 0.7119551904884426
398107.17055349774 0.0031622776601683794 0.7581046623251544
398107.17055349774 0.0025118864315095794 0.8050198795419233
398107.17055349774 0.0019952623149688807 0.8526796941154514
398107.17055349774 0.001584893192461114 0.9010684974764419
398107.17055349774 0.0012589254117941675 0.9501764471160515
398107.17055349774 0.001 1.0
501187.2336272725 1.0 0.0
501187.2336272725 0.7943282347242815 0.005387079827818679
501187.2336272725 0.6309573444801932 0.01416208052203558
501187.2336272725 0.5011872336272722 0.025375339438228582
501187.2336272725 0.3981071705534972 0.039092991245762265
501187.2336272725 0.31622776601683794 0.05537599809670712
501187.2336272725 0.251188643150958 0.07420791540242411
501187.2336272725 0.19952623149688797 0.09550779034584572
501187.2336272725 0.15848931924611137 0.11915358420811352
501187.2336272725 0.12589254117941676 0.1450018347099616
501187.2336272725 0.10000000000000002 0.17290175725958934
501187.2336272725 0.07943282347242818 0.20270433110758965
501187.2336272725 0.06309573444801933 0.23426772447489638
501187.2336272725 0.05011872336272722 0.2674600162628304
501187.2336272725 0.039810717055349734 0.3021604759503438
501187.2336272725 0.03162277660168379 0.3382596915126777
501187.2336272725 0.025118864315095808 0.37565912312536154
501187.2336272725 0.0199526231496888 0.41427034720026196
501187.2336272725 0.015848931924611134 0.4540141721835475
501187.2336272725 0.012589254117941675 0.49481980332162206
501187.2336272725 0.01 0.5366240863248597
501187.2336272725 0.00794328234724282 0.5793706762959376
501187.2336272725 0.006309573444801936 0.6230094308540114
501187.2336272725 0.005011872336272725 0.6674958963684824
501187.2336272725 0.003981071705534973 0.7127910362778137
501187.2336272725 0.0031622776601683794 0.7588609897603062
501187.2336272725 0.0025118864315095794 0.8056768927869531
501187.2336272725 0.0019952623149688807 0.8532148731716386
501187.2336272725 0.001584893192461114 0.901456062207728
501187.2336272725 0.0012589254117941675 0.9503872447252416
501187.2336272725 0.001 1.0
630957.3444801943 1.0 0.0
630957.3444801943 0.7943282347242815 0.005449464491707732
630957.3444801943 0.6309573444801932 0.014292910194173171
630957.3444801943 0.5011872336272722 0.025577231856572877
630957.3444801943 0.3981071705534972 0.03936807941772712
630957.3444801943 0.31622776601683794 0.05572520138388595
630957.3444801943 0.251188643150958 0.07463075531276779
630957.3444801943 0.19952623149688797 0.09600247336108032
630957.3444801943 0.15848931924611137 0.11971718827507262
630957.3444801943 0.12589254117941676 0.14563050408431952
630957.3444801943 0.10000000000000002 0.17359091004712554
630957.3444801943 0.07943282347242818 0.20344876797349595
630957.3444801943 0.06309573444801933 0.23506169341108304
630957.3444801943 0.05011872336272722 0.2682973840129465
630957.3444801943 0.039810717055349734 0.30303469560402363
630957.3444801943 0.03162277660168379 0.3391638305634148
630957.3444801943 0.025118864315095808 0.3765858455660149
630957.3444801943 0.0199526231496888 0.41521187130225035
630957.3444801943 0.015848931924611134 0.4549622284100469
630957.3444801943 0.012589254117941675 0.4957655905721809
630957.3444801943 0.01 0.5375580952196856
630957.3444801943 0.00794328234724282 0.5802825194431047
630957.3444801943 0.006309573444801936 0.6238876818019161
630957.3444801943 0.005011872336272725 0.668327980969806
