src/nupyprop/models/ixc_muon_pn_bdhm_rock.ecsv
# %ECSV 1.0
# ---
# datatype:
# - {name: energy, datatype: float64}
# - {name: y, datatype: float64}
# - {name: cdf_pn_bdhm, datatype: float64}
# meta: !!omap
# - {Description: Muon-nucleon cross-section CDF values for PN_BDHM in rock}
# - {energy: 'Muon energy, in GeV'}
# - {y: Inelasticity; y = (E_initial-E_final)/E_initial}
# - {cdf: Cross-section CDF values for PN_BDHM in rock}
# - {Note: 'The integrated cross-section CDF values should be integrated from y = 1, 10^(-0.1),...,10^(-3). This is a convention we chose
#     to adopt'}
# schema: astropy-2.0
energy y cdf_pn_bdhm
[from data line 950]
1000.0 0.01 0.5150566342757326
1000.0 0.00794328234724282 0.5585064113273569
1000.0 0.006309573444801936 0.6031556052873935
1000.0 0.005011872336272725 0.6489667398236574
1000.0 0.003981071705534973 0.6959056625408611
1000.0 0.0031622776601683794 0.7439428616751722
1000.0 0.0025118864315095794 0.7930548360400925
1000.0 0.0019952623149688807 0.8432236582984858
1000.0 0.001584893192461114 0.8944384317841578
1000.0 0.0012589254117941675 0.9466958002420297
1000.0 0.001 1.0
1258.9254117941675 1.0 0.0
1258.9254117941675 0.7943282347242815 0.004357381772819965
1258.9254117941675 0.6309573444801932 0.011971064223057794
1258.9254117941675 0.5011872336272722 0.021927293865846065
1258.9254117941675 0.3981071705534972 0.03429232414406541
1258.9254117941675 0.31622776601683794 0.0491379608411366
1258.9254117941675 0.251188643150958 0.0664693755287473
1258.9254117941675 0.19952623149688797 0.08622918287488772
1258.9254117941675 0.15848931924611137 0.10832039096538887
1258.9254117941675 0.12589254117941676 0.1326281726527086
1258.9254117941675 0.10000000000000002 0.15903068058898195
1258.9254117941675 0.07943282347242818 0.1874130492052064
1258.9254117941675 0.06309573444801933 0.21764904472105953
1258.9254117941675 0.05011872336272722 0.2496402308662422
1258.9254117941675 0.039810717055349734 0.2832925730379176
1258.9254117941675 0.03162277660168379 0.3185221496076553
1258.9254117941675 0.025118864315095808 0.3552552378417138
1258.9254117941675 0.0199526231496888 0.39342553053683205
1258.9254117941675 0.015848931924611134 0.4329745422182016
1258.9254117941675 0.012589254117941675 0.47385234932074144
1258.9254117941675 0.01 0.5160041188034967
1258.9254117941675 0.00794328234724282 0.5593909196522456
1258.9254117941675 0.006309573444801936 0.6039719602266445
1258.9254117941675 0.005011872336272725 0.6497100566130882
1258.9254117941675 0.003981071705534973 0.6965718113452021
1258.9254117941675 0.0031622776601683794 0.7445271927802797
1258.9254117941675 0.0025118864315095794 0.7935503191428209
1258.9254117941675 0.0019952623149688807 0.8436208008400464
1258.9254117941675 0.001584893192461114 0.8947235211290674
1258.9254117941675 0.0012589254117941675 0.9468503586493702
1258.9254117941675 0.001 1.0
1584.893192461114 1.0 0.0
1584.893192461114 0.7943282347242815 0.004420097773209642
1584.893192461114 0.6309573444801932 0.012116658845650512
1584.893192461114 0.5011872336272722 0.02216900811642803
1584.893192461114 0.3981071705534972 0.03463730015190601
1584.893192461114 0.31622776601683794 0.04959302914848101
1584.893192461114 0.251188643150958 0.06703788287027779
1584.893192461114 0.19952623149688797 0.08691028930438952
1584.893192461114 0.15848931924611137 0.10911078100420676
1584.893192461114 0.12589254117941676 0.13352519781804958
1584.893192461114 0.10000000000000002 0.16002122367552868
1584.893192461114 0.07943282347242818 0.18847707945090708
1584.893192461114 0.06309573444801933 0.21877924684885452
1584.893192461114 0.05011872336272722 0.25082070026413666
1584.893192461114 0.039810717055349734 0.2845064758918853
1584.893192461114 0.03162277660168379 0.31975205767789655
1584.893192461114 0.025118864315095808 0.3564832415310504
1584.893192461114 0.0199526231496888 0.3946356551309023
1584.893192461114 0.015848931924611134 0.434150442374722
1584.893192461114 0.012589254117941675 0.47497694332831153
1584.893192461114 0.01 0.517068793239675
1584.893192461114 0.00794328234724282 0.5603845320318885
1584.893192461114 0.006309573444801936 0.6048862597041961
1584.893192461114 0.005011872336272725 0.6505380403651806
1584.893192461114 0.003981071705534973 0.6973074350986831
1584.893192461114 0.0031622776601683794 0.7451647040215448
1584.893192461114 0.0025118864315095794 0.7940835661714021
1584.893192461114 0.0019952623149688807 0.8440415007257733
1584.893192461114 0.001584893192461114 0.8950206956613083
1584.893192461114 0.0012589254117941675 0.9470088688413182
1584.893192461114 0.001 1.0
1995.262314968881 1.0 0.0
1995.262314968881 0.7943282347242815 0.004484467980433886
1995.262314968881 0.6309573444801932 0.012266973148238422
1995.262314968881 0.5011872336272722 0.02241663731450153
1995.262314968881 0.3981071705534972 0.03499160428371418
1995.262314968881 0.31622776601683794 0.05006309191889187
1995.262314968881 0.251188643150958 0.06762723754306582
1995.262314968881 0.19952623149688797 0.08761940231546915
1995.262314968881 0.15848931924611137 0.10993858649431282
1995.262314968881 0.12589254117941676 0.1344649054701396
1995.262314968881 0.10000000000000002 0.16106261817076636
1995.262314968881 0.07943282347242818 0.1896107039214836
1995.262314968881 0.06309573444801933 0.2199902028793776
1995.262314968881 0.05011872336272722 0.2520925623851637
1995.262314968881 0.039810717055349734 0.28582140564025216
1995.262314968881 0.03162277660168379 0.3210915123720064
1995.262314968881 0.025118864315095808 0.35782920317541744
1995.262314968881 0.0199526231496888 0.39596821880474226
1995.262314968881 0.015848931924611134 0.4354519725403976
1995.262314968881 0.012589254117941675 0.47623139850110846
1995.262314968881 0.01 0.5182604203410127
1995.262314968881 0.00794328234724282 0.5614996641516099
1995.262314968881 0.006309573444801936 0.6059123993597939
1995.262314968881 0.005011872336272725 0.6514659203521436
1995.262314968881 0.003981071705534973 0.698128747458999
1995.262314968881 0.0031622776601683794 0.7458720960446085
1995.262314968881 0.0025118864315095794 0.794669971119691
1995.262314968881 0.0019952623149688807 0.8444989545145297
1995.262314968881 0.001584893192461114 0.8953395064247854
1995.262314968881 0.0012589254117941675 0.9471764864449248
1995.262314968881 0.001 1.0
2511.886431509582 1.0 0.0
2511.886431509582 0.7943282347242815 0.004550345647993616
2511.886431509582 0.6309573444801932 0.012421385363785018
2511.886431509582 0.5011872336272722 0.022670563813747505
2511.886431509582 0.3981071705534972 0.03535690384555824
2511.886431509582 0.31622776601683794 0.05054759830643725
2511.886431509582 0.251188643150958 0.06823612235983861
2511.886431509582 0.19952623149688797 0.08835531370069807
2511.886431509582 0.15848931924611137 0.110801183938883
2511.886431509582 0.12589254117941676 0.13544495748970886
2511.886431509582 0.10000000000000002 0.16215566363476633
2511.886431509582 0.07943282347242818 0.1908049167373915
2511.886431509582 0.06309573444801933 0.22127096970152899
2511.886431509582 0.05011872336272722 0.2534445790544902
2511.886431509582 0.039810717055349734 0.28722666507491706
2511.886431509582 0.03162277660168379 0.32253147554321626
2511.886431509582 0.025118864315095808 0.35928340742786274
2511.886431509582 0.0199526231496888 0.3974167604342561
2511.886431509582 0.015848931924611134 0.4368749653328328
2511.886431509582 0.012589254117941675 0.4776089741110097
2511.886431509582 0.01 0.5195745416169195
2511.886431509582 0.00794328234724282 0.5627335907320092
2511.886431509582 0.006309573444801936 0.6070520423395134
2511.886431509582 0.005011872336272725 0.6524979643962696
2511.886431509582 0.003981071705534973 0.6990417201505111
2511.886431509582 0.0031622776601683794 0.7466564306828568
2511.886431509582 0.0025118864315095794 0.7953169316697061
2511.886431509582 0.0019952623149688807 0.8450001284860256
2511.886431509582 0.001584893192461114 0.8956856566359542
2511.886431509582 0.0012589254117941675 0.9473564985624149
2511.886431509582 0.001 1.0
3162.2776601683795 1.0 0.0
3162.2776601683795 0.7943282347242815 0.004617757902620789
3162.2776601683795 0.6309573444801932 0.012578489668733553
3162.2776601683795 0.5011872336272722 0.022929568108346347
3162.2776601683795 0.3981071705534972 0.03572873135813737
3162.2776601683795 0.31622776601683794 0.05104137889629561
3162.2776601683795 0.251188643150958 0.068858258741712
3162.2776601683795 0.19952623149688797 0.08910940195233545
3162.2776601683795 0.15848931924611137 0.11168537909313551
3162.2776601683795 0.12589254117941676 0.13645547714370268
3162.2776601683795 0.10000000000000002 0.16328592305109327
3162.2776601683795 0.07943282347242818 0.19204395341333494
3162.2776601683795 0.06309573444801933 0.22260646128434253
3162.2776601683795 0.05011872336272722 0.2548599513079548
3162.2776601683795 0.039810717055349734 0.2887051131228353
3162.2776601683795 0.03162277660168379 0.32405341148404926
3162.2776601683795 0.025118864315095808 0.3608285217847324
3162.2776601683795 0.0199526231496888 0.39896362849437983
3162.2776601683795 0.015848931924611134 0.43840259822103644
3162.2776601683795 0.012589254117941675 0.47909586034367296
3162.2776601683795 0.01 0.5210005593269007
3162.2776601683795 0.00794328234724282 0.5640797243450169
3162.2776601683795 0.006309573444801936 0.6083000597515416
3162.2776601683795 0.005011872336272725 0.6536315142725825
3162.2776601683795 0.003981071705534973 0.700046753062838
3162.2776601683795 0.0031622776601683794 0.7475209730524341
3162.2776601683795 0.0025118864315095794 0.7960293861208303
3162.2776601683795 0.0019952623149688807 0.845550320053374
3162.2776601683795 0.001584893192461114 0.8960636350260804
3162.2776601683795 0.0012589254117941675 0.947551862933089
3162.2776601683795 0.001 1.0
3981.0717055349733 1.0 0.0
3981.0717055349733 0.7943282347242815 0.004686107602085163
3981.0717055349733 0.6309573444801932 0.012737148531856366
3981.0717055349733 0.5011872336272722 0.02319205226071616
3981.0717055349733 0.3981071705534972 0.036106945548789925
3981.0717055349733 0.31622776601683794 0.05154503589611703
3981.0717055349733 0.251188643150958 0.06949398260535014
3981.0717055349733 0.19952623149688797 0.08987935357995858
3981.0717055349733 0.15848931924611137 0.11258951588382793
3981.0717055349733 0.12589254117941676 0.13749154231654556
3981.0717055349733 0.10000000000000002 0.16444694510150826
3981.0717055349733 0.07943282347242818 0.1933208606379435
3981.0717055349733 0.06309573444801933 0.22398602922803817
3981.0717055349733 0.05011872336272722 0.2563284059227091
3981.0717055349733 0.039810717055349734 0.29024470021006005
3981.0717055349733 0.03162277660168379 0.3256451043588122
3981.0717055349733 0.025118864315095808 0.3624512857308736
3981.0717055349733 0.0199526231496888 0.400596767455899
3981.0717055349733 0.015848931924611134 0.44002444497461213
3981.0717055349733 0.012589254117941675 0.48068249237490523
3981.0717055349733 0.01 0.5225315895225829
3981.0717055349733 0.00794328234724282 0.5655314613980035
3981.0717055349733 0.006309573444801936 0.6096522294788163
3981.0717055349733 0.005011872336272725 0.6548649692523417
3981.0717055349733 0.003981071705534973 0.7011445312115587
3981.0717055349733 0.0031622776601683794 0.7484666721606861
3981.0717055349733 0.0025118864315095794 0.7968096349909122
3981.0717055349733 0.0019952623149688807 0.8461527730944033
3981.0717055349733 0.001584893192461114 0.8964772274861896
3981.0717055349733 0.0012589254117941675 0.9477645468220781
3981.0717055349733 0.001 1.0
5011.872336272725 1.0 0.0
5011.872336272725 0.7943282347242815 0.004755036308647714
5011.872336272725 0.6309573444801932 0.012896590403802474
5011.872336272725 0.5011872336272722 0.023455841589120535
5011.872336272725 0.3981071705534972 0.03648749200260083
5011.872336272725 0.31622776601683794 0.052051991848836694
5011.872336272725 0.251188643150958 0.07013557013786804
5011.872336272725 0.19952623149688797 0.09065790251894204
5011.872336272725 0.15848931924611137 0.11350493661332238
5011.872336272725 0.12589254117941676 0.13854197025952203
5011.872336272725 0.10000000000000002 0.16562698398833187
5011.872336272725 0.07943282347242818 0.19462124121847893
5011.872336272725 0.06309573444801933 0.2253960581381911
5011.872336272725 0.05011872336272722 0.2578330901063901
5011.872336272725 0.039810717055349734 0.29182856174466193
5011.872336272725 0.03162277660168379 0.32728970029691173
5011.872336272725 0.025118864315095808 0.36413577313763684
5011.872336272725 0.0199526231496888 0.40229858307444866
5011.872336272725 0.015848931924611134 0.44171973697382344
5011.872336272725 0.012589254117941675 0.48235031598171374
5011.872336272725 0.01 0.5241453412516163
5011.872336272725 0.00794328234724282 0.5670696167068029
5011.872336272725 0.006309573444801936 0.6110916396117879
5011.872336272725 0.005011872336272725 0.6561843534190445
5011.872336272725 0.003981071705534973 0.7023232512343998
5011.872336272725 0.0031622776601683794 0.7494864159136635
5011.872336272725 0.0025118864315095794 0.7976535441305239
5011.872336272725 0.0019952623149688807 0.8468058715370614
5011.872336272725 0.001584893192461114 0.8969251555257258
5011.872336272725 0.0012589254117941675 0.9479949179826492
5011.872336272725 0.001 1.0
6309.573444801937 1.0 0.0
6309.573444801937 0.7943282347242815 0.004824129632579448
6309.573444801937 0.6309573444801932 0.013056213925148465
6309.573444801937 0.5011872336272722 0.02371956244134714
6309.573444801937 0.3981071705534972 0.03686775178058186
6309.573444801937 0.31622776601683794 0.05255778889984972
6309.573444801937 0.251188643150958 0.07077301259206444
6309.573444801937 0.19952623149688797 0.09143383859526852
6309.573444801937 0.15848931924611137 0.11441796523598231
6309.573444801937 0.12589254117941676 0.13959201587686637
6309.573444801937 0.10000000000000002 0.16680926430444287
6309.573444801937 0.07943282347242818 0.19592837788410083
6309.573444801937 0.06309573444801933 0.2268168399004476
6309.573444801937 0.05011872336272722 0.2593544546943926
6309.573444801937 0.039810717055349734 0.29343513251713005
6309.573444801937 0.03162277660168379 0.3289622530148189
6309.573444801937 0.025118864315095808 0.3658547708875888
6309.573444801937 0.0199526231496888 0.40404275923483235
6309.573444801937 0.015848931924611134 0.44346657286106894
6309.573444801937 0.012589254117941675 0.48407399891785796
6309.573444801937 0.01 0.5258223970919158
6309.573444801937 0.00794328234724282 0.5686749157301609
6309.573444801937 0.006309573444801936 0.6126011798024438
6309.573444801937 0.005011872336272725 0.6575741986336192
6309.573444801937 0.003981071705534973 0.7035702659051246
6309.573444801937 0.0031622776601683794 0.7505695918749604
6309.573444801937 0.0025118864315095794 0.7985532806805857
6309.573444801937 0.0019952623149688807 0.8475038064092747
6309.573444801937 0.001584893192461114 0.8974052107782537
6309.573444801937 0.0012589254117941675 0.9482420686907292
6309.573444801937 0.001 1.0
7943.282347242822 1.0 0.0
7943.282347242822 0.7943282347242815 0.004892987868209535
7943.282347242822 0.6309573444801932 0.0132153080225931
7943.282347242822 0.5011872336272722 0.023982021448062333
7943.282347242822 0.3981071705534972 0.037245873907999584
7943.282347242822 0.31622776601683794 0.05306105826161993
7943.282347242822 0.251188643150958 0.07140904900316458
7943.282347242822 0.19952623149688797 0.09220562909696106
7943.282347242822 0.15848931924611137 0.11533120086951366
7943.282347242822 0.12589254117941676 0.1406428328730997
7943.282347242822 0.10000000000000002 0.16799423807690267
7943.282347242822 0.07943282347242818 0.19723965255972187
7943.282347242822 0.06309573444801933 0.22824443056121804
7943.282347242822 0.05011872336272722 0.2608856165041163
7943.282347242822 0.039810717055349734 0.29505467396217494
7943.282347242822 0.03162277660168379 0.33065297404804184
7943.282347242822 0.025118864315095808 0.36759811785676366
7943.282347242822 0.0199526231496888 0.4058172692206486
7943.282347242822 0.015848931924611134 0.4452484790460776
7943.282347242822 0.012589254117941675 0.4858396868608255
7943.282347242822 0.01 0.5275467883362617
7943.282347242822 0.00794328234724282 0.5703327723584192
7943.282347242822 0.006309573444801936 0.6141664956754925
7943.282347242822 0.005011872336272725 0.6590211388834162
7943.282347242822 0.003981071705534973 0.7048747601829783
7943.282347242822 0.0031622776601683794 0.7517075772536593
7943.282347242822 0.0025118864315095794 0.7995020309457888
7943.282347242822 0.0019952623149688807 0.8482426722715972
7943.282347242822 0.001584893192461114 0.8979149213855846
7943.282347242822 0.0012589254117941675 0.9485050209433026
