src/nupyprop/models/ixc_tau_pn_ckmt_rock.ecsv
# %ECSV 1.0
# ---
# datatype:
# - {name: energy, datatype: float64}
# - {name: y, datatype: float64}
# - {name: cdf_pn_ckmt, datatype: float64}
# meta: !!omap
# - {Description: Tau-nucleon cross-section CDF values for PN_CKMT in rock}
# - {energy: 'Tau energy, in GeV'}
# - {y: Inelasticity; y = (E_initial-E_final)/E_initial}
# - {cdf: Cross-section CDF values for PN_CKMT in rock}
# - {Note: 'The integrated cross-section CDF values should be integrated from y = 1, 10^(-0.1),...,10^(-3). This is a convention we chose
#     to adopt'}
# schema: astropy-2.0
energy y cdf_pn_ckmt
[from data line 687]
158.48931924611142 0.31622776601683794 0.0020518069773912432
158.48931924611142 0.251188643150958 0.003690809713000415
158.48931924611142 0.19952623149688797 0.006184624715318237
158.48931924611142 0.15848931924611137 0.009779026143274114
158.48931924611142 0.12589254117941676 0.014723544877815733
158.48931924611142 0.10000000000000002 0.021256954067528075
158.48931924611142 0.07943282347242818 0.029604549805477023
158.48931924611142 0.06309573444801933 0.039981282490749566
158.48931924611142 0.05011872336272722 0.05259850271964531
158.48931924611142 0.039810717055349734 0.06767113094233779
158.48931924611142 0.03162277660168379 0.08542845656184613
158.48931924611142 0.025118864315095808 0.10612492644971307
158.48931924611142 0.0199526231496888 0.1300505432780465
158.48931924611142 0.015848931924611134 0.15754286999273123
158.48931924611142 0.012589254117941675 0.18899814420704572
158.48931924611142 0.01 0.22488459977208053
158.48931924611142 0.00794328234724282 0.2657543670644705
158.48931924611142 0.006309573444801936 0.3122610942301011
158.48931924611142 0.005011872336272725 0.3651745568043568
158.48931924611142 0.003981071705534973 0.42539806962101634
158.48931924611142 0.0031622776601683794 0.49398583139585067
158.48931924611142 0.0025118864315095794 0.5721491845896334
158.48931924611142 0.0019952623149688807 0.6612343800657742
158.48931924611142 0.001584893192461114 0.7625925096899432
158.48931924611142 0.0012589254117941675 0.8769743014715502
158.48931924611142 0.001 1.0
199.52623149688807 1.0 0.0
199.52623149688807 0.7943282347242815 3.1178526772976766e-05
199.52623149688807 0.6309573444801932 0.00017469636122225223
199.52623149688807 0.5011872336272722 0.0005018967467781945
199.52623149688807 0.3981071705534972 0.0011251468824817036
199.52623149688807 0.31622776601683794 0.0022035690488436655
199.52623149688807 0.251188643150958 0.003939624876808293
199.52623149688807 0.19952623149688797 0.006566581543352696
199.52623149688807 0.15848931924611137 0.010335824107653088
199.52623149688807 0.12589254117941676 0.015498299120601224
199.52623149688807 0.10000000000000002 0.022293962190176098
199.52623149688807 0.07943282347242818 0.030948545815667187
199.52623149688807 0.06309573444801933 0.04167523345542613
199.52623149688807 0.05011872336272722 0.0546788076336876
199.52623149688807 0.039810717055349734 0.07016466200469924
199.52623149688807 0.03162277660168379 0.08835074813137513
199.52623149688807 0.025118864315095808 0.10947501749924608
199.52623149688807 0.0199526231496888 0.13380851578378783
199.52623149688807 0.015848931924611134 0.1616655710792901
199.52623149688807 0.012589254117941675 0.19341605882305507
199.52623149688807 0.01 0.22949570494221652
199.52623149688807 0.00794328234724282 0.2704214354403001
199.52623149688807 0.006309573444801936 0.31680321519999355
199.52623149688807 0.005011872336272725 0.36936259721503406
199.52623149688807 0.003981071705534973 0.4289488324185935
199.52623149688807 0.0031622776601683794 0.49655867640474827
199.52623149688807 0.0025118864315095794 0.5733527378276788
199.52623149688807 0.0019952623149688807 0.6606660420384963
199.52623149688807 0.001584893192461114 0.7599836587389557
199.52623149688807 0.0012589254117941675 0.8728040492266235
199.52623149688807 0.001 1.0
251.18864315095823 1.0 0.0
251.18864315095823 0.7943282347242815 3.5807156078486986e-05
251.18864315095823 0.6309573444801932 0.0001936995786758654
251.18864315095823 0.5011872336272722 0.0005488239924804702
251.18864315095823 0.3981071705534972 0.0012198058908170282
251.18864315095823 0.31622776601683794 0.0023739019190672853
251.18864315095823 0.251188643150958 0.00422101235247183
251.18864315095823 0.19952623149688797 0.007003330640757914
251.18864315095823 0.15848931924611137 0.010977884780447604
251.18864315095823 0.12589254117941676 0.016400766467174772
251.18864315095823 0.10000000000000002 0.023516916252320306
251.18864315095823 0.07943282347242818 0.03255527401048751
251.18864315095823 0.06309573444801933 0.043727252933021314
251.18864315095823 0.05011872336272722 0.05723320361691483
251.18864315095823 0.039810717055349734 0.07327137349214481
251.18864315095823 0.03162277660168379 0.09204735221551127
251.18864315095823 0.025118864315095808 0.1137852993409419
251.18864315095823 0.0199526231496888 0.13873879963968516
251.18864315095823 0.015848931924611134 0.16720183882445247
251.18864315095823 0.012589254117941675 0.1995191023721458
251.18864315095823 0.01 0.2360988141257308
251.18864315095823 0.00794328234724282 0.2774242050107152
251.18864315095823 0.006309573444801936 0.32406800621943155
251.18864315095823 0.005011872336272725 0.376706937895881
251.18864315095823 0.003981071705534973 0.436140501925088
251.18864315095823 0.0031622776601683794 0.5033090555242813
251.18864315095823 0.0025118864315095794 0.5793152009821919
251.18864315095823 0.0019952623149688807 0.665442657329765
251.18864315095823 0.001584893192461114 0.7631666090877527
251.18864315095823 0.0012589254117941675 0.8741302999541734
251.18864315095823 0.001 1.0
316.22776601683796 1.0 0.0
316.22776601683796 0.7943282347242815 4.054623167256432e-05
316.22776601683796 0.6309573444801932 0.00021307440361621665
316.22776601683796 0.5011872336272722 0.0005969091704333363
316.22776601683796 0.3981071705534972 0.0013173919088281005
316.22776601683796 0.31622776601683794 0.0025496216117008906
316.22776601683796 0.251188643150958 0.004512429418324554
316.22776601683796 0.19952623149688797 0.007456066210833346
316.22776601683796 0.15848931924611137 0.011644183726888134
316.22776601683796 0.12589254117941676 0.017340988881782673
316.22776601683796 0.10000000000000002 0.024797914074917108
316.22776601683796 0.07943282347242818 0.034245769141114206
316.22776601683796 0.06309573444801933 0.04589555993639264
316.22776601683796 0.05011872336272722 0.059942471391674516
316.22776601683796 0.039810717055349734 0.0765765679590133
316.22776601683796 0.03162277660168379 0.09599233496035145
316.22776601683796 0.025118864315095808 0.11839966989889204
316.22776601683796 0.0199526231496888 0.1440349237874045
316.22776601683796 0.015848931924611134 0.17317046456143462
316.22776601683796 0.012589254117941675 0.20612749079787146
316.22776601683796 0.01 0.24328584793878047
316.22776601683796 0.00794328234724282 0.28509624338198175
316.22776601683796 0.006309573444801936 0.33209285592236665
316.22776601683796 0.005011872336272725 0.3849091806205114
316.22776601683796 0.003981071705534973 0.44429451110714946
316.22776601683796 0.0031622776601683794 0.5111316331586685
316.22776601683796 0.0025118864315095794 0.5864586286114045
316.22776601683796 0.0019952623149688807 0.671491335184473
316.22776601683796 0.001584893192461114 0.7676441400672761
316.22776601683796 0.0012589254117941675 0.8765423866053325
316.22776601683796 0.001 1.0
398.1071705534973 1.0 0.0
398.1071705534973 0.7943282347242815 4.529087717096392e-05
398.1071705534973 0.6309573444801932 0.00023248020072560085
398.1071705534973 0.5011872336272722 0.0006453562927117519
398.1071705534973 0.3981071705534972 0.001416093450765681
398.1071705534973 0.31622776601683794 0.0027277477801006767
398.1071705534973 0.251188643150958 0.004808281257963887
398.1071705534973 0.19952623149688797 0.007915251432575196
398.1071705534973 0.15848931924611137 0.012322148136794516
398.1071705534973 0.12589254117941676 0.018302197198208275
398.1071705534973 0.10000000000000002 0.02611239267018277
398.1071705534973 0.07943282347242818 0.03598595310835284
398.1071705534973 0.06309573444801933 0.04813199154247483
398.1071705534973 0.05011872336272722 0.06274118398874007
398.1071705534973 0.039810717055349734 0.07999517006096372
398.1071705534973 0.03162277660168379 0.10007691073986766
398.1071705534973 0.025118864315095808 0.12318172390839856
398.1071705534973 0.0199526231496888 0.14952739920293925
398.1071705534973 0.015848931924611134 0.17936594969827824
398.1071705534973 0.012589254117941675 0.21299426900872134
398.1071705534973 0.01 0.25076336797214005
398.1071705534973 0.00794328234724282 0.29309054066634194
398.1071705534973 0.006309573444801936 0.3404727197756149
398.1071705534973 0.005011872336272725 0.39349952787825127
398.1071705534973 0.003981071705534973 0.45286870578345717
398.1071705534973 0.0031622776601683794 0.5194045659085912
398.1071705534973 0.0025118864315095794 0.5940781757829539
398.1071705534973 0.0019952623149688807 0.6780300714301046
398.1071705534973 0.001584893192461114 0.7725948800064115
398.1071705534973 0.0012589254117941675 0.8793239403282925
398.1071705534973 0.001 1.0
501.18723362727246 1.0 0.0
501.18723362727246 0.7943282347242815 4.997417488403629e-05
501.18723362727246 0.6309573444801932 0.000251768007421962
501.18723362727246 0.5011872336272722 0.0006938299000137157
501.18723362727246 0.3981071705534972 0.001514979350327189
501.18723362727246 0.31622776601683794 0.0029067080459035605
501.18723362727246 0.251188643150958 0.005104951494535028
501.18723362727246 0.19952623149688797 0.008377102607852004
501.18723362727246 0.15848931924611137 0.013007986225939353
501.18723362727246 0.12589254117941676 0.01927888536251888
501.18723362727246 0.10000000000000002 0.027452108565025533
501.18723362727246 0.07943282347242818 0.037762707960781794
501.18723362727246 0.06309573444801933 0.05041820492530047
501.18723362727246 0.05011872336272722 0.0656040644606723
501.18723362727246 0.039810717055349734 0.08349342478118313
501.18723362727246 0.03162277660168379 0.10425730849954515
501.18723362727246 0.025118864315095808 0.12807515067300732
501.18723362727246 0.0199526231496888 0.1551473989001802
501.18723362727246 0.015848931924611134 0.18570520750403438
501.18723362727246 0.012589254117941675 0.2200192956246845
501.18723362727246 0.01 0.2584125703895496
501.18723362727246 0.00794328234724282 0.30126963071835383
501.18723362727246 0.006309573444801936 0.3490486005731867
501.18723362727246 0.005011872336272725 0.40229517359054445
501.18723362727246 0.003981071705534973 0.4616560245459255
501.18723362727246 0.0031622776601683794 0.5278963083538514
501.18723362727246 0.0025118864315095794 0.6019190760671299
501.18723362727246 0.0019952623149688807 0.6847861806272691
501.18723362727246 0.001584893192461114 0.7777444318949023
501.18723362727246 0.0012589254117941675 0.8822512557188902
501.18723362727246 0.001 1.0
630.9573444801937 1.0 0.0
630.9573444801937 0.7943282347242815 5.454354831241937e-05
630.9573444801937 0.6309573444801932 0.0002707693597164645
630.9573444801937 0.5011872336272722 0.0007419162393259998
630.9573444801937 0.3981071705534972 0.0016134820529595637
630.9573444801937 0.31622776601683794 0.0030849705606876493
630.9573444801937 0.251188643150958 0.005401294540073805
630.9573444801937 0.19952623149688797 0.00884190396640351
630.9573444801937 0.15848931924611137 0.013701669585078236
630.9573444801937 0.12589254117941676 0.02026983775834972
630.9573444801937 0.10000000000000002 0.02881356773576784
630.9573444801937 0.07943282347242818 0.03956989275984591
630.9573444801937 0.06309573444801933 0.05274433371760212
630.9573444801937 0.05011872336272722 0.06851712164551332
630.9573444801937 0.039810717055349734 0.08705157730649113
630.9573444801937 0.03162277660168379 0.10850607558715679
630.9573444801937 0.025118864315095808 0.13304553210737902
630.9573444801937 0.0199526231496888 0.16085252895383292
630.9573444801937 0.015848931924611134 0.1921353472449055
630.9573444801937 0.012589254117941675 0.227140660970742
630.9573444801937 0.01 0.2661623976972965
630.9573444801937 0.00794328234724282 0.30955153624882353
630.9573444801937 0.006309573444801936 0.3577297088838259
630.9573444801937 0.005011872336272725 0.4111962561502293
630.9573444801937 0.003981071705534973 0.470547356993485
630.9573444801937 0.0031622776601683794 0.5364894772226366
630.9573444801937 0.0025118864315095794 0.6098565521705742
630.9573444801937 0.0019952623149688807 0.6916329785138963
630.9573444801937 0.001584893192461114 0.7829743397803721
630.9573444801937 0.0012589254117941675 0.8852356897991351
630.9573444801937 0.001 1.0
794.3282347242822 1.0 0.0
794.3282347242822 0.7943282347242815 5.8964610942562294e-05
794.3282347242822 0.6309573444801932 0.00028942357154472536
794.3282347242822 0.5011872336272722 0.000789366181993755
794.3282347242822 0.3981071705534972 0.00171101464012754
794.3282347242822 0.31622776601683794 0.003261704806920307
794.3282347242822 0.251188643150958 0.005697740593910204
794.3282347242822 0.19952623149688797 0.009309865312872668
794.3282347242822 0.15848931924611137 0.014403136252159759
794.3282347242822 0.12589254117941676 0.021273877239907018
794.3282347242822 0.10000000000000002 0.030194313339333565
794.3282347242822 0.07943282347242818 0.041402782400980664
794.3282347242822 0.06309573444801933 0.055102578382825264
794.3282347242822 0.05011872336272722 0.07146705678521306
794.3282347242822 0.039810717055349734 0.0906504903512195
794.3282347242822 0.03162277660168379 0.11279906770162196
794.3282347242822 0.025118864315095808 0.13806292810854684
794.3282347242822 0.0199526231496888 0.16660451121193443
794.3282347242822 0.015848931924611134 0.19861179574255516
794.3282347242822 0.012589254117941675 0.23430630289951346
794.3282347242822 0.01 0.2739531219978601
794.3282347242822 0.00794328234724282 0.3178719116502852
794.3282347242822 0.006309573444801936 0.36644275440884877
794.3282347242822 0.005011872336272725 0.42012371278542204
794.3282347242822 0.003981071705534973 0.47946030147600005
794.3282347242822 0.0031622776601683794 0.5450995121067946
794.3282347242822 0.0025118864315095794 0.6178082786243367
794.3282347242822 0.0019952623149688807 0.6984917299078088
794.3282347242822 0.001584893192461114 0.7882151739060393
794.3282347242822 0.0012589254117941675 0.8882295500380798
794.3282347242822 0.001 1.0
1000.0 1.0 0.0
1000.0 0.7943282347242815 6.321403065878269e-05
1000.0 0.6309573444801932 0.00030762206762089284
1000.0 0.5011872336272722 0.000835962133868449
1000.0 0.3981071705534972 0.0018069244448830324
1000.0 0.31622776601683794 0.003437347857331858
1000.0 0.251188643150958 0.00599517462844818
1000.0 0.19952623149688797 0.00978248438519896
1000.0 0.15848931924611137 0.015112529545935068
1000.0 0.12589254117941676 0.022290158803321955
1000.0 0.10000000000000002 0.031591368369448196
1000.0 0.07943282347242818 0.04325560853477965
1000.0 0.06309573444801933 0.05748268025781104
1000.0 0.05011872336272722 0.07443977143495066
1000.0 0.039810717055349734 0.0942718157068517
1000.0 0.03162277660168379 0.11711306297686513
1000.0 0.025118864315095808 0.14309651486606323
1000.0 0.0199526231496888 0.17236755484522254
1000.0 0.015848931924611134 0.2050924304400622
1000.0 0.012589254117941675 0.24146801190772216
1000.0 0.01 0.28173214213945214
1000.0 0.00794328234724282 0.32616915413680536
1000.0 0.006309573444801936 0.37512397059352115
1000.0 0.005011872336272725 0.4290110145380063
1000.0 0.003981071705534973 0.4883251204859913
1000.0 0.0031622776601683794 0.5536565115721764
1000.0 0.0025118864315095794 0.6257056282500398
1000.0 0.0019952623149688807 0.705300093916213
1000.0 0.001584893192461114 0.7934158191437634
1000.0 0.0012589254117941675 0.8912003383823809
1000.0 0.001 1.0
1258.9254117941675 1.0 0.0
1258.9254117941675 0.7943282347242815 6.727004071100569e-05
1258.9254117941675 0.6309573444801932 0.0003252724683383194
1258.9254117941675 0.5011872336272722 0.0008814586031622102
1258.9254117941675 0.3981071705534972 0.0019014665262457881
1258.9254117941675 0.31622776601683794 0.0036129628050456985
1258.9254117941675 0.251188643150958 0.006295244452015303
1258.9254117941675 0.19952623149688797 0.01025967055694199
1258.9254117941675 0.15848931924611137 0.015830283906221047
1258.9254117941675 0.12589254117941676 0.023316929635880383
1258.9254117941675 0.10000000000000002 0.033001393730993846
1258.9254117941675 0.07943282347242818 0.0451213039211564
1258.9254117941675 0.06309573444801933 0.059873914940405386
1258.9254117941675 0.05011872336272722 0.07742056249180103
