src/nupyprop/models/ixc_neutrino_bsm.ecsv
# %ECSV 1.0
# ---
# datatype:
# - {name: energy, datatype: float64}
# - {name: y, datatype: float64}
# - {name: cc_cdf_bsm, datatype: float64}
# - {name: nc_cdf_bsm, datatype: float64}
# meta: !!omap
# - {Description: Neutrino-nucleon cross-section CDF values for BSM}
# - {energy: 'Neutrino energy, in GeV'}
# - {y: Inelasticity; y = (E_initial-E_final)/E_initial}
# - {cdf_bsm: Cross-section CDF values for bsm}
# - {nc_cdf_bsm: Cross-section NC CDF values for bsm}
# - {Note: 'The integrated cross-section CDF values should be integrated from y = 1, 10^(-0.1),...,10^(-3). This is a convention we chose
#     to adopt'}
# schema: astropy-2.0
energy y cc_cdf_bsm nc_cdf_bsm
[from data line 3571]
199526.2314968883 0.0012067926406393288 0.9996847932733306 0.0
199526.2314968883 0.0011513953993264481 0.9997692295681823 0.0
199526.2314968883 0.0010985411419875584 0.9998497924239849 0.0
199526.2314968883 0.0010481131341546852 0.999926659418881 0.0
199526.2314968883 0.001 1.0 0.0
251188.6431509582 1.0 0.0 0.0
251188.6431509582 0.99 0.00024989728937296896 0.0
251188.6431509582 0.98 0.0009862143801447898 0.0
251188.6431509582 0.97 0.0021853358822893076 0.0
251188.6431509582 0.96 0.003825253065285694 0.0
251188.6431509582 0.95 0.0058854809426095445 0.0
251188.6431509582 0.94 0.008346930241923678 0.0
251188.6431509582 0.9299999999999999 0.011191783438928016 0.0
251188.6431509582 0.92 0.014403384231380878 0.0
251188.6431509582 0.91 0.017966138766650208 0.0
251188.6431509582 0.9 0.021865427153479056 0.0
251188.6431509582 0.89 0.026087523998810536 0.0
251188.6431509582 0.88 0.03061952688737335 0.0
251188.6431509582 0.87 0.035449291870281674 0.0
251188.6431509582 0.86 0.04056537515391345 0.0
251188.6431509582 0.85 0.04595698028713868 0.0
251188.6431509582 0.84 0.05161391023622719 0.0
251188.6431509582 0.83 0.05752652381475132 0.0
251188.6431509582 0.8200000000000001 0.06368569600203777 0.0
251188.6431509582 0.81 0.07008278174078353 0.0
251188.6431509582 0.8 0.07670958285396579 0.0
251188.6431509582 0.79 0.08355831776413436 0.0
251188.6431509582 0.78 0.09062159373508172 0.0
251188.6431509582 0.77 0.09789238138774048 0.0
251188.6431509582 0.76 0.10536399127020224 0.0
251188.6431509582 0.75 0.11303005228635177 0.0
251188.6431509582 0.74 0.12088449180908223 0.0
251188.6431509582 0.73 0.1289215173226138 0.0
251188.6431509582 0.72 0.13713559945486598 0.0
251188.6431509582 0.71 0.14552145627542223 0.0
251188.6431509582 0.7 0.15407403874756076 0.0
251188.6431509582 0.69 0.16278851723407672 0.0
251188.6431509582 0.6799999999999999 0.17166026896653197 0.0
251188.6431509582 0.6699999999999999 0.18068486639650005 0.0
251188.6431509582 0.6599999999999999 0.18985806635537772 0.0
251188.6431509582 0.6499999999999999 0.19917579995639634 0.0
251188.6431509582 0.64 0.20863416317864458 0.0
251188.6431509582 0.63 0.21822940807851698 0.0
251188.6431509582 0.62 0.22795793457906988 0.0
251188.6431509582 0.61 0.2378162827923278 0.0
251188.6431509582 0.6 0.24780112583356606 0.0
251188.6431509582 0.59 0.25790926309018003 0.0
251188.6431509582 0.5800000000000001 0.26813761391103785 0.0
251188.6431509582 0.5700000000000001 0.2784832116852124 0.0
251188.6431509582 0.56 0.28894319828164194 0.0
251188.6431509582 0.55 0.2995148188236141 0.0
251188.6431509582 0.54 0.31019541677414164 0.0
251188.6431509582 0.53 0.3209824293102985 0.0
251188.6431509582 0.52 0.3318733829663959 0.0
251188.6431509582 0.51 0.34286588952746033 0.0
251188.6431509582 0.5 0.35395764215593306 0.0
251188.6431509582 0.49 0.3651464117358637 0.0
251188.6431509582 0.48 0.37643004342012576 0.0
251188.6431509582 0.47 0.38780645336728614 0.0
251188.6431509582 0.45999999999999996 0.39927362565574664 0.0
251188.6431509582 0.44999999999999996 0.4108296093637126 0.0
251188.6431509582 0.43999999999999995 0.4224725158044149 0.0
251188.6431509582 0.42999999999999994 0.434200515906802 0.0
251188.6431509582 0.42000000000000004 0.446011837732606 0.0
251188.6431509582 0.41000000000000003 0.45790476412134584 0.0
251188.6431509582 0.4 0.4698776304836231 0.0
251188.6431509582 0.39 0.48192882315579855 0.0
251188.6431509582 0.38 0.49405677875827647 0.0
251188.6431509582 0.37 0.5062599841389376 0.0
251188.6431509582 0.36 0.5185369763731387 0.0
251188.6431509582 0.35 0.5308863427637132 0.0
251188.6431509582 0.33999999999999997 0.5433067208409705 0.0
251188.6431509582 0.32999999999999996 0.555796798362697 0.0
251188.6431509582 0.31999999999999995 0.5683553133141546 0.0
251188.6431509582 0.30999999999999994 0.580981053908082 0.0
251188.6431509582 0.29999999999999993 0.5936728585846944 0.0
251188.6431509582 0.29000000000000004 0.6064296160116829 0.0
251188.6431509582 0.28 0.6192502650842155 0.0
251188.6431509582 0.27 0.6321337949249362 0.0
251188.6431509582 0.26 0.6450792448839651 0.0
251188.6431509582 0.25 0.658085704538899 0.0
251188.6431509582 0.24 0.671152313694811 0.0
251188.6431509582 0.22999999999999998 0.6842782623842506 0.0
251188.6431509582 0.21999999999999997 0.6974627908672433 0.0
251188.6431509582 0.20999999999999996 0.7107051896312915 0.0
251188.6431509582 0.19999999999999996 0.7240047993913733 0.0
251188.6431509582 0.18999999999999995 0.7373610110899437 0.0
251188.6431509582 0.17999999999999994 0.7507732658969337 0.0
251188.6431509582 0.16999999999999993 0.7642410552097508 0.0
251188.6431509582 0.16000000000000003 0.7777639206532787 0.0
251188.6431509582 0.15000000000000002 0.7913414540798777 0.0
251188.6431509582 0.14 0.8049732975693842 0.0
251188.6431509582 0.13 0.8186591434291111 0.0
251188.6431509582 0.12 0.8323987341938475 0.0
251188.6431509582 0.10999999999999999 0.8461918626258589 0.0
251188.6431509582 0.09999999999999998 0.8600383717148872 0.0
251188.6431509582 0.08999999999999997 0.8739381546781505 0.0
251188.6431509582 0.07999999999999996 0.8878911549603435 0.0
251188.6431509582 0.06999999999999995 0.9018973662336369 0.0
251188.6431509582 0.05999999999999994 0.9159568323976781 0.0
251188.6431509582 0.04999999999999993 0.9300696475795907 0.0
251188.6431509582 0.040000000000000036 0.9442359561339742 0.0
251188.6431509582 0.030000000000000027 0.9584559526429053 0.0
251188.6431509582 0.020000000000000018 0.9727298819159365 0.0
251188.6431509582 0.01 0.9870580389900966 0.0
251188.6431509582 0.009540954763499945 0.9877170720391776 0.0
251188.6431509582 0.009102981779915217 0.9883459597069227 0.0
251188.6431509582 0.008685113737513529 0.9889460762144544 0.0
251188.6431509582 0.008286427728546842 0.9895187335563063 0.0
251188.6431509582 0.0079060432109077 0.990065184280549 0.0
251188.6431509582 0.007543120063354615 0.9905866241480883 0.0
251188.6431509582 0.0071968567300115215 0.9910841946760789 0.0
251188.6431509582 0.006866488450042998 0.9915589855702257 0.0
251188.6431509582 0.006551285568595509 0.9920120370505716 0.0
251188.6431509582 0.006250551925273976 0.9924443420752042 0.0
251188.6431509582 0.005963623316594642 0.9928568484661521 0.0
251188.6431509582 0.005689866029018299 0.9932504609415823 0.0
251188.6431509582 0.005428675439323859 0.9936260430582522 0.0
251188.6431509582 0.005179474679231213 0.9939844190680234 0.0
251188.6431509582 0.004941713361323833 0.9943263756920924 0.0
251188.6431509582 0.004714866363457394 0.9946526638164571 0.0
251188.6431509582 0.004498432668969444 0.9949640001119937 0.0
251188.6431509582 0.004291934260128779 0.9952610685823878 0.0
251188.6431509582 0.004094915062380427 0.9955445220430349 0.0
251188.6431509582 0.003906939937054617 0.9958149835338974 0.0
251188.6431509582 0.0037275937203149418 0.9960730476691865 0.0
251188.6431509582 0.0035564803062231283 0.9963192819266177 0.0
251188.6431509582 0.00339322177189533 0.9965542278788789 0.0
251188.6431509582 0.0032374575428176433 0.9967784023698387 0.0
251188.6431509582 0.0030888435964774815 0.9969922986379183 0.0
251188.6431509582 0.0029470517025518097 0.9971963873889493 0.0
251188.6431509582 0.002811768697974231 0.9973911178207425 0.0
251188.6431509582 0.002682695795279727 0.9975769186014982 0.0
251188.6431509582 0.002559547922699536 0.9977541988040991 0.0
251188.6431509582 0.0024420530945486523 0.9979233487982405 0.0
251188.6431509582 0.002329951810515372 0.9980847411022675 0.0
251188.6431509582 0.0022229964825261957 0.9982387311965103 0.0
251188.6431509582 0.0021209508879201904 0.998385658299832 0.0
251188.6431509582 0.0020235896477251575 0.9985258461110268 0.0
251188.6431509582 0.0019306977288832496 0.9986596035166406 0.0
251188.6431509582 0.0018420699693267163 0.9987872252667115 0.0
251188.6431509582 0.001757510624854793 0.9989089926198675 0.0
251188.6431509582 0.0016768329368110084 0.9990251739591551 0.0
251188.6431509582 0.001599858719606059 0.9991360253799102 0.0
251188.6431509582 0.0015264179671752333 0.9992417912509273 0.0
251188.6431509582 0.0014563484775012444 0.9993427047501277 0.0
251188.6431509582 0.0013894954943731374 0.9994389883758739 0.0
251188.6431509582 0.0013257113655901094 0.9995308544350268 0.0
251188.6431509582 0.0012648552168552957 0.9996185055087943 0.0
251188.6431509582 0.0012067926406393288 0.999702134897374 0.0
251188.6431509582 0.0011513953993264481 0.9997819270443454 0.0
251188.6431509582 0.0010985411419875584 0.9998580579417297 0.0
251188.6431509582 0.0010481131341546852 0.9999306955165886 0.0
251188.6431509582 0.001 1.0 0.0
316227.7660168379 1.0 0.0 0.0
316227.7660168379 0.99 0.000285183903745323 0.0
316227.7660168379 0.98 0.0011223839442104921 0.0
316227.7660168379 0.97 0.0024783159371289942 0.0
316227.7660168379 0.96 0.004322559339339338 0.0
316227.7660168379 0.95 0.006627292000004337 0.0
316227.7660168379 0.94 0.009367004150683922 0.0
316227.7660168379 0.9299999999999999 0.012518249015880945 0.0
316227.7660168379 0.92 0.0160594261669188 0.0
316227.7660168379 0.91 0.01997059259264322 0.0
316227.7660168379 0.9 0.024233297335732318 0.0
316227.7660168379 0.89 0.028830436254029146 0.0
316227.7660168379 0.88 0.033746124036079905 0.0
316227.7660168379 0.87 0.03896558106890513 0.0
316227.7660168379 0.86 0.04447503313552059 0.0
316227.7660168379 0.85 0.0502616222355301 0.0
316227.7660168379 0.84 0.05631332707988013 0.0
316227.7660168379 0.83 0.06261889202762017 0.0
316227.7660168379 0.8200000000000001 0.06916776341074904 0.0
316227.7660168379 0.81 0.07595003234455722 0.0
316227.7660168379 0.8 0.08295638324613452 0.0
316227.7660168379 0.79 0.09017804739102764 0.0
316227.7660168379 0.78 0.09760676092737852 0.0
316227.7660168379 0.77 0.10523472684406976 0.0
316227.7660168379 0.76 0.11305458045400973 0.0
316227.7660168379 0.75 0.1210593580099566 0.0
316227.7660168379 0.74 0.12924246811758644 0.0
316227.7660168379 0.73 0.13759766565202347 0.0
316227.7660168379 0.72 0.14611902791909537 0.0
316227.7660168379 0.71 0.15480093283355034 0.0
316227.7660168379 0.7 0.16363803891271533 0.0
316227.7660168379 0.69 0.1726252669074283 0.0
316227.7660168379 0.6799999999999999 0.18175778291192646 0.0
316227.7660168379 0.6699999999999999 0.19103098281215403 0.0
316227.7660168379 0.6599999999999999 0.20044047794710518 0.0
316227.7660168379 0.6499999999999999 0.20998208187148149 0.0
316227.7660168379 0.64 0.21965179811961177 0.0
316227.7660168379 0.63 0.22944580888117172 0.0
316227.7660168379 0.62 0.23936046450829718 0.0
316227.7660168379 0.61 0.24939227378196194 0.0
316227.7660168379 0.6 0.2595378948725734 0.0
316227.7660168379 0.59 0.2697941269362544 0.0
316227.7660168379 0.5800000000000001 0.28015790229386006 0.0
316227.7660168379 0.5700000000000001 0.2906262791449463 0.0
316227.7660168379 0.56 0.30119643477332947 0.0
316227.7660168379 0.55 0.31186565920500264 0.0
316227.7660168379 0.54 0.3226313492827073 0.0
316227.7660168379 0.53 0.3334910031247684 0.0
316227.7660168379 0.52 0.3444422149386429 0.0
316227.7660168379 0.51 0.35548267016230284 0.0
316227.7660168379 0.5 0.36661014090887245 0.0
316227.7660168379 0.49 0.3778224816921063 0.0
316227.7660168379 0.48 0.3891176254121639 0.0
316227.7660168379 0.47 0.400493579582907 0.0
316227.7660168379 0.45999999999999996 0.4119484227834712 0.0
316227.7660168379 0.44999999999999996 0.42348030131831593 0.0
316227.7660168379 0.43999999999999995 0.4350874260712101 0.0
316227.7660168379 0.42999999999999994 0.4467680695398092 0.0
316227.7660168379 0.42000000000000004 0.4585205630385113 0.0
316227.7660168379 0.41000000000000003 0.4703432940582739 0.0
316227.7660168379 0.4 0.48223470377292643 0.0
316227.7660168379 0.39 0.494193284682343 0.0
316227.7660168379 0.38 0.5062175783835492 0.0
316227.7660168379 0.37 0.5183061734615273 0.0
316227.7660168379 0.36 0.5304577034920798 0.0
316227.7660168379 0.35 0.5426708451496898 0.0
316227.7660168379 0.33999999999999997 0.5549443164138159 0.0
316227.7660168379 0.32999999999999996 0.5672768748675464 0.0
316227.7660168379 0.31999999999999995 0.5796673160832304 0.0
316227.7660168379 0.30999999999999994 0.5921144721921949 0.0
316227.7660168379 0.29999999999999993 0.604617211050406 0.0
316227.7660168379 0.29000000000000004 0.6171744360447107 0.0
316227.7660168379 0.28 0.6297850860891473 0.0
316227.7660168379 0.27 0.6424481356249445 0.0
316227.7660168379 0.26 0.655162594620522 0.0
316227.7660168379 0.25 0.6679275085714895 0.0
316227.7660168379 0.24 0.6807419585006484 0.0
316227.7660168379 0.22999999999999998 0.6936050609579906 0.0
316227.7660168379 0.21999999999999997 0.7065159680206983 0.0
316227.7660168379 0.20999999999999996 0.7194738672931447 0.0
316227.7660168379 0.19999999999999996 0.732477981906894 0.0
316227.7660168379 0.18999999999999995 0.7455275705207008 0.0
316227.7660168379 0.17999999999999994 0.7586219273205108 0.0
316227.7660168379 0.16999999999999993 0.7717603820194602 0.0
316227.7660168379 0.16000000000000003 0.7849422998578758 0.0
316227.7660168379 0.15000000000000002 0.7981670816032757 0.0
316227.7660168379 0.14 0.8114341635503682 0.0
316227.7660168379 0.13 0.8247430175210526 0.0
316227.7660168379 0.12 0.8380931508644189 0.0
316227.7660168379 0.10999999999999999 0.851484106456748 0.0
316227.7660168379 0.09999999999999998 0.8649154627015112 0.0
316227.7660168379 0.08999999999999997 0.878386833529371 0.0
316227.7660168379 0.07999999999999996 0.8918978683981801 0.0
316227.7660168379 0.06999999999999995 0.9054482522929825 0.0
316227.7660168379 0.05999999999999994 0.9190377057260127 0.0
316227.7660168379 0.04999999999999993 0.932665984736696 0.0
316227.7660168379 0.040000000000000036 0.9463328808916482 0.0
316227.7660168379 0.030000000000000027 0.9600382212846763 0.0
316227.7660168379 0.020000000000000018 0.9737818685367778 0.0
316227.7660168379 0.01 0.9875637207961411 0.0
316227.7660168379 0.009540954763499945 0.9881972862614427 0.0
316227.7660168379 0.009102981779915217 0.9888018431077152 0.0
316227.7660168379 0.008685113737513529 0.9893787162393409 0.0
316227.7660168379 0.008286427728546842 0.9899291703451938 0.0
316227.7660168379 0.0079060432109077 0.9904544126085667 0.0
316227.7660168379 0.007543120063354615 0.9909555952975801 0.0
316227.7660168379 0.0071968567300115215 0.9914338182411204 0.0
316227.7660168379 0.006866488450042998 0.9918901311951607 0.0
316227.7660168379 0.006551285568595509 0.9923255361041328 0.0
316227.7660168379 0.006250551925273976 0.9927409892618368 0.0
316227.7660168379 0.005963623316594642 0.9931374033761977 0.0
316227.7660168379 0.005689866029018299 0.9935156495420102 0.0
316227.7660168379 0.005428675439323859 0.9938765591256454 0.0
316227.7660168379 0.005179474679231213 0.9942209255655341 0.0
316227.7660168379 0.004941713361323833 0.994549506092087 0.0
316227.7660168379 0.004714866363457394 0.9948630233705613 0.0
316227.7660168379 0.004498432668969444 0.9951621670702416 0.0
316227.7660168379 0.004291934260128779 0.9954475953631609 0.0
316227.7660168379 0.004094915062380427 0.995719936355455 0.0
316227.7660168379 0.003906939937054617 0.9959797894543149 0.0
316227.7660168379 0.0037275937203149418 0.996227726673375 0.0
316227.7660168379 0.0035564803062231283 0.9964642938792582 0.0
316227.7660168379 0.00339322177189533 0.9966900119818803 0.0
316227.7660168379 0.0032374575428176433 0.9969053780710101 0.0
316227.7660168379 0.0030888435964774815 0.9971108665014673 0.0
316227.7660168379 0.0029470517025518097 0.9973069299292484 0.0
316227.7660168379 0.002811768697974231 0.9974940003007622 0.0
316227.7660168379 0.002682695795279727 0.9976724897972696 0.0
316227.7660168379 0.002559547922699536 0.9978427917365271 0.0
316227.7660168379 0.0024420530945486523 0.9980052814335502 0.0
316227.7660168379 0.002329951810515372 0.9981603170223254 0.0
316227.7660168379 0.0022229964825261957 0.998308240240225 0.0
316227.7660168379 0.0021209508879201904 0.998449377176795 0.0
316227.7660168379 0.0020235896477251575 0.9985840389885211 0.0
316227.7660168379 0.0019306977288832496 0.9987125225811003 0.0
316227.7660168379 0.0018420699693267163 0.9988351112606828 0.0
