src/nupyprop/models/ixc_tau_pn_bdhm_water.ecsv
# %ECSV 1.0
# ---
# datatype:
# - {name: energy, datatype: float64}
# - {name: y, datatype: float64}
# - {name: cdf_pn_bdhm, datatype: float64}
# meta: !!omap
# - {Description: Tau-nucleon cross-section CDF values for PN_BDHM in water}
# - {energy: 'Tau energy, in GeV'}
# - {y: Inelasticity; y = (E_initial-E_final)/E_initial}
# - {cdf: Cross-section CDF values for PN_BDHM in water}
# - {Note: 'The integrated cross-section CDF values should be integrated from y = 1, 10^(-0.1),...,10^(-3). This is a convention we chose
#     to adopt'}
# schema: astropy-2.0
energy y cdf_pn_bdhm
[from data line 2423]
63095734.44801943 0.31622776601683794 0.01329085141218982
63095734.44801943 0.251188643150958 0.020853713557545627
63095734.44801943 0.19952623149688797 0.030918666965832422
63095734.44801943 0.15848931924611137 0.043784720519590474
63095734.44801943 0.12589254117941676 0.05966520510304505
63095734.44801943 0.10000000000000002 0.0786868906897235
63095734.44801943 0.07943282347242818 0.1008996660072124
63095734.44801943 0.06309573444801933 0.1262911492860781
63095734.44801943 0.05011872336272722 0.1548020702190737
63095734.44801943 0.039810717055349734 0.18634006682135915
63095734.44801943 0.03162277660168379 0.22079099662640161
63095734.44801943 0.025118864315095808 0.25802759402953723
63095734.44801943 0.0199526231496888 0.2979158234854833
63095734.44801943 0.015848931924611134 0.3403193416659795
63095734.44801943 0.012589254117941675 0.38510252077037743
63095734.44801943 0.01 0.4321324102492807
63095734.44801943 0.00794328234724282 0.48127994716543765
63095734.44801943 0.006309573444801936 0.532420648732601
63095734.44801943 0.005011872336272725 0.5854349588335492
63095734.44801943 0.003981071705534973 0.6402083946315985
63095734.44801943 0.0031622776601683794 0.696631517912227
63095734.44801943 0.0025118864315095794 0.7545998123418418
63095734.44801943 0.0019952623149688807 0.8140135843015545
63095734.44801943 0.001584893192461114 0.8747778113635498
63095734.44801943 0.0012589254117941675 0.9368019976780029
63095734.44801943 0.001 1.0
79432823.47242822 1.0 0.0
79432823.47242822 0.7943282347242815 0.0004735746512914195
79432823.47242822 0.6309573444801932 0.0018224507719169197
79432823.47242822 0.5011872336272722 0.004198535283727705
79432823.47242822 0.3981071705534972 0.007920417423059841
79432823.47242822 0.31622776601683794 0.013378905866479824
79432823.47242822 0.251188643150958 0.020976412543917064
79432823.47242822 0.19952623149688797 0.031079263567585474
79432823.47242822 0.15848931924611137 0.043984294151432964
79432823.47242822 0.12589254117941676 0.05990266372056869
79432823.47242822 0.10000000000000002 0.07895928146377668
79432823.47242822 0.07943282347242818 0.10120263578028524
79432823.47242822 0.06309573444801933 0.1266194299111474
79432823.47242822 0.05011872336272722 0.15514990672661
79432823.47242822 0.039810717055349734 0.1867015594082166
79432823.47242822 0.03162277660168379 0.22116034317674949
79432823.47242822 0.025118864315095808 0.258399258034149
79432823.47242822 0.0199526231496888 0.29828463558360985
79432823.47242822 0.015848931924611134 0.3406805296881597
79432823.47242822 0.012589254117941675 0.38545173176919284
79432823.47242822 0.01 0.43246568270253466
79432823.47242822 0.00794328234724282 0.48159368005101594
79432823.47242822 0.006309573444801936 0.5327115113745078
79432823.47242822 0.005011872336272725 0.5856998606483924
79432823.47242822 0.003981071705534973 0.6404444072342949
79432823.47242822 0.0031622776601683794 0.6968357956881008
79432823.47242822 0.0025118864315095794 0.7547694998582999
79432823.47242822 0.0019952623149688807 0.8141457514614272
79432823.47242822 0.001584893192461114 0.8748693742176918
79432823.47242822 0.0012589254117941675 0.9368496143655515
79432823.47242822 0.001 1.0
100000000.0 1.0 0.0
100000000.0 0.7943282347242815 0.0004788379883840744
100000000.0 0.6309573444801932 0.0018391276882285957
100000000.0 0.5011872336272722 0.0042321422908151735
100000000.0 0.3981071705534972 0.007976794130607964
100000000.0 0.31622776601683794 0.013463747956221274
100000000.0 0.251188643150958 0.021094443036422536
100000000.0 0.19952623149688797 0.031233484416053003
100000000.0 0.15848931924611137 0.04417558992122636
100000000.0 0.12589254117941676 0.06012981350650567
100000000.0 0.10000000000000002 0.07921927086446424
100000000.0 0.07943282347242818 0.10149111350537203
100000000.0 0.06309573444801933 0.12693118660094324
100000000.0 0.05011872336272722 0.155479293918321
100000000.0 0.039810717055349734 0.18704282325972107
100000000.0 0.03162277660168379 0.22150786800752587
100000000.0 0.025118864315095808 0.2587477274218378
100000000.0 0.0199526231496888 0.29862912958241733
100000000.0 0.015848931924611134 0.34101656631816935
100000000.0 0.012589254117941675 0.38577527543564055
100000000.0 0.01 0.4327731218083282
100000000.0 0.00794328234724282 0.4818817745501186
100000000.0 0.006309573444801936 0.5329773729687729
100000000.0 0.005011872336272725 0.5859408693173931
100000000.0 0.003981071705534973 0.6406581252495666
100000000.0 0.0031622776601683794 0.6970198926459817
100000000.0 0.0025118864315095794 0.7549217044641764
100000000.0 0.0019952623149688807 0.8142637607323175
100000000.0 0.001584893192461114 0.8749507610224168
100000000.0 0.0012589254117941675 0.9368917545983095
100000000.0 0.001 1.0
125892541.17941661 1.0 0.0
125892541.17941661 0.7943282347242815 0.0004839531546967205
125892541.17941661 0.6309573444801932 0.001855283298688471
125892541.17941661 0.5011872336272722 0.004264630302186275
125892541.17941661 0.3981071705534972 0.008031198912096266
125892541.17941661 0.31622776601683794 0.0135454895627257
125892541.17941661 0.251188643150958 0.021207973713138588
125892541.17941661 0.19952623149688797 0.031381568806552004
125892541.17941661 0.15848931924611137 0.04435892987329347
125892541.17941661 0.12589254117941676 0.06034706977112815
125892541.17941661 0.10000000000000002 0.07946737578777419
125892541.17941661 0.07943282347242818 0.10176572348013756
125892541.17941661 0.06309573444801933 0.12722715177232127
125892541.17941661 0.05011872336272722 0.15579107061483577
125892541.17941661 0.039810717055349734 0.18736480357436594
125892541.17941661 0.03162277660168379 0.22183461638012847
125892541.17941661 0.025118864315095808 0.25907414014300395
125892541.17941661 0.0199526231496888 0.29895052863311367
125892541.17941661 0.015848931924611134 0.3413287415471093
125892541.17941661 0.012589254117941675 0.3860744918222923
125892541.17941661 0.01 0.4330560981108446
125892541.17941661 0.00794328234724282 0.4821456438380639
125892541.17941661 0.006309573444801936 0.5332196388199653
125892541.17941661 0.005011872336272725 0.5861593291682493
125892541.17941661 0.003981071705534973 0.6408508029704679
125892541.17941661 0.0031622776601683794 0.697184966351637
125892541.17941661 0.0025118864315095794 0.7550574406431987
125892541.17941661 0.0019952623149688807 0.8143684284735705
125892541.17941661 0.001584893192461114 0.8750225592100778
125892541.17941661 0.0012589254117941675 0.9369287365593754
125892541.17941661 0.001 1.0
158489319.24611175 1.0 0.0
158489319.24611175 0.7943282347242815 0.0004889238617794004
158489319.24611175 0.6309573444801932 0.001870932981208659
158489319.24611175 0.5011872336272722 0.004296035081864988
158489319.24611175 0.3981071705534972 0.008083698407844698
158489319.24611175 0.31622776601683794 0.013624240138930262
158489319.24611175 0.251188643150958 0.021317169644953723
158489319.24611175 0.19952623149688797 0.03152375039624377
158489319.24611175 0.15848931924611137 0.0445346279527048
158489319.24611175 0.12589254117941676 0.06055483638020829
158489319.24611175 0.10000000000000002 0.07970409796994851
158489319.24611175 0.07943282347242818 0.10202706918404732
158489319.24611175 0.06309573444801933 0.12750803285139653
158489319.24611175 0.05011872336272722 0.15608604793495065
158489319.24611175 0.039810717055349734 0.18766841527257455
158489319.24611175 0.03162277660168379 0.22214159923289792
158489319.24611175 0.025118864315095808 0.2593795945908247
158489319.24611175 0.0199526231496888 0.299250007332984
158489319.24611175 0.015848931924611134 0.3416182932083538
158489319.24611175 0.012589254117941675 0.38635066599731455
158489319.24611175 0.01 0.43331592561389487
158489319.24611175 0.00794328234724282 0.4823866039476818
158489319.24611175 0.006309573444801936 0.5334395982273777
158489319.24611175 0.005011872336272725 0.5863564817908381
158489319.24611175 0.003981071705534973 0.6410236058284082
158489319.24611175 0.0031622776601683794 0.6973320702743138
158489319.24611175 0.0025118864315095794 0.755177618935798
158489319.24611175 0.0019952623149688807 0.8144605062714562
158489319.24611175 0.001584893192461114 0.8750853163112515
158489319.24611175 0.0012589254117941675 0.9369608564450045
158489319.24611175 0.001 1.0
199526231.49688828 1.0 0.0
199526231.49688828 0.7943282347242815 0.0004937539120344741
199526231.49688828 0.6309573444801932 0.0018860922477618805
199526231.49688828 0.5011872336272722 0.0043263924727498845
199526231.49688828 0.3981071705534972 0.008134359204099054
199526231.49688828 0.31622776601683794 0.013700108556905056
199526231.49688828 0.251188643150958 0.02142219497223276
199526231.49688828 0.19952623149688797 0.03166026111065705
199526231.49688828 0.15848931924611137 0.0447029951876348
199526231.49688828 0.12589254117941676 0.060753513308103906
199526231.49688828 0.10000000000000002 0.0799299325130308
199526231.49688828 0.07943282347242818 0.10227574625163623
199526231.49688828 0.06309573444801933 0.12777452898284952
199526231.49688828 0.05011872336272722 0.1563650306105221
199526231.49688828 0.039810717055349734 0.187954557810317
199526231.49688828 0.03162277660168379 0.2224298116181018
199526231.49688828 0.025118864315095808 0.25966517383084486
199526231.49688828 0.0199526231496888 0.2995287216658049
199526231.49688828 0.015848931924611134 0.3418864427984364
199526231.49688828 0.012589254117941675 0.3866050702306162
199526231.49688828 0.01 0.4335539136671911
199526231.49688828 0.00794328234724282 0.4826059710300844
199526231.49688828 0.006309573444801936 0.5336385552793701
199526231.49688828 0.005011872336272725 0.5865335980506323
199526231.49688828 0.003981071705534973 0.6411777440899354
199526231.49688828 0.0031622776601683794 0.6974623183814913
199526231.49688828 0.0025118864315095794 0.7552832206709208
199526231.49688828 0.0019952623149688807 0.8145407834733934
199526231.49688828 0.001584893192461114 0.8751396166293034
199526231.49688828 0.0012589254117941675 0.9369884525146395
199526231.49688828 0.001 1.0
251188643.1509582 1.0 0.0
251188643.1509582 0.7943282347242815 0.0004984470426104548
251188643.1509582 0.6309573444801932 0.0019007761514410132
251188643.1509582 0.5011872336272722 0.004355737076671141
251188643.1509582 0.3981071705534972 0.008183245096613608
251188643.1509582 0.31622776601683794 0.013773199101783169
251188643.1509582 0.251188643150958 0.021523206361053475
251188643.1509582 0.19952623149688797 0.031791321505836946
251188643.1509582 0.15848931924611137 0.0448643265459311
251188643.1509582 0.12589254117941676 0.06094347839953324
251188643.1509582 0.10000000000000002 0.08014534686851278
251188643.1509582 0.07943282347242818 0.10251231582731696
251188643.1509582 0.06309573444801933 0.12802729614463823
251188643.1509582 0.05011872336272722 0.15662876742573628
251188643.1509582 0.039810717055349734 0.18822407589744997
251188643.1509582 0.03162277660168379 0.22270018373665018
251188643.1509582 0.025118864315095808 0.2599318857935218
251188643.1509582 0.0199526231496888 0.29978775947146696
251188643.1509582 0.015848931924611134 0.34213433368177
251188643.1509582 0.012589254117941675 0.38683889124004955
251188643.1509582 0.01 0.43377126883901834
251188643.1509582 0.00794328234724282 0.48280495451847155
251188643.1509582 0.006309573444801936 0.5338177032831948
251188643.1509582 0.005011872336272725 0.5866918313649955
251188643.1509582 0.003981071705534973 0.641314305110254
251188643.1509582 0.0031622776601683794 0.697576704461569
251188643.1509582 0.0025118864315095794 0.7553751151517125
251188643.1509582 0.0019952623149688807 0.8146099852453736
251188643.1509582 0.001584893192461114 0.8751859688148078
251188643.1509582 0.0012589254117941675 0.9370117706536722
251188643.1509582 0.001 1.0
316227766.01683795 1.0 0.0
316227766.01683795 0.7943282347242815 0.000503006972278279
316227766.01683795 0.6309573444801932 0.0019149994881664204
316227766.01683795 0.5011872336272722 0.0043841027190629055
316227766.01683795 0.3981071705534972 0.008230418240838795
316227766.01683795 0.31622776601683794 0.013843613087382113
316227766.01683795 0.251188643150958 0.021620355586665106
316227766.01683795 0.19952623149688797 0.03191714479444137
316227766.01683795 0.15848931924611137 0.04501890645281285
316227766.01683795 0.12589254117941676 0.06112509494263745
316227766.01683795 0.10000000000000002 0.08035078864694303
316227766.01683795 0.07943282347242818 0.1027373140797439
316227766.01683795 0.06309573444801933 0.12826696034852975
316227766.01683795 0.05011872336272722 0.1568779731790724
316227766.01683795 0.039810717055349734 0.18847776435637958
316227766.01683795 0.03162277660168379 0.22295359053027097
316227766.01683795 0.025118864315095808 0.26018067798411376
316227766.01683795 0.0199526231496888 0.30002812488733793
316227766.01683795 0.015848931924611134 0.34236302266949903
316227766.01683795 0.012589254117941675 0.38705322039455065
316227766.01683795 0.01 0.43396910232402236
316227766.01683795 0.00794328234724282 0.4829846688975397
316227766.01683795 0.006309573444801936 0.5339781397041589
316227766.01683795 0.005011872336272725 0.5868322396526048
316227766.01683795 0.003981071705534973 0.6414342824714501
316227766.01683795 0.0031622776601683794 0.697676130665429
316227766.01683795 0.0025118864315095794 0.7554540854553888
316227766.01683795 0.0019952623149688807 0.8146687419172282
316227766.01683795 0.001584893192461114 0.8752248318157275
316227766.01683795 0.0012589254117941675 0.9370310678554981
316227766.01683795 0.001 1.0
398107170.5534969 1.0 0.0
398107170.5534969 0.7943282347242815 0.000507437394752929
398107170.5534969 0.6309573444801932 0.0019287768078244461
398107170.5534969 0.5011872336272722 0.004411522434563733
398107170.5534969 0.3981071705534972 0.008275939272617232
398107170.5534969 0.31622776601683794 0.013911449077993838
398107170.5534969 0.251188643150958 0.021713790013086078
398107170.5534969 0.19952623149688797 0.03203793765771446
398107170.5534969 0.15848931924611137 0.045167009875936935
398107170.5534969 0.12589254117941676 0.061298713797005785
398107170.5534969 0.10000000000000002 0.08054669077862994
398107170.5534969 0.07943282347242818 0.10295125814133999
398107170.5534969 0.06309573444801933 0.12849412422413814
398107170.5534969 0.05011872336272722 0.15711333484428547
398107170.5534969 0.039810717055349734 0.18871640260997743
398107170.5534969 0.03162277660168379 0.22319088722459823
398107170.5534969 0.025118864315095808 0.2604124741750512
398107170.5534969 0.0199526231496888 0.30025080193180886
398107170.5534969 0.015848931924611134 0.3425735477993012
398107170.5534969 0.012589254117941675 0.3872491296286428
398107170.5534969 0.01 0.4341485058478524
398107170.5534969 0.00794328234724282 0.4831462085101295
398107170.5534969 0.006309573444801936 0.5341209422868132
398107170.5534969 0.005011872336272725 0.5869558627640515
398107170.5534969 0.003981071705534973 0.6415386547135117
398107170.5534969 0.0031622776601683794 0.6977614886333545
398107170.5534969 0.0025118864315095794 0.7555209085149789
398107170.5534969 0.0019952623149688807 0.8147176856320397
398107170.5534969 0.001584893192461114 0.8752566605756837
398107170.5534969 0.0012589254117941675 0.9370465870676699
398107170.5534969 0.001 1.0
501187233.6272735 1.0 0.0
501187233.6272735 0.7943282347242815 0.0005117420027297944
501187233.6272735 0.6309573444801932 0.0019421225145445926
501187233.6272735 0.5011872336272722 0.004438028763765951
501187233.6272735 0.3981071705534972 0.008319867734478266
501187233.6272735 0.31622776601683794 0.01397680363964931
501187233.6272735 0.251188643150958 0.021803653747819972
501187233.6272735 0.19952623149688797 0.03215390179386758
501187233.6272735 0.15848931924611137 0.04530890497868604
501187233.6272735 0.12589254117941676 0.06146467678529961
501187233.6272735 0.10000000000000002 0.08073347422113433
501187233.6272735 0.07943282347242818 0.10315464995682697
501187233.6272735 0.06309573444801933 0.12870937255251247
501187233.6272735 0.05011872336272722 0.15733551895478082
