src/nupyprop/models/ixc_tau_pn_bdhm_rock.ecsv
# %ECSV 1.0
# ---
# datatype:
# - {name: energy, datatype: float64}
# - {name: y, datatype: float64}
# - {name: cdf_pn_bdhm, datatype: float64}
# meta: !!omap
# - {Description: Tau-nucleon cross-section CDF values for PN_BDHM in rock}
# - {energy: 'Tau energy, in GeV'}
# - {y: Inelasticity; y = (E_initial-E_final)/E_initial}
# - {cdf: Cross-section CDF values for PN_BDHM in rock}
# - {Note: 'The integrated cross-section CDF values should be integrated from y = 1, 10^(-0.1),...,10^(-3). This is a convention we chose
#     to adopt'}
# schema: astropy-2.0
energy y cdf_pn_bdhm
[from data line 2134]
6309573.444801942 0.0025118864315095794 0.7516771491348121
6309573.444801942 0.0019952623149688807 0.8116964651256678
6309573.444801942 0.001584893192461114 0.8731454443923656
6309573.444801942 0.0012589254117941675 0.9359396171523787
6309573.444801942 0.001 1.0
7943282.347242822 1.0 0.0
7943282.347242822 0.7943282347242815 0.0004120329603976922
7943282.347242822 0.6309573444801932 0.0016236430602312446
7943282.347242822 0.5011872336272722 0.0037928548466791808
7943282.347242822 0.3981071705534972 0.007232884986044293
7943282.347242822 0.31622776601683794 0.01233441092434883
7943282.347242822 0.251188643150958 0.01950960061075588
7943282.347242822 0.19952623149688797 0.02914379938947626
7943282.347242822 0.15848931924611137 0.04155818972716267
7943282.347242822 0.12589254117941676 0.05698894143954282
7943282.347242822 0.10000000000000002 0.07558298379807821
7943282.347242822 0.07943282347242818 0.09740611139640794
7943282.347242822 0.06309573444801933 0.12245720553965522
7943282.347242822 0.05011872336272722 0.15068409071950442
7943282.347242822 0.039810717055349734 0.18199820073305187
7943282.347242822 0.03162277660168379 0.2162867575175943
7943282.347242822 0.025118864315095808 0.2534222391126825
7943282.347242822 0.0199526231496888 0.29326936666249226
7943282.347242822 0.015848931924611134 0.33569011685690175
7943282.347242822 0.012589254117941675 0.3805471221987617
7943282.347242822 0.01 0.4277059143892049
7943282.347242822 0.00794328234724282 0.4770363998586815
7943282.347242822 0.006309573444801936 0.5284135877908219
7943282.347242822 0.005011872336272725 0.5817181394914214
7943282.347242822 0.003981071705534973 0.6368365144682342
7943282.347242822 0.0031622776601683794 0.6936609735995751
7943282.347242822 0.0025118864315095794 0.7520895157142953
7943282.347242822 0.0019952623149688807 0.8120257986332781
7943282.347242822 0.001584893192461114 0.8733790206555321
7943282.347242822 0.0012589254117941675 0.936063924871703
7943282.347242822 0.001 1.0
10000000.0 1.0 0.0
10000000.0 0.7943282347242815 0.00041896112224510393
10000000.0 0.6309573444801932 0.0016463629654440424
10000000.0 0.5011872336272722 0.0038396551782254465
10000000.0 0.3981071705534972 0.007312806802511468
10000000.0 0.31622776601683794 0.012456668829480504
10000000.0 0.251188643150958 0.01968245557225543
10000000.0 0.19952623149688797 0.029373469100083576
10000000.0 0.15848931924611137 0.041848185977663675
10000000.0 0.12589254117941676 0.057339923727841954
10000000.0 0.10000000000000002 0.07599304357725097
10000000.0 0.07943282347242818 0.0978712376584542
10000000.0 0.06309573444801933 0.12297182355412051
10000000.0 0.05011872336272722 0.1512415615604105
10000000.0 0.039810717055349734 0.1825912147477053
10000000.0 0.03162277660168379 0.21690759111032645
10000000.0 0.025118864315095808 0.2540629532420685
10000000.0 0.0199526231496888 0.29392193402270483
10000000.0 0.015848931924611134 0.33634646879344593
10000000.0 0.012589254117941675 0.38119915722965025
10000000.0 0.01 0.4283454963128586
10000000.0 0.00794328234724282 0.4776552512074525
10000000.0 0.006309573444801936 0.5290032748726677
10000000.0 0.005011872336272725 0.582269959392111
10000000.0 0.003981071705534973 0.6373413876107424
10000000.0 0.0031622776601683794 0.6941093441834452
10000000.0 0.0025118864315095794 0.7524712896902525
10000000.0 0.0019952623149688807 0.8123302514116922
10000000.0 0.001584893192461114 0.8735948128256449
10000000.0 0.0012589254117941675 0.9361784360823427
10000000.0 0.001 1.0
12589254.117941687 1.0 0.0
12589254.117941687 0.7943282347242815 0.0004257106647336054
12589254.117941687 0.6309573444801932 0.0016684156660266038
12589254.117941687 0.5011872336272722 0.0038849794189227513
12589254.117941687 0.3981071705534972 0.007390065112935557
12589254.117941687 0.31622776601683794 0.01257465610106514
12589254.117941687 0.251188643150958 0.019849003110055878
12589254.117941687 0.19952623149688797 0.029594394052068002
12589254.117941687 0.15848931924611137 0.04212666104009478
12589254.117941687 0.12589254117941676 0.05767635094787015
12589254.117941687 0.10000000000000002 0.07638534540487882
12589254.117941687 0.07943282347242818 0.09831532398992839
12589254.117941687 0.06309573444801933 0.12346213010994378
12589254.117941687 0.05011872336272722 0.1517715486214211
12589254.117941687 0.039810717055349734 0.18315371519608437
12589254.117941687 0.03162277660168379 0.21749511385348314
12589254.117941687 0.025118864315095808 0.2546678621514953
12589254.117941687 0.0199526231496888 0.2945365742679709
12589254.117941687 0.015848931924611134 0.3369632095003894
12589254.117941687 0.012589254117941675 0.38181039933587974
12589254.117941687 0.01 0.4289436840580428
12589254.117941687 0.00794328234724282 0.47823274956067024
12589254.117941687 0.006309573444801936 0.5295523614787241
12589254.117941687 0.005011872336272725 0.5827826930653669
12589254.117941687 0.003981071705534973 0.6378095321114937
12589254.117941687 0.0031622776601683794 0.6945242914508378
12589254.117941687 0.0025118864315095794 0.7528239870232728
12589254.117941687 0.0019952623149688807 0.8126111728422848
12589254.117941687 0.001584893192461114 0.8737934633153971
12589254.117941687 0.0012589254117941675 0.9362837450387919
12589254.117941687 0.001 1.0
15848931.924611142 1.0 0.0
15848931.924611142 0.7943282347242815 0.00043228350308500063
15848931.924611142 0.6309573444801932 0.0016898135255519649
15848931.924611142 0.5011872336272722 0.0039288594177349844
15848931.924611142 0.3981071705534972 0.007464725127426617
15848931.924611142 0.31622776601683794 0.012688487375457228
15848931.924611142 0.251188643150958 0.020009425379645063
15848931.924611142 0.19952623149688797 0.029806843170360846
15848931.924611142 0.15848931924611137 0.04239398964391377
15848931.924611142 0.12589254117941676 0.05799872277959462
15848931.924611142 0.10000000000000002 0.07676052692646151
15848931.924611142 0.07943282347242818 0.09873916233798771
15848931.924611142 0.06309573444801933 0.12392908607399436
15848931.924611142 0.05011872336272722 0.1522751579740523
15848931.924611142 0.039810717055349734 0.18368697286375466
15848931.924611142 0.03162277660168379 0.21805075534516766
15848931.924611142 0.025118864315095808 0.25523855156754804
15848931.924611142 0.0199526231496888 0.29511501068358736
15848931.924611142 0.015848931924611134 0.3375421810474031
15848931.924611142 0.012589254117941675 0.38238280274635944
15848931.924611142 0.01 0.4295024942262546
15848931.924611142 0.00794328234724282 0.47877096313426754
15848931.924611142 0.006309573444801936 0.5300629004563433
15848931.924611142 0.005011872336272725 0.583258345091412
15848931.924611142 0.003981071705534973 0.6382428651448622
15848931.924611142 0.0031622776601683794 0.6949076209969662
15848931.924611142 0.0025118864315095794 0.7531492966366004
15848931.924611142 0.0019952623149688807 0.812869693138892
15848931.924611142 0.001584893192461114 0.8739759532786687
15848931.924611142 0.0012589254117941675 0.9363803392088336
15848931.924611142 0.001 1.0
19952623.14968883 1.0 0.0
19952623.14968883 0.7943282347242815 0.0004386819125436081
19952623.14968883 0.6309573444801932 0.0017105702013975193
19952623.14968883 0.5011872336272722 0.003971328567023135
19952623.14968883 0.3981071705534972 0.007536854118844101
19952623.14968883 0.31622776601683794 0.012798279326216402
19952623.14968883 0.251188643150958 0.020163906042985572
19952623.14968883 0.19952623149688797 0.030011085630131842
19952623.14968883 0.15848931924611137 0.042650544752850884
19952623.14968883 0.12589254117941676 0.05830753182774773
19952623.14968883 0.10000000000000002 0.07711921741083305
19952623.14968883 0.07943282347242818 0.09914353149775494
19952623.14968883 0.06309573444801933 0.12437361353146482
19952623.14968883 0.05011872336272722 0.15275346738395157
19952623.14968883 0.039810717055349734 0.18419222252271614
19952623.14968883 0.03162277660168379 0.21857590556907638
19952623.14968883 0.025118864315095808 0.25577655182020037
19952623.14968883 0.0199526231496888 0.2956589022711743
19952623.14968883 0.015848931924611134 0.338085157123134
19952623.14968883 0.012589254117941675 0.38291823489820176
19952623.14968883 0.01 0.4300238517200632
19952623.14968883 0.00794328234724282 0.47927180462909985
19952623.14968883 0.006309573444801936 0.5305367788158221
19952623.14968883 0.005011872336272725 0.5836987470289177
19952623.14968883 0.003981071705534973 0.6386432440025392
19952623.14968883 0.0031622776601683794 0.695261078906194
19952623.14968883 0.0025118864315095794 0.753448482714021
19952623.14968883 0.0019952623149688807 0.8131069464220988
19952623.14968883 0.001584893192461114 0.8741431508279777
19952623.14968883 0.0012589254117941675 0.9364686957040577
19952623.14968883 0.001 1.0
25118864.315095823 1.0 0.0
25118864.315095823 0.7943282347242815 0.0004449085599797074
25118864.315095823 0.6309573444801932 0.001730699539113258
25118864.315095823 0.5011872336272722 0.0040124221453674185
25118864.315095823 0.3981071705534972 0.007606521894689863
25118864.315095823 0.31622776601683794 0.012904151741151434
25118864.315095823 0.251188643150958 0.02031263225968465
25118864.315095823 0.19952623149688797 0.030207394152790244
25118864.315095823 0.15848931924611137 0.04289670206615567
25118864.315095823 0.12589254117941676 0.05860327272450093
25118864.315095823 0.10000000000000002 0.07746204644892596
25118864.315095823 0.07943282347242818 0.09952919682799063
25118864.315095823 0.06309573444801933 0.12479662127447164
25118864.315095823 0.05011872336272722 0.1532075435849829
25118864.315095823 0.039810717055349734 0.18467068501851486
25118864.315095823 0.03162277660168379 0.21907193460081373
25118864.315095823 0.025118864315095808 0.25628337244306776
25118864.315095823 0.0199526231496888 0.2961698879779369
25118864.315095823 0.015848931924611134 0.3385939083830813
25118864.315095823 0.012589254117941675 0.3834185404475958
25118864.315095823 0.01 0.4305096625777082
25118864.315095823 0.00794328234724282 0.47973722310683453
25118864.315095823 0.006309573444801936 0.5309759838992127
25118864.315095823 0.005011872336272725 0.5841059069184736
25118864.315095823 0.003981071705534973 0.6390123656008107
25118864.315095823 0.0031622776601683794 0.6955860312412093
25118864.315095823 0.0025118864315095794 0.75372287454449
25118864.315095823 0.0019952623149688807 0.8133240824149778
25118864.315095823 0.001584893192461114 0.8742958501448881
25118864.315095823 0.0012589254117941675 0.9365492257547812
25118864.315095823 0.001 1.0
31622776.60168379 1.0 0.0
31622776.60168379 0.7943282347242815 0.00045096634132977436
31622776.60168379 0.6309573444801932 0.0017502156983074967
31622776.60168379 0.5011872336272722 0.0040521759920432296
31622776.60168379 0.3981071705534972 0.007673798471442991
31622776.60168379 0.31622776601683794 0.01300622376677292
31622776.60168379 0.251188643150958 0.020455788989371858
31622776.60168379 0.19952623149688797 0.030396036785105326
31622776.60168379 0.15848931924611137 0.043132829557913546
31622776.60168379 0.12589254117941676 0.05888643145203804
31622776.60168379 0.10000000000000002 0.07778962419409112
31622776.60168379 0.07943282347242818 0.09989690488367124
31622776.60168379 0.06309573444801933 0.12519900042119014
31622776.60168379 0.05011872336272722 0.1536384223544721
31622776.60168379 0.039810717055349734 0.18512354022384075
31622776.60168379 0.03162277660168379 0.21954016100007898
31622776.60168379 0.025118864315095808 0.25676045741234843
31622776.60168379 0.0199526231496888 0.2966495424441977
31622776.60168379 0.015848931924611134 0.3390700776873313
31622776.60168379 0.012589254117941675 0.38388542017556637
31622776.60168379 0.01 0.4309616903266781
31622776.60168379 0.00794328234724282 0.4801689881625224
31622776.60168379 0.006309573444801936 0.5313822110042362
31622776.60168379 0.005011872336272725 0.5844813791899273
31622776.60168379 0.003981071705534973 0.6393517910143802
31622776.60168379 0.0031622776601683794 0.695884037819586
31622776.60168379 0.0025118864315095794 0.7539738955701887
31622776.60168379 0.0019952623149688807 0.8135222483362975
31622776.60168379 0.001584893192461114 0.8744349008578212
31622776.60168379 0.0012589254117941675 0.936622418572808
31622776.60168379 0.001 1.0
39810717.055349775 1.0 0.0
39810717.055349775 0.7943282347242815 0.0004568584306660524
39810717.055349775 0.6309573444801932 0.0017691335511090987
39810717.055349775 0.5011872336272722 0.004090627010764688
39810717.055349775 0.3981071705534972 0.007738755217025927
39810717.055349775 0.31622776601683794 0.013104616035607319
39810717.055349775 0.251188643150958 0.02059356255216696
39810717.055349775 0.19952623149688797 0.030577282441872182
39810717.055349775 0.15848931924611137 0.04335929629697919
39810717.055349775 0.12589254117941676 0.059157486658727804
39810717.055349775 0.10000000000000002 0.07810255608380348
39810717.055349775 0.07943282347242818 0.1002473958088158
39810717.055349775 0.06309573444801933 0.12558163261077618
39810717.055349775 0.05011872336272722 0.1540471272822851
39810717.055349775 0.039810717055349734 0.1855519529578191
39810717.055349775 0.03162277660168379 0.21998188644759847
39810717.055349775 0.025118864315095808 0.2572092576947497
39810717.055349775 0.0199526231496888 0.29709941175383203
39810717.055349775 0.015848931924611134 0.3395153043542383
39810717.055349775 0.012589254117941675 0.384320592534711
39810717.055349775 0.01 0.43138165358496383
39810717.055349775 0.00794328234724282 0.4805688426563413
39810717.055349775 0.006309573444801936 0.5317572122371604
39810717.055349775 0.005011872336272725 0.5848268782833222
39810717.055349775 0.003981071705534973 0.639663156514508
39810717.055349775 0.0031622776601683794 0.6961565784763297
39810717.055349775 0.0025118864315095794 0.7542028051401927
39810717.055349775 0.0019952623149688807 0.8137024711384936
39810717.055349775 0.001584893192461114 0.8745610318519439
39810717.055349775 0.0012589254117941675 0.9366886359869917
39810717.055349775 0.001 1.0
50118723.36272725 1.0 0.0
50118723.36272725 0.7943282347242815 0.0004625881522309101
50118723.36272725 0.6309573444801932 0.0017874680507529806
50118723.36272725 0.5011872336272722 0.0041278116980045
50118723.36272725 0.3981071705534972 0.0078014620877622015
50118723.36272725 0.31622776601683794 0.013199446041021808
50118723.36272725 0.251188643150958 0.020726133452190862
50118723.36272725 0.19952623149688797 0.03075139038574467
50118723.36272725 0.15848931924611137 0.043576453810914906
50118723.36272725 0.12589254117941676 0.059416895237866016
50118723.36272725 0.10000000000000002 0.07840141452336438
50118723.36272725 0.07943282347242818 0.1005813672852839
50118723.36272725 0.06309573444801933 0.12594534529547635
50118723.36272725 0.05011872336272722 0.15443461522185037
50118723.36272725 0.039810717055349734 0.1859570090254437
50118723.36272725 0.03162277660168379 0.22039832573578386
50118723.36272725 0.025118864315095808 0.25763107469604085
50118723.36272725 0.0199526231496888 0.2975208970929832
50118723.36272725 0.015848931924611134 0.33993107446286724
50118723.36272725 0.012589254117941675 0.38472560376752635
50118723.36272725 0.01 0.43177118059671277
50118723.36272725 0.00794328234724282 0.48093843173658574
50118723.36272725 0.006309573444801936 0.532102621878816
50118723.36272725 0.005011872336272725 0.585144009713695
50118723.36272725 0.003981071705534973 0.6399479897572085
50118723.36272725 0.0031622776601683794 0.6964050956951613
50118723.36272725 0.0025118864315095794 0.7544108762889403
50118723.36272725 0.0019952623149688807 0.813865774618462
50118723.36272725 0.001584893192461114 0.8746749791654853
50118723.36272725 0.0012589254117941675 0.9367482998515911
50118723.36272725 0.001 1.0
63095734.44801943 1.0 0.0
63095734.44801943 0.7943282347242815 0.0004681588939846187
63095734.44801943 0.6309573444801932 0.0018052346295925237
63095734.44801943 0.5011872336272722 0.004163767245817286
63095734.44801943 0.3981071705534972 0.007861989867951174
