src/nupyprop/models/ixc_muon_pn_ckmt_rock.ecsv
# %ECSV 1.0
# ---
# datatype:
# - {name: energy, datatype: float64}
# - {name: y, datatype: float64}
# - {name: cdf_pn_ckmt, datatype: float64}
# meta: !!omap
# - {Description: Muon-nucleon cross-section CDF values for PN_CKMT in rock}
# - {energy: 'Muon energy, in GeV'}
# - {y: Inelasticity; y = (E_initial-E_final)/E_initial}
# - {cdf: Cross-section CDF values for PN_CKMT in rock}
# - {Note: 'The integrated cross-section CDF values should be integrated from y = 1, 10^(-0.1),...,10^(-3). This is a convention we chose
#     to adopt'}
# schema: astropy-2.0
energy y cdf_pn_ckmt
[from data line 2404]
50118723.36272725 0.0199526231496888 0.42968793602761257
50118723.36272725 0.015848931924611134 0.4692208560645968
50118723.36272725 0.012589254117941675 0.5096699837000577
50118723.36272725 0.01 0.5509708261540648
50118723.36272725 0.00794328234724282 0.5930648244477775
50118723.36272725 0.006309573444801936 0.63589853082795
50118723.36272725 0.005011872336272725 0.6794229040635538
50118723.36272725 0.003981071705534973 0.7235926998257486
50118723.36272725 0.0031622776601683794 0.7683659783632957
50118723.36272725 0.0025118864315095794 0.8137036721424452
50118723.36272725 0.0019952623149688807 0.8595692368696688
50118723.36272725 0.001584893192461114 0.9059283708058568
50118723.36272725 0.0012589254117941675 0.9527487805917603
50118723.36272725 0.001 1.0
63095734.44801943 1.0 0.0
63095734.44801943 0.7943282347242815 0.006822559876056759
63095734.44801943 0.6309573444801932 0.01709235569269821
63095734.44801943 0.5011872336272722 0.02981288590162989
63095734.44801943 0.3981071705534972 0.045039961792439784
63095734.44801943 0.31622776601683794 0.06280637513009905
63095734.44801943 0.251188643150958 0.08306469039456452
63095734.44801943 0.19952623149688797 0.10570639168546057
63095734.44801943 0.15848931924611137 0.13058720588995928
63095734.44801943 0.12589254117941676 0.15754695905684446
63095734.44801943 0.10000000000000002 0.18642295438314463
63095734.44801943 0.07943282347242818 0.2170581488649168
63095734.44801943 0.06309573444801933 0.24930564093711083
63095734.44801943 0.05011872336272722 0.2830307093783284
63095734.44801943 0.039810717055349734 0.3181113141076326
63095734.44801943 0.03162277660168379 0.35443768980058654
63095734.44801943 0.025118864315095808 0.3919114480131501
63095734.44801943 0.0199526231496888 0.4304444544564447
63095734.44801943 0.015848931924611134 0.4699576483492376
63095734.44801943 0.012589254117941675 0.5103798977376193
63095734.44801943 0.01 0.5516469430088659
63095734.44801943 0.00794328234724282 0.5937004515198195
63095734.44801943 0.006309573444801936 0.6364871911970654
63095734.44801943 0.005011872336272725 0.6799583233350245
63095734.44801943 0.003981071705534973 0.7240687930659641
63095734.44801943 0.0031622776601683794 0.7687768237530812
63095734.44801943 0.0025118864315095794 0.8140434931107152
63095734.44801943 0.0019952623149688807 0.8598323812909037
63095734.44801943 0.001584893192461114 0.9061092801714434
63095734.44801943 0.0012589254117941675 0.9528419652958298
63095734.44801943 0.001 1.0
79432823.47242822 1.0 0.0
79432823.47242822 0.7943282347242815 0.006901119510320475
79432823.47242822 0.6309573444801932 0.01725033231724647
79432823.47242822 0.5011872336272722 0.03004984109706156
79432823.47242822 0.3981071705534972 0.045354943290038634
79432823.47242822 0.31622776601683794 0.06319697697490444
79432823.47242822 0.251188643150958 0.08352685917700511
79432823.47242822 0.19952623149688797 0.10623465589869908
79432823.47242822 0.15848931924611137 0.1311749858601252
79432823.47242822 0.12589254117941676 0.1581868772447905
79432823.47242822 0.10000000000000002 0.1871071064925157
79432823.47242822 0.07943282347242818 0.2177783242163895
79432823.47242822 0.06309573444801933 0.25005349351448014
79432823.47242822 0.05011872336272722 0.28379788601581907
79432823.47242822 0.039810717055349734 0.3188895477256142
79432823.47242822 0.03162277660168379 0.35521886460333874
79432823.47242822 0.025118864315095808 0.39268764243951226
79432823.47242822 0.0199526231496888 0.4312079690563211
79432823.47242822 0.015848931924611134 0.4707010210257228
79432823.47242822 0.012589254117941675 0.5110959098899185
79432823.47242822 0.01 0.5523286188777566
79432823.47242822 0.00794328234724282 0.5943410526632756
79432823.47242822 0.006309573444801936 0.6370802060938564
79432823.47242822 0.005011872336272725 0.680497455647348
79432823.47242822 0.003981071705534973 0.7245479484024948
79432823.47242822 0.0031622776601683794 0.7691900873709172
79432823.47242822 0.0025118864315095794 0.8143851138322105
79432823.47242822 0.0019952623149688807 0.8600967493783481
79432823.47242822 0.001584893192461114 0.9062909052570072
79432823.47242822 0.0012589254117941675 0.9529354473631442
79432823.47242822 0.001 1.0
100000000.0 1.0 0.0
100000000.0 0.7943282347242815 0.006980838464337849
100000000.0 0.6309573444801932 0.0174105247291359
100000000.0 0.5011872336272722 0.030290008215843107
100000000.0 0.3981071705534972 0.045674086412552474
100000000.0 0.31622776601683794 0.06359263158724768
100000000.0 0.251188643150958 0.08399489408947336
100000000.0 0.19952623149688797 0.1067693892264434
100000000.0 0.15848931924611137 0.13176985207436773
100000000.0 0.12589254117941676 0.15883438816720674
100000000.0 0.10000000000000002 0.18779924350306226
100000000.0 0.07943282347242818 0.21850676164575286
100000000.0 0.06309573444801933 0.25080977175403973
100000000.0 0.05011872336272722 0.284573541620747
100000000.0 0.039810717055349734 0.31967620778532885
100000000.0 0.03162277660168379 0.35600831236229885
100000000.0 0.025118864315095808 0.3934718621863271
100000000.0 0.0199526231496888 0.4319791742291363
100000000.0 0.015848931924611134 0.4714516700676934
100000000.0 0.012589254117941675 0.5118187130141308
100000000.0 0.01 0.5530165380487488
100000000.0 0.00794328234724282 0.5949872970664714
100000000.0 0.006309573444801936 0.6376782226430051
100000000.0 0.005011872336272725 0.6810409172451598
100000000.0 0.003981071705534973 0.7250307400084136
100000000.0 0.0031622776601683794 0.7696062906831113
100000000.0 0.0025118864315095794 0.8147289884491623
100000000.0 0.0019952623149688807 0.8603627142598124
100000000.0 0.001584893192461114 0.9064735175185868
100000000.0 0.0012589254117941675 0.9530293754943109
100000000.0 0.001 1.0
125892541.17941661 1.0 0.0
125892541.17941661 0.7943282347242815 0.00706173852500789
125892541.17941661 0.6309573444801932 0.017572952188692113
125892541.17941661 0.5011872336272722 0.030533428333681892
125892541.17941661 0.3981071705534972 0.04599755390694843
125892541.17941661 0.31622776601683794 0.0639935258600611
125892541.17941661 0.251188643150958 0.08446900703389991
125892541.17941661 0.19952623149688797 0.1073111822952396
125892541.17941661 0.15848931924611137 0.13237242073040256
125892541.17941661 0.12589254117941676 0.15949013345997848
125892541.17941661 0.10000000000000002 0.1885000318243686
125892541.17941661 0.07943282347242818 0.2192441515219798
125892541.17941661 0.06309573444801933 0.2515751889124219
125892541.17941661 0.05011872336272722 0.2853581173955711
125892541.17941661 0.039810717055349734 0.3204717546164353
125892541.17941661 0.03162277660168379 0.35680651090750043
125892541.17941661 0.025118864315095808 0.39426460008531755
125892541.17941661 0.0199526231496888 0.4327585748742528
125892541.17941661 0.015848931924611134 0.47221010902803806
125892541.17941661 0.012589254117941675 0.5125488253210179
125892541.17941661 0.01 0.5537112187378919
125892541.17941661 0.00794328234724282 0.5956396967579867
125892541.17941661 0.006309573444801936 0.6382817404257425
125892541.17941661 0.005011872336272725 0.6815891874083834
125892541.17941661 0.003981071705534973 0.7255176196585993
125892541.17941661 0.0031622776601683794 0.7700258484405232
125892541.17941661 0.0025118864315095794 0.8150754833376245
125892541.17941661 0.0019952623149688807 0.8606305796787939
125892541.17941661 0.001584893192461114 0.9066573398801698
125892541.17941661 0.0012589254117941675 0.9531238734581302
125892541.17941661 0.001 1.0
158489319.24611175 1.0 0.0
158489319.24611175 0.7943282347242815 0.007143841691282621
158489319.24611175 0.6309573444801932 0.017737657367531225
158489319.24611175 0.5011872336272722 0.030780171912915717
158489319.24611175 0.3981071705534972 0.04632527598290073
158489319.24611175 0.31622776601683794 0.0643996224322246
158489319.24611175 0.251188643150958 0.08494919503657143
158489319.24611175 0.19952623149688797 0.10785971473540557
158489319.24611175 0.15848931924611137 0.13298240852790663
158489319.24611175 0.12589254117941676 0.16015386742231122
158489319.24611175 0.10000000000000002 0.1892092641473283
158489319.24611175 0.07943282347242818 0.21999032480323294
158489319.24611175 0.06309573444801933 0.2523496139250968
158489319.24611175 0.05011872336272722 0.2861523995036974
158489319.24611175 0.039810717055349734 0.3212770107054665
158489319.24611175 0.03162277660168379 0.3576143177129732
158489319.24611175 0.025118864315095808 0.39506674690439136
158489319.24611175 0.0199526231496888 0.43354709294302923
158489319.24611175 0.015848931924611134 0.47297728846745707
158489319.24611175 0.012589254117941675 0.5132864329825375
158489319.24611175 0.01 0.5544128689550029
158489319.24611175 0.00794328234724282 0.5962984777053522
158489319.24611175 0.006309573444801936 0.6388909971145952
158489319.24611175 0.005011872336272725 0.6821425100674094
158489319.24611175 0.003981071705534973 0.7260088323848252
158489319.24611175 0.0031622776601683794 0.7704489953092581
158489319.24611175 0.0025118864315095794 0.8154248133932911
158489319.24611175 0.0019952623149688807 0.8609005280124855
158489319.24611175 0.001584893192461114 0.9068425103933189
158489319.24611175 0.0012589254117941675 0.9532190186511736
158489319.24611175 0.001 1.0
199526231.49688828 1.0 0.0
199526231.49688828 0.7943282347242815 0.007227157204159636
199526231.49688828 0.6309573444801932 0.01790467478129942
199526231.49688828 0.5011872336272722 0.031030273927778254
199526231.49688828 0.3981071705534972 0.046657219584420144
199526231.49688828 0.31622776601683794 0.06481088280951375
199526231.49688828 0.251188643150958 0.08543541071928551
199526231.49688828 0.19952623149688797 0.10841504487642645
199526231.49688828 0.15848931924611137 0.13359985792770743
199526231.49688828 0.12589254117941676 0.16082561330664638
199526231.49688828 0.10000000000000002 0.18992694079614986
199526231.49688828 0.07943282347242818 0.2207452554714177
199526231.49688828 0.06309573444801933 0.2531329906937251
199526231.49688828 0.05011872336272722 0.2869554181170356
199526231.49688828 0.039810717055349734 0.32209096918044344
199526231.49688828 0.03162277660168379 0.3584306852067581
199526231.49688828 0.025118864315095808 0.39587721052828556
199526231.49688828 0.0199526231496888 0.4343435878139778
199526231.49688828 0.015848931924611134 0.47375201504669096
199526231.49688828 0.012589254117941675 0.5140326551541493
199526231.49688828 0.01 0.5551225457369515
199526231.49688828 0.00794328234724282 0.5969646294706538
199526231.49688828 0.006309573444801936 0.6395069092694223
199526231.49688828 0.005011872336272725 0.6827017217892939
199526231.49688828 0.003981071705534973 0.7265051265951129
199526231.49688828 0.0031622776601683794 0.7708763844233064
199526231.49688828 0.0025118864315095794 0.8157775253076092
199526231.49688828 0.0019952623149688807 0.8611729893385751
199526231.49688828 0.001584893192461114 0.9070293299943317
199526231.49688828 0.0012589254117941675 0.9533149695708212
199526231.49688828 0.001 1.0
251188643.1509582 1.0 0.0
251188643.1509582 0.7943282347242815 0.007311716092153078
251188643.1509582 0.6309573444801932 0.01807408536774133
251188643.1509582 0.5011872336272722 0.03128385643778338
251188643.1509582 0.3981071705534972 0.046993970200272316
251188643.1509582 0.31622776601683794 0.06522794332749657
251188643.1509582 0.251188643150958 0.08592834585897637
251188643.1509582 0.19952623149688797 0.1089779237779599
251188643.1509582 0.15848931924611137 0.13422558270014964
251188643.1509582 0.12589254117941676 0.16150625067204852
251188643.1509582 0.10000000000000002 0.19065400960501952
251188643.1509582 0.07943282347242818 0.2215099613870313
251188643.1509582 0.06309573444801933 0.25392640861871885
251188643.1509582 0.05011872336272722 0.2877686288931772
251188643.1509582 0.039810717055349734 0.3229151591035687
251188643.1509582 0.03162277660168379 0.359257216122641
251188643.1509582 0.025118864315095808 0.3966976672909666
251188643.1509582 0.0199526231496888 0.43514980890613036
251188643.1509582 0.015848931924611134 0.47453611033781995
251188643.1509582 0.012589254117941675 0.5147870144477573
251188643.1509582 0.01 0.5558398405661001
251188643.1509582 0.00794328234724282 0.5976378099482017
251188643.1509582 0.006309573444801936 0.6401291973808757
251188643.1509582 0.005011872336272725 0.6832666032740196
251188643.1509582 0.003981071705534973 0.7270063376451246
251188643.1509582 0.0031622776601683794 0.7713079002032838
251188643.1509582 0.0025118864315095794 0.816133545773992
251188643.1509582 0.0019952623149688807 0.8614479250345947
251188643.1509582 0.001584893192461114 0.9072177853918881
251188643.1509582 0.0012589254117941675 0.9534117262627319
251188643.1509582 0.001 1.0
316227766.01683795 1.0 0.0
316227766.01683795 0.7943282347242815 0.007397532685430951
316227766.01683795 0.6309573444801932 0.01824587816460297
316227766.01683795 0.5011872336272722 0.03154092319973031
316227766.01683795 0.3981071705534972 0.047335128600338804
316227766.01683795 0.31622776601683794 0.06565041880705835
316227766.01683795 0.251188643150958 0.08642762859087191
316227766.01683795 0.19952623149688797 0.10954799181703932
316227766.01683795 0.15848931924611137 0.13485923500738697
316227766.01683795 0.12589254117941676 0.16219544182258538
316227766.01683795 0.10000000000000002 0.19139014131174512
316227766.01683795 0.07943282347242818 0.22228412044826534
316227766.01683795 0.06309573444801933 0.25472955116022844
316227766.01683795 0.05011872336272722 0.28859171890901825
316227766.01683795 0.039810717055349734 0.3237492693529565
316227766.01683795 0.03162277660168379 0.360093599069085
316227766.01683795 0.025118864315095808 0.3975278033685781
316227766.01683795 0.0199526231496888 0.4359654375379101
316227766.01683795 0.015848931924611134 0.47532924817980965
316227766.01683795 0.012589254117941675 0.5155499642617225
316227766.01683795 0.01 0.5565651932928445
316227766.01683795 0.00794328234724282 0.5983184418736972
316227766.01683795 0.006309573444801936 0.6407582636400323
316227766.01683795 0.005011872336272725 0.6838375299890049
316227766.01683795 0.003981071705534973 0.7275128097502347
316227766.01683795 0.0031622776601683794 0.7717438498505962
316227766.01683795 0.0025118864315095794 0.816493139019498
316227766.01683795 0.0019952623149688807 0.8617255481526881
316227766.01683795 0.001584893192461114 0.9074080294222296
316227766.01683795 0.0012589254117941675 0.9535093723505634
316227766.01683795 0.001 1.0
398107170.5534969 1.0 0.0
398107170.5534969 0.7943282347242815 0.007484634650550925
398107170.5534969 0.6309573444801932 0.018420088869535542
398107170.5534969 0.5011872336272722 0.03180153761853317
398107170.5534969 0.3981071705534972 0.047680927435926036
398107170.5534969 0.31622776601683794 0.0660785743071335
398107170.5534969 0.251188643150958 0.0869335579333318
398107170.5534969 0.19952623149688797 0.11012558381839382
398107170.5534969 0.15848931924611137 0.13550118646332418
398107170.5534969 0.12589254117941676 0.16289359602387254
398107170.5534969 0.10000000000000002 0.1921357837027704
398107170.5534969 0.07943282347242818 0.22306821877362076
398107170.5534969 0.06309573444801933 0.25554294282476203
398107170.5534969 0.05011872336272722 0.28942525089436094
398107170.5534969 0.039810717055349734 0.32459303721503974
398107170.5534969 0.03162277660168379 0.3609396082481394
398107170.5534969 0.025118864315095808 0.3983674288777934
398107170.5534969 0.0199526231496888 0.4367903185828597
398107170.5534969 0.015848931924611134 0.4761313067564786
398107170.5534969 0.012589254117941675 0.5163214143430265
398107170.5534969 0.01 0.5572985431680314
398107170.5534969 0.00794328234724282 0.5990064915592461
398107170.5534969 0.006309573444801936 0.6413940988289774
398107170.5534969 0.005011872336272725 0.684414513441634
398107170.5534969 0.003981071705534973 0.7280245713924756
398107170.5534969 0.0031622776601683794 0.7721842742098426
398107170.5534969 0.0025118864315095794 0.8168563532866585
