src/nupyprop/models/ixc_tau_pn_bdhm_rock.ecsv
# %ECSV 1.0
# ---
# datatype:
# - {name: energy, datatype: float64}
# - {name: y, datatype: float64}
# - {name: cdf_pn_bdhm, datatype: float64}
# meta: !!omap
# - {Description: Tau-nucleon cross-section CDF values for PN_BDHM in rock}
# - {energy: 'Tau energy, in GeV'}
# - {y: Inelasticity; y = (E_initial-E_final)/E_initial}
# - {cdf: Cross-section CDF values for PN_BDHM in rock}
# - {Note: 'The integrated cross-section CDF values should be integrated from y = 1, 10^(-0.1),...,10^(-3). This is a convention we chose
#     to adopt'}
# schema: astropy-2.0
energy y cdf_pn_bdhm
[from data line 382]
15.848931924611142 0.10000000000000002 0.06735389125883333
15.848931924611142 0.07943282347242818 0.10426998045459372
15.848931924611142 0.06309573444801933 0.15202653011412787
15.848931924611142 0.05011872336272722 0.2113258026911804
15.848931924611142 0.039810717055349734 0.28266532555241625
15.848931924611142 0.03162277660168379 0.3663729364836098
15.848931924611142 0.025118864315095808 0.46268061490270973
15.848931924611142 0.0199526231496888 0.5717809992348104
15.848931924611142 0.015848931924611134 0.6937554760027653
15.848931924611142 0.012589254117941675 0.8287431782241611
15.848931924611142 0.01 0.9755385383136085
15.848931924611142 0.00794328234724282 1.0
15.848931924611142 0.006309573444801936 1.0
15.848931924611142 0.005011872336272725 1.0
15.848931924611142 0.003981071705534973 1.0
15.848931924611142 0.0031622776601683794 1.0
15.848931924611142 0.0025118864315095794 1.0
15.848931924611142 0.0019952623149688807 1.0
15.848931924611142 0.001584893192461114 1.0
15.848931924611142 0.0012589254117941675 1.0
15.848931924611142 0.001 1.0
19.952623149688797 1.0 0.0
19.952623149688797 0.7943282347242815 0.0
19.952623149688797 0.6309573444801932 0.0
19.952623149688797 0.5011872336272722 1.4173939498081673e-05
19.952623149688797 0.3981071705534972 0.00035360188894239896
19.952623149688797 0.31622776601683794 0.0016652030744515652
19.952623149688797 0.251188643150958 0.004992590590904801
19.952623149688797 0.19952623149688797 0.011673147593232699
19.952623149688797 0.15848931924611137 0.023208616840805135
19.952623149688797 0.12589254117941676 0.04100842958727054
19.952623149688797 0.10000000000000002 0.0662848678469046
19.952623149688797 0.07943282347242818 0.10001609971863624
19.952623149688797 0.06309573444801933 0.1428865771550891
19.952623149688797 0.05011872336272722 0.19534888774338038
19.952623149688797 0.039810717055349734 0.25768924259652726
19.952623149688797 0.03162277660168379 0.33005077310318637
19.952623149688797 0.025118864315095808 0.41253675470840284
19.952623149688797 0.0199526231496888 0.5051821679305907
19.952623149688797 0.015848931924611134 0.6080030766044286
19.952623149688797 0.012589254117941675 0.7210049210511762
19.952623149688797 0.01 0.844237306423385
19.952623149688797 0.00794328234724282 0.9767665875375395
19.952623149688797 0.006309573444801936 1.0
19.952623149688797 0.005011872336272725 1.0
19.952623149688797 0.003981071705534973 1.0
19.952623149688797 0.0031622776601683794 1.0
19.952623149688797 0.0025118864315095794 1.0
19.952623149688797 0.0019952623149688807 1.0
19.952623149688797 0.001584893192461114 1.0
19.952623149688797 0.0012589254117941675 1.0
19.952623149688797 0.001 1.0
25.11886431509581 1.0 0.0
25.11886431509581 0.7943282347242815 0.0
25.11886431509581 0.6309573444801932 0.0
25.11886431509581 0.5011872336272722 7.332996462601866e-05
25.11886431509581 0.3981071705534972 0.0006061910038299073
25.11886431509581 0.31622776601683794 0.002215195428108998
25.11886431509581 0.251188643150958 0.005857482906481061
25.11886431509581 0.19952623149688797 0.01270704398391857
25.11886431509581 0.15848931924611137 0.024035759184637816
25.11886431509581 0.12589254117941676 0.0410206595094146
25.11886431509581 0.10000000000000002 0.06464429899576281
25.11886431509581 0.07943282347242818 0.09564119855006463
25.11886431509581 0.06309573444801933 0.13449879473920584
25.11886431509581 0.05011872336272722 0.181522168497301
25.11886431509581 0.039810717055349734 0.23685791917509558
25.11886431509581 0.03162277660168379 0.30055499877421177
25.11886431509581 0.025118864315095808 0.37260993110919327
25.11886431509581 0.0199526231496888 0.45296495617217636
25.11886431509581 0.015848931924611134 0.541594734977398
25.11886431509581 0.012589254117941675 0.6384457642851651
25.11886431509581 0.01 0.7435441997592221
25.11886431509581 0.00794328234724282 0.8569487852401556
25.11886431509581 0.006309573444801936 0.9779103441951661
25.11886431509581 0.005011872336272725 1.0
25.11886431509581 0.003981071705534973 1.0
25.11886431509581 0.0031622776601683794 1.0
25.11886431509581 0.0025118864315095794 1.0
25.11886431509581 0.0019952623149688807 1.0
25.11886431509581 0.001584893192461114 1.0
25.11886431509581 0.0012589254117941675 1.0
25.11886431509581 0.001 1.0
31.622776601683793 1.0 0.0
31.622776601683793 0.7943282347242815 0.0
31.622776601683793 0.6309573444801932 1.7105017159177928e-06
31.622776601683793 0.5011872336272722 0.000160945615637882
31.622776601683793 0.3981071705534972 0.000863425167329914
31.622776601683793 0.31622776601683794 0.0026910989073072682
31.622776601683793 0.251188643150958 0.00651527999553237
31.622776601683793 0.19952623149688797 0.013374821982113724
31.622776601683793 0.15848931924611137 0.02436790218438412
31.622776601683793 0.12589254117941676 0.04049309243852741
31.622776601683793 0.10000000000000002 0.06256495590832517
31.622776601683793 0.07943282347242818 0.09115776242165508
31.622776601683793 0.06309573444801933 0.1266428849556256
31.622776601683793 0.05011872336272722 0.16921093801983447
31.622776601683793 0.039810717055349734 0.21892245726334122
31.622776601683793 0.03162277660168379 0.2757589967124949
31.622776601683793 0.025118864315095808 0.33964913802289887
31.622776601683793 0.0199526231496888 0.41051730644654577
31.622776601683793 0.015848931924611134 0.48827045486698833
31.622776601683793 0.012589254117941675 0.5728651732597987
31.622776601683793 0.01 0.6642854891598418
31.622776601683793 0.00794328234724282 0.7625475782524896
31.622776601683793 0.006309573444801936 0.8677143187825649
31.622776601683793 0.005011872336272725 0.9791799718398201
31.622776601683793 0.003981071705534973 1.0
31.622776601683793 0.0031622776601683794 1.0
31.622776601683793 0.0025118864315095794 1.0
31.622776601683793 0.0019952623149688807 1.0
31.622776601683793 0.001584893192461114 1.0
31.622776601683793 0.0012589254117941675 1.0
31.622776601683793 0.001 1.0
39.810717055349734 1.0 0.0
39.810717055349734 0.7943282347242815 0.0
39.810717055349734 0.6309573444801932 1.7396488668095867e-05
39.810717055349734 0.5011872336272722 0.0002622751746092043
39.810717055349734 0.3981071705534972 0.0010884891612075972
39.810717055349734 0.31622776601683794 0.0030616701554580647
39.810717055349734 0.251188643150958 0.006954693452286515
39.810717055349734 0.19952623149688797 0.013710176321120515
39.810717055349734 0.15848931924611137 0.024289709128938214
39.810717055349734 0.12589254117941676 0.039546865307480326
39.810717055349734 0.10000000000000002 0.060158115846824366
39.810717055349734 0.07943282347242818 0.08660295433674901
39.810717055349734 0.06309573444801933 0.11916374133616019
39.810717055349734 0.05011872336272722 0.15795847394132995
39.810717055349734 0.039810717055349734 0.2030000921468621
39.810717055349734 0.03162277660168379 0.25422869659963654
39.810717055349734 0.025118864315095808 0.311535769349942
39.810717055349734 0.0199526231496888 0.374814624911851
39.810717055349734 0.015848931924611134 0.44397759604722725
39.810717055349734 0.012589254117941675 0.5189439234148917
39.810717055349734 0.01 0.5996812825679042
39.810717055349734 0.00794328234724282 0.6861891228896485
39.810717055349734 0.006309573444801936 0.7784953804392991
39.810717055349734 0.005011872336272725 0.8766553609745165
39.810717055349734 0.003981071705534973 0.9801691539556063
39.810717055349734 0.0031622776601683794 1.0
39.810717055349734 0.0025118864315095794 1.0
39.810717055349734 0.0019952623149688807 1.0
39.810717055349734 0.001584893192461114 1.0
39.810717055349734 0.0012589254117941675 1.0
39.810717055349734 0.001 1.0
50.11872336272725 1.0 0.0
50.11872336272725 0.7943282347242815 0.0
50.11872336272725 0.6309573444801932 4.409310110236149e-05
50.11872336272725 0.5011872336272722 0.0003622876310114419
50.11872336272725 0.3981071705534972 0.0012915444767499598
50.11872336272725 0.31622776601683794 0.003348500992221651
50.11872336272725 0.251188643150958 0.0072442993786778894
50.11872336272725 0.19952623149688797 0.013819322552026284
50.11872336272725 0.15848931924611137 0.023912863192349813
50.11872336272725 0.12589254117941676 0.03829475335234943
50.11872336272725 0.10000000000000002 0.05753730960266447
50.11872336272725 0.07943282347242818 0.08203512731527951
50.11872336272725 0.06309573444801933 0.11201339525603063
50.11872336272725 0.05011872336272722 0.14754826387956646
50.11872336272725 0.039810717055349734 0.18862730778956532
50.11872336272725 0.03162277660168379 0.2351556964868815
50.11872336272725 0.025118864315095808 0.2870218099912918
50.11872336272725 0.0199526231496888 0.3441112437923051
50.11872336272725 0.015848931924611134 0.4063142031702991
50.11872336272725 0.012589254117941675 0.4735431267184864
50.11872336272725 0.01 0.5457548316863543
50.11872336272725 0.00794328234724282 0.6229206911643256
50.11872336272725 0.006309573444801936 0.7050412630936127
50.11872336272725 0.005011872336272725 0.7921479460431686
50.11872336272725 0.003981071705534973 0.88429345921712
50.11872336272725 0.0031622776601683794 0.9810633796434911
50.11872336272725 0.0025118864315095794 1.0
50.11872336272725 0.0019952623149688807 1.0
50.11872336272725 0.001584893192461114 1.0
50.11872336272725 0.0012589254117941675 1.0
50.11872336272725 0.001 1.0
63.09573444801933 1.0 0.0
63.09573444801933 0.7943282347242815 0.0
63.09573444801933 0.6309573444801932 7.61181180274129e-05
63.09573444801933 0.5011872336272722 0.0004556650790075097
63.09573444801933 0.3981071705534972 0.0014520070717557831
63.09573444801933 0.31622776601683794 0.003545251605229257
63.09573444801933 0.251188643150958 0.007386906046931967
63.09573444801933 0.19952623149688797 0.013730270529969392
63.09573444801933 0.15848931924611137 0.023332877654034887
63.09573444801933 0.12589254117941676 0.0368544185113867
63.09573444801933 0.10000000000000002 0.054804735061603035
63.09573444801933 0.07943282347242818 0.07752547194724978
63.09573444801933 0.06309573444801933 0.10519214946780031
63.09573444801933 0.05011872336272722 0.1378694172877986
63.09573444801933 0.039810717055349734 0.17551478826632133
63.09573444801933 0.03162277660168379 0.21803454630694113
63.09573444801933 0.025118864315095808 0.26531597272114316
63.09573444801933 0.0199526231496888 0.31723601883465113
63.09573444801933 0.015848931924611134 0.37368620965865645
63.09573444801933 0.012589254117941675 0.4345688565315456
63.09573444801933 0.01 0.49981692093648206
63.09573444801933 0.00794328234724282 0.5693853686569385
63.09573444801933 0.006309573444801936 0.6432608106720803
63.09573444801933 0.005011872336272725 0.721446135709112
63.09573444801933 0.003981071705534973 0.8039748353061423
63.09573444801933 0.0031622776601683794 0.8909029080288798
63.09573444801933 0.0025118864315095794 0.9818760339905007
63.09573444801933 0.0019952623149688807 1.0
63.09573444801933 0.001584893192461114 1.0
63.09573444801933 0.0012589254117941675 1.0
63.09573444801933 0.001 1.0
79.43282347242817 1.0 0.0
79.43282347242817 0.7943282347242815 1.3341233403854885e-06
79.43282347242817 0.6309573444801932 0.00010932810942038941
79.43282347242817 0.5011872336272722 0.0005365643956355003
79.43282347242817 0.3981071705534972 0.0015769499949302834
79.43282347242817 0.31622776601683794 0.0036723823417726164
79.43282347242817 0.251188643150958 0.007418669075739879
79.43282347242817 0.19952623149688797 0.013500234656696305
79.43282347242817 0.15848931924611137 0.022590081995951253
79.43282347242817 0.12589254117941676 0.03527883042765596
79.43282347242817 0.10000000000000002 0.052016902458065374
79.43282347242817 0.07943282347242818 0.07309959624814907
79.43282347242817 0.06309573444801933 0.09868775476999868
79.43282347242817 0.05011872336272722 0.12881649280508312
79.43282347242817 0.039810717055349734 0.1634464574629394
79.43282347242817 0.03162277660168379 0.2024947071401201
79.43282347242817 0.025118864315095808 0.24584531904328655
79.43282347242817 0.0199526231496888 0.2933864850723274
79.43282347242817 0.015848931924611134 0.34498884069374225
79.43282347242817 0.012589254117941675 0.40055669626265417
79.43282347242817 0.01 0.46001049462954846
79.43282347242817 0.00794328234724282 0.5232929118269818
79.43282347242817 0.006309573444801936 0.5903650693123433
79.43282347242817 0.005011872336272725 0.6612163790715424
79.43282347242817 0.003981071705534973 0.7358613333454563
79.43282347242817 0.0031622776601683794 0.814332772912401
79.43282347242817 0.0025118864315095794 0.896685890501673
79.43282347242817 0.0019952623149688807 0.9826170476345542
79.43282347242817 0.001584893192461114 1.0
79.43282347242817 0.0012589254117941675 1.0
79.43282347242817 0.001 1.0
100.0 1.0 0.0
100.0 0.7943282347242815 5.46613940243954e-06
100.0 0.6309573444801932 0.00014096943335791432
100.0 0.5011872336272722 0.0006036955982047478
100.0 0.3981071705534972 0.001666117723216232
100.0 0.31622776601683794 0.0037406204888330605
100.0 0.251188643150958 0.007367462498679056
100.0 0.19952623149688797 0.013169225642123649
100.0 0.15848931924611137 0.02175072554872497
100.0 0.12589254117941676 0.03364041269000239
100.0 0.10000000000000002 0.04924236400536042
100.0 0.07943282347242818 0.06881947232930327
100.0 0.06309573444801933 0.0925115170725062
100.0 0.05011872336272722 0.1203505872994833
100.0 0.039810717055349734 0.15231382146649358
100.0 0.03162277660168379 0.18831709650128295
100.0 0.025118864315095808 0.2282568234130688
100.0 0.0199526231496888 0.27201256879550584
100.0 0.015848931924611134 0.31946761567758447
100.0 0.012589254117941675 0.37051458751030625
100.0 0.01 0.4250641884431325
100.0 0.00794328234724282 0.4830462902106741
100.0 0.006309573444801936 0.5444122815401893
100.0 0.005011872336272725 0.6091347322203394
100.0 0.003981071705534973 0.6772065352444496
100.0 0.0031622776601683794 0.7486487245919841
100.0 0.0025118864315095794 0.8234943131155197
100.0 0.0019952623149688807 0.9017969758455049
100.0 0.001584893192461114 0.9832956791627089
100.0 0.0012589254117941675 1.0
100.0 0.001 1.0
125.89254117941675 1.0 0.0
125.89254117941675 0.7943282347242815 1.1020923450789433e-05
125.89254117941675 0.6309573444801932 0.00016990941930894484
125.89254117941675 0.5011872336272722 0.0006575649629293238
125.89254117941675 0.3981071705534972 0.001727810334835559
125.89254117941675 0.31622776601683794 0.0037608378422423917
125.89254117941675 0.251188643150958 0.007253757460740111
125.89254117941675 0.19952623149688797 0.012768006101344135
125.89254117941675 0.15848931924611137 0.02085244198510312
125.89254117941675 0.12589254117941676 0.03198393411996651
125.89254117941675 0.10000000000000002 0.046527221303612594
125.89254117941675 0.07943282347242818 0.06471590292880117
125.89254117941675 0.06309573444801933 0.0866775097056386
125.89254117941675 0.05011872336272722 0.11246355152757602
125.89254117941675 0.039810717055349734 0.14204488022473877
125.89254117941675 0.03162277660168379 0.1753519057384064
125.89254117941675 0.025118864315095808 0.21228853647158147
125.89254117941675 0.0199526231496888 0.25273814835467867
125.89254117941675 0.015848931924611134 0.2965877408869836
125.89254117941675 0.012589254117941675 0.3437295907494906
125.89254117941675 0.01 0.3940640567827428
125.89254117941675 0.00794328234724282 0.4475152686969543
125.89254117941675 0.006309573444801936 0.5040218898845189
125.89254117941675 0.005011872336272725 0.5635423711828991
125.89254117941675 0.003981071705534973 0.6260583101533971
125.89254117941675 0.0031622776601683794 0.6915700666332342
125.89254117941675 0.0025118864315095794 0.7600936610954874
125.89254117941675 0.0019952623149688807 0.831672335763447
125.89254117941675 0.001584893192461114 0.9063578289541911
125.89254117941675 0.0012589254117941675 0.9839202928967782
125.89254117941675 0.001 1.0
158.48931924611142 1.0 0.0
158.48931924611142 0.7943282347242815 1.7225742103823893e-05
158.48931924611142 0.6309573444801932 0.0001973061358093984
158.48931924611142 0.5011872336272722 0.000708696545387153
158.48931924611142 0.3981071705534972 0.0017910976988743691
