src/nupyprop/models/ixc_neutrino_ctw.ecsv
# %ECSV 0.9
# ---
# datatype:
# - {name: energy, datatype: float64}
# - {name: y, datatype: float64}
# - {name: cc_cdf_ctw, datatype: float64}
# - {name: nc_cdf_ctw, datatype: float64}
# meta: !!omap
# - {Description: Neutrino-nucleon cross-section CDF values for CTW}
# - {energy: 'Neutrino energy, in GeV'}
# - {y: 'Inelasticity, y = (E_init-E_final)/E_initial.'}
# - {cc_cdf: Charged current cross-section CDF value}
# - {nc_cdf: Neutral current cross-section CDF value}
# - {Note: 'The integrated cross-section CDF values should be integrated from y = 0, 10^(-0.1),...,10^(-3). This is a convention we chose
#     to adopt'}
# schema: astropy-2.0
energy y cc_cdf_ctw nc_cdf_ctw
[from data line 2207]
12589254117.941713 0.251188643150958 0.30923599752172104 0.291020417424227
12589254117.941713 0.19952623149688797 0.35941082017022064 0.33859746606684105
12589254117.941713 0.15848931924611137 0.40893267391305343 0.38572577916053574
12589254117.941713 0.12589254117941676 0.4576563539085001 0.43230110920440734
12589254117.941713 0.10000000000000002 0.5054111789987679 0.4781985275489662
12589254117.941713 0.07943282347242818 0.5519999204661215 0.5232701622825033
12589254117.941713 0.06309573444801933 0.5971994618745765 0.5673436583137161
12589254117.941713 0.05011872336272722 0.6407639836104256 0.6102219314698439
12589254117.941713 0.039810717055349734 0.6824314480273737 0.6516849192706915
12589254117.941713 0.03162277660168379 0.721933923509005 0.6914940813547481
12589254117.941713 0.025118864315095808 0.7590117521302226 0.7294002898465752
12589254117.941713 0.0199526231496888 0.7934307365417984 0.7651553896450654
12589254117.941713 0.015848931924611134 0.8250005379409782 0.7985270589906559
12589254117.941713 0.012589254117941675 0.8535916384355905 0.8293157244692875
12589254117.941713 0.01 0.8791479079915281 0.8573713934702833
12589254117.941713 0.00794328234724282 0.9016923074575626 0.8826076964574493
12589254117.941713 0.006309573444801936 0.9213245369171408 0.9050105121726831
12589254117.941713 0.005011872336272725 0.9382111255093033 0.924639415230064
12589254117.941713 0.003981071705534973 0.9525699731323436 0.9416216403374176
12589254117.941713 0.0031622776601683794 0.9646522018363948 0.9561398186926744
12589254117.941713 0.0025118864315095794 0.9747241808283038 0.9684158739497355
12589254117.941713 0.0019952623149688807 0.9830519269272749 0.9786938450312619
12589254117.941713 0.001584893192461114 0.9898891155452598 0.9872240472624378
12589254117.941713 0.0012589254117941675 0.9954690160486904 0.9942501707708734
12589254117.941713 0.001 1.0 1.0
15848931924.611109 0.0 0.0 0.0
15848931924.611109 0.7943282347242815 0.05196898280628959 0.04871400247217106
15848931924.611109 0.6309573444801932 0.10376290383016351 0.09731125161442333
15848931924.611109 0.5011872336272722 0.1553381121459022 0.145762313797705
15848931924.611109 0.3981071705534972 0.20664060099611958 0.19403058865353928
15848931924.611109 0.31622776601683794 0.25760384713886975 0.242070707911741
15848931924.611109 0.251188643150958 0.30814636454693156 0.28982665776249095
15848931924.611109 0.19952623149688797 0.358169030750355 0.3372296239274504
15848931924.611109 0.15848931924611137 0.40755231255517443 0.38419559081607324
15848931924.611109 0.12589254117941676 0.4561536162778077 0.430622777997532
15848931924.611109 0.10000000000000002 0.5038051181261016 0.47638907459617086
15848931924.611109 0.07943282347242818 0.550312586315129 0.5213497392349884
15848931924.611109 0.06309573444801933 0.5954558652094528 0.5653357684428306
15848931924.611109 0.05011872336272722 0.6389918065023508 0.6081534872534652
15848931924.611109 0.039810717055349734 0.6806604287718827 0.6495860504399369
15848931924.611109 0.03162277660168379 0.7201948718434317 0.6893976047703646
15848931924.611109 0.025118864315095808 0.7573352069633014 0.7273407715221483
15848931924.611109 0.0199526231496888 0.7918453594770437 0.7631677785699412
15848931924.611109 0.015848931924611134 0.8235314243018685 0.7966449539824778
15848931924.611109 0.012589254117941675 0.8522587928797527 0.8275694371211598
15848931924.611109 0.01 0.8779651413465231 0.8557860635540986
15848931924.611109 0.00794328234724282 0.900666747821424 0.8812017619631304
15848931924.611109 0.006309573444801936 0.9204568239026633 0.9037948031180784
15848931924.611109 0.005011872336272725 0.9374962127400894 0.9236170252580888
15848931924.611109 0.003981071705534973 0.9519983505937856 0.9407885664113183
15848931924.611109 0.0031622776601683794 0.9642113000298254 0.955486203702083
15848931924.611109 0.0025118864315095794 0.9743997363715388 0.9679275911589671
15848931924.611109 0.0019952623149688807 0.9828291524371016 0.9783541485259163
15848931924.611109 0.001584893192461114 0.9897535943371253 0.9870150656683043
15848931924.611109 0.0012589254117941675 0.9954073094758362 0.9941541088415196
15848931924.611109 0.001 1.0 1.0
19952623149.688828 0.0 0.0 0.0
19952623149.688828 0.7943282347242815 0.05178272475784118 0.048512897253354836
19952623149.688828 0.6309573444801932 0.10339415163820309 0.09691214768605905
19952623149.688828 0.5011872336272722 0.15479153885094454 0.14516908337018253
19952623149.688828 0.3981071705534972 0.20592198782947413 0.19324804610379942
19952623149.688828 0.31622776601683794 0.2567203146839103 0.2411048199733984
19952623149.688828 0.251188643150958 0.3071066346266649 0.28868478990760515
19952623149.688828 0.19952623149688797 0.356983713107228 0.3359208230507159
19952623149.688828 0.15848931924611137 0.4062342034058962 0.38273090019596645
19952623149.688828 0.12589254117941676 0.45471798592383705 0.4290155739133691
19952623149.688828 0.10000000000000002 0.5022699519249185 0.4746554042632287
19952623149.688828 0.07943282347242818 0.5486987283820133 0.5195086265102269
19952623149.688828 0.06309573444801933 0.5937869998128845 0.5634094374624314
19952623149.688828 0.05011872336272722 0.6372942031576844 0.6061674367171335
19952623149.688828 0.039810717055349734 0.678962380837966 0.6475688969401175
19952623149.688828 0.03162277660168379 0.718525783300106 0.6873806095387731
19952623149.688828 0.025118864315095808 0.755724333715032 0.7253569806362563
19952623149.688828 0.0199526231496888 0.7903202875923379 0.7612507508530828
19952623149.688828 0.015848931924611134 0.8221164525796107 0.7948271263167683
19952623149.688828 0.012589254117941675 0.850973452705475 0.8258802737484983
19952623149.688828 0.01 0.8768231011851984 0.8542502280385307
19952623149.688828 0.00794328234724282 0.8996752944856855 0.8798376007790868
19952623149.688828 0.006309573444801936 0.919616997430538 0.9026134064591196
19952623149.688828 0.005011872336272725 0.9368035338199993 0.9226220271153085
19952623149.688828 0.003981071705534973 0.9514439669645198 0.939976691073009
19952623149.688828 0.0031622776601683794 0.9637833252899686 0.9548484130233622
19952623149.688828 0.0025118864315095794 0.9740845668999559 0.9674505874766582
19952623149.688828 0.0019952623149688807 0.9826126061959778 0.9780219661001741
19952623149.688828 0.001584893192461114 0.9896217896233529 0.9868105293037719
19952623149.688828 0.0012589254117941675 0.9953472675144526 0.9940600205893422
19952623149.688828 0.001 1.0 1.0
25118864315.09582 0.0 0.0 0.0
25118864315.09582 0.7943282347242815 0.05160526411545907 0.04832082033931684
25118864315.09582 0.6309573444801932 0.1030427662909158 0.0965309098943723
25118864315.09582 0.5011872336272722 0.15427061986550883 0.14460232027648445
25118864315.09582 0.3981071705534972 0.20523696923101498 0.1925002790992869
25118864315.09582 0.31622776601683794 0.25587789192976473 0.2401816545801807
25118864315.09582 0.251188643150958 0.30611501266067254 0.2875931486474538
25118864315.09582 0.19952623149688797 0.35585287873302784 0.33466921325501386
25118864315.09582 0.15848931924611137 0.40497621024283126 0.38132971336924015
25118864315.09582 0.12589254117941676 0.45334723097080243 0.4274774071930292
25118864315.09582 0.10000000000000002 0.5008034106559982 0.4729953855086848
25118864315.09582 0.07943282347242818 0.5471561011115846 0.517744712204623
25118864315.09582 0.06309573444801933 0.5921907081217099 0.5615626372136292
25118864315.09582 0.05011872336272722 0.6356691659809057 0.6042619013724924
25118864315.09582 0.039810717055349734 0.6773355022159815 0.6456317930413917
25118864315.09582 0.03162277660168379 0.7169251057525529 0.68544169764441
25118864315.09582 0.025118864315095808 0.7541778585536627 0.7234478278243512
25118864315.09582 0.0199526231496888 0.7888545347547996 0.7594035472082777
25118864315.09582 0.015848931924611134 0.8207549140030901 0.7930731449157944
25118864315.09582 0.012589254117941675 0.849735158537357 0.8242481054974529
25118864315.09582 0.01 0.8757215365885033 0.8527640130653609
25118864315.09582 0.00794328234724282 0.8987178572364 0.8785155318677056
25118864315.09582 0.006309573444801936 0.9188050796852544 0.901466765267379
25118864315.09582 0.005011872336272725 0.9361331795552184 0.921654921316892
25118864315.09582 0.003981071705534973 0.9509069456172591 0.9391865145704906
25118864315.09582 0.0031622776601683794 0.9633684064458071 0.95422690200712
25118864315.09582 0.0025118864315095794 0.9737787881951092 0.9669852430060091
25118864315.09582 0.0019952623149688807 0.9824023797479262 0.9776975854322223
25118864315.09582 0.001584893192461114 0.9894937631554475 0.986610626953926
25118864315.09582 0.0012589254117941675 0.9952889205462507 0.9939679972267504
25118864315.09582 0.001 1.0 1.0
31622776601.683792 0.0 0.0 0.0
31622776601.683792 0.7943282347242815 0.051436257467996294 0.04813745436561723
31622776601.683792 0.6309573444801932 0.10270807527548709 0.0961669156548337
31622776601.683792 0.5011872336272722 0.15377437115746528 0.14406111171211278
31622776601.683792 0.3981071705534972 0.20458427111817545 0.19178610305155863
31622776601.683792 0.31622776601683794 0.25507504075225385 0.23929977787780854
31622776601.683792 0.251188643150958 0.30516972768141093 0.28655007815052036
31622776601.683792 0.19952623149688797 0.3547745607765481 0.3334729494745987
31622776601.683792 0.15848931924611137 0.4037762134347844 0.3799900348334234
31622776601.683792 0.12589254117941676 0.4520391282918783 0.4260061771431872
31622776601.683792 0.10000000000000002 0.4994032226553058 0.4714068641569923
31622776601.683792 0.07943282347242818 0.5456824436665362 0.5160558462433369
31622776601.683792 0.06309573444801933 0.5906648016714149 0.5597932837335544
31622776601.683792 0.05011872336272722 0.6341146393418411 0.6024349272677582
31622776601.683792 0.039810717055349734 0.6757779252961411 0.6437729768236846
31622776601.683792 0.03162277660168379 0.715391204827351 0.6835793544466493
31622776601.683792 0.025118864315095808 0.752694411139096 0.721612088632257
31622776601.683792 0.0199526231496888 0.787447007801435 0.7576252585676428
31622776601.683792 0.015848931924611134 0.8194459869776257 0.7913824196298529
31622776601.683792 0.012589254117941675 0.8485433375338536 0.822672641673674
31622776601.683792 0.01 0.8746600874601835 0.8513273870296537
31622776601.683792 0.00794328234724282 0.8977942451200972 0.8772357268633649
31622776601.683792 0.006309573444801936 0.918021003553493 0.9003551907380003
31622776601.683792 0.005011872336272725 0.9354851646424407 0.9207160952438533
31622776601.683792 0.003981071705534973 0.9503873475972056 0.9384184442311736
31622776601.683792 0.0031622776601683794 0.9629666234621724 0.9536220531878568
31622776601.683792 0.0025118864315095794 0.973482479694845 0.9665318838702145
31622776601.683792 0.0019952623149688807 0.9821985395147297 0.9773812570888173
31622776601.683792 0.001584893192461114 0.9893695613419218 0.9864155248915852
31622776601.683792 0.0012589254117941675 0.9952322919520638 0.9938781197699158
31622776601.683792 0.001 1.0 1.0
39810717055.34985 0.0 0.0 0.0
39810717055.34985 0.7943282347242815 0.05127536901920371 0.04796248675555215
39810717055.34985 0.6309573444801932 0.10238942036957221 0.09581955114835483
39810717055.34985 0.5011872336272722 0.15330182851946694 0.14354455662492582
39810717055.34985 0.3981071705534972 0.2039626433938947 0.1911043469088185
39810717055.34985 0.31622776601683794 0.2543102495399745 0.2384577698874406
39810717055.34985 0.251188643150958 0.3042690358486343 0.2855539350838201
39810717055.34985 0.19952623149688797 0.3537468179327601 0.33233019576181244
39810717055.34985 0.15848931924611137 0.40263211485991657 0.378709872533185
39810717055.34985 0.12589254117941676 0.4507914695793903 0.42459977830082485
39810717055.34985 0.10000000000000002 0.4980671216526743 0.46988767032236034
39810717055.34985 0.07943282347242818 0.5442754885424136 0.5144398491393589
39810717055.34985 0.06309573444801933 0.5892070709818115 0.5580992473630841
39810717055.34985 0.05011872336272722 0.6326285306095797 0.6006844963657666
39810717055.34985 0.039810717055349734 0.6742877288156542 0.6419906026280009
39810717055.34985 0.03162277660168379 0.7139223764171594 0.6817919618723562
39810717055.34985 0.025118864315095808 0.7512725372647245 0.7198484169878832
39810717055.34985 0.0199526231496888 0.7860965188291182 0.7559148392751143
39810717055.34985 0.015848931924611134 0.8181887485613506 0.7897542135659101
39810717055.34985 0.012589254117941675 0.84739731367103 0.8211534406771901
39810717055.34985 0.01 0.8736382933690795 0.8499401697355359
39810717055.34985 0.00794328234724282 0.8969041737444893 0.8759982172658665
39810717055.34985 0.006309573444801936 0.9172646184194164 0.8992788674523748
39810717055.34985 0.005011872336272725 0.934859432096512 0.9198058266870311
39810717055.34985 0.003981071705534973 0.9498851748780591 0.9376727966139847
39810717055.34985 0.0031622776601683794 0.9625780097387872 0.9530341774125781
39810717055.34985 0.0025118864315095794 0.9731956860399854 0.9660907826671232
39810717055.34985 0.0019952623149688807 0.9820011277684383 0.9770731945992207
39810717055.34985 0.001584893192461114 0.9892492157922573 0.9862253667927465
39810717055.34985 0.0012589254117941675 0.9951773983409246 0.9937904589489027
39810717055.34985 0.001 1.0 1.0
50118723362.72715 0.0 0.0 0.0
50118723362.72715 0.7943282347242815 0.051122270841883366 0.04779561003837318
50118723362.72715 0.6309573444801932 0.10208615821401046 0.09548821201390123
50118723362.72715 0.5011872336272722 0.15285204853704515 0.14305176684975485
50118723362.72715 0.3981071705534972 0.20337086140034077 0.19045385481290666
50118723362.72715 0.31622776601683794 0.25358203523757084 0.2376542267789924
50118723362.72715 0.251188643150958 0.30341122319871083 0.2846030916100021
50118723362.72715 0.19952623149688797 0.35276773802403616 0.3312391291272081
50118723362.72715 0.15848931924611137 0.40154184244783553 0.3774872426702961
50118723362.72715 0.12589254117941676 0.44960206696951543 0.4232561063395982
50118723362.72715 0.10000000000000002 0.4967928535785576 0.46843562552525575
50118723362.72715 0.07943282347242818 0.5429329696137388 0.5128945204028611
50118723362.72715 0.06309573444801933 0.5878152948346173 0.556478362477024
50118723362.72715 0.05011872336272722 0.6312087205655419 0.5990085375408193
50118723362.72715 0.039810717055349734 0.6728629492066456 0.6402827531570434
50118723362.72715 0.03162277660168379 0.7125168586551593 0.6800778113304957
50118723362.72715 0.025118864315095808 0.7499107110594543 0.7181553585130998
50118723362.72715 0.0199526231496888 0.7848017971739476 0.7542711202787327
50118723362.72715 0.015848931924611134 0.8169821857765253 0.7881876555998952
50118723362.72715 0.012589254117941675 0.8462963180055594 0.8196899213095714
50118723362.72715 0.01 0.872655602496593 0.8486020420906311
50118723362.72715 0.00794328234724282 0.8960472727792331 0.8748029022935678
50118723362.72715 0.006309573444801936 0.9165356962179688 0.8982378593620705
50118723362.72715 0.005011872336272725 0.934255857957947 0.9189242881119384
50118723362.72715 0.003981071705534973 0.9494003738894643 0.936949800328149
50118723362.72715 0.0031622776601683794 0.9622025546502216 0.9524635155427083
50118723362.72715 0.0025118864315095794 0.9729184188177236 0.9656621593810788
50118723362.72715 0.0019952623149688807 0.9818101637499079 0.9767735748620254
50118723362.72715 0.001584893192461114 0.9891327439551002 0.9860402738632985
50118723362.72715 0.0012589254117941675 0.9951242498240234 0.9937050752169508
50118723362.72715 0.001 1.0 1.0
63095734448.019424 0.0 0.0 0.0
63095734448.019424 0.7943282347242815 0.050976643103681885 0.047636522156434324
63095734448.019424 0.6309573444801932 0.10179766082429587 0.09517230401500165
63095734448.019424 0.5011872336272722 0.1524241094573492 0.14258186819725482
63095734448.019424 0.3981071705534972 0.2028077272292741 0.1898334876855471
