src/nupyprop/models/ixc_muon_pn_bdhm_water.ecsv
# %ECSV 1.0
# ---
# datatype:
# - {name: energy, datatype: float64}
# - {name: y, datatype: float64}
# - {name: cdf_pn_bdhm, datatype: float64}
# meta: !!omap
# - {Description: Muon-nucleon cross-section CDF values for PN_BDHM in water}
# - {energy: 'Muon energy, in GeV'}
# - {y: Inelasticity; y = (E_initial-E_final)/E_initial}
# - {cdf: Cross-section CDF values for PN_BDHM in water}
# - {Note: 'The integrated cross-section CDF values should be integrated from y = 1, 10^(-0.1),...,10^(-3). This is a convention we chose
#     to adopt'}
# schema: astropy-2.0
energy y cdf_pn_bdhm
[from data line 1826]
630957.3444801943 0.001584893192461114 0.9066684776827453
630957.3444801943 0.0012589254117941675 0.9531343834337787
630957.3444801943 0.001 1.0
794328.2347242822 1.0 0.0
794328.2347242822 0.7943282347242815 0.005946716589139642
794328.2347242822 0.6309573444801932 0.015545097798553002
794328.2347242822 0.5011872336272722 0.027734116013707583
794328.2347242822 0.3981071705534972 0.042560172552962364
794328.2347242822 0.31622776601683794 0.060059658008889856
794328.2347242822 0.251188643150958 0.08018536164549157
794328.2347242822 0.19952623149688797 0.10282272185012445
794328.2347242822 0.15848931924611137 0.12781593094178573
794328.2347242822 0.12589254117941676 0.15498940277473647
794328.2347242822 0.10000000000000002 0.18416271778157176
794328.2347242822 0.07943282347242818 0.21516004380776102
794328.2347242822 0.06309573444801933 0.24781560598082683
794328.2347242822 0.05011872336272722 0.281976334633131
794328.2347242822 0.039810717055349734 0.3175029168060072
794328.2347242822 0.03162277660168379 0.3542696344553862
794328.2347242822 0.025118864315095808 0.39216365807496023
794328.2347242822 0.0199526231496888 0.4310840545709727
794328.2347242822 0.015848931924611134 0.4709407126230716
794328.2347242822 0.012589254117941675 0.5116531919218956
794328.2347242822 0.01 0.5531496213789421
794328.2347242822 0.00794328234724282 0.5953657496379999
794328.2347242822 0.006309573444801936 0.6382442511707338
794328.2347242822 0.005011872336272725 0.6817338014057233
794328.2347242822 0.003981071705534973 0.7257886145600897
794328.2347242822 0.0031622776601683794 0.770367863114097
794328.2347242822 0.0025118864315095794 0.8154352019226515
794328.2347242822 0.0019952623149688807 0.8609589040415819
794328.2347242822 0.001584893192461114 0.9069104312608652
794328.2347242822 0.0012589254117941675 0.9532643997732015
794328.2347242822 0.001 1.0
1000000.0 1.0 0.0
1000000.0 0.7943282347242815 0.005979158775028922
1000000.0 0.6309573444801932 0.015611034601150695
1000000.0 0.5011872336272722 0.027834891258325514
1000000.0 0.3981071705534972 0.04269737792697001
1000000.0 0.31622776601683794 0.060234578156295196
1000000.0 0.251188643150958 0.08039882420200442
1000000.0 0.19952623149688797 0.1030750623755514
1000000.0 0.15848931924611137 0.12810703508199298
1000000.0 0.12589254117941676 0.15531868822461
1000000.0 0.10000000000000002 0.1845291506646188
1000000.0 0.07943282347242818 0.21556215010777585
1000000.0 0.06309573444801933 0.24825143301986316
1000000.0 0.05011872336272722 0.28244349372566646
1000000.0 0.039810717055349734 0.31799851629742387
1000000.0 0.03162277660168379 0.3547902569732243
1000000.0 0.025118864315095808 0.3927053288965249
1000000.0 0.0199526231496888 0.4316422641986401
1000000.0 0.015848931924611134 0.47151031702559904
1000000.0 0.012589254117941675 0.5122283093818008
1000000.0 0.01 0.5537235850036499
1000000.0 0.00794328234724282 0.5959311760958199
1000000.0 0.006309573444801936 0.6387928870169047
1000000.0 0.005011872336272725 0.6822565214603188
1000000.0 0.003981071705534973 0.7262753384246631
1000000.0 0.0031622776601683794 0.770807528251189
1000000.0 0.0025118864315095794 0.8158157514068174
1000000.0 0.0019952623149688807 0.8612668623660018
1000000.0 0.001584893192461114 0.9071312658116977
1000000.0 0.0012589254117941675 0.9533831456266955
1000000.0 0.001 1.0
1258925.4117941686 1.0 0.0
1258925.4117941686 0.7943282347242815 0.006009888978533758
1258925.4117941686 0.6309573444801932 0.015672884367538612
1258925.4117941686 0.5011872336272722 0.027928793044509046
1258925.4117941686 0.3981071705534972 0.04282454000094357
1258925.4117941686 0.31622776601683794 0.06039595260919103
1258925.4117941686 0.251188643150958 0.08059496514721101
1258925.4117941686 0.19952623149688797 0.10330612010209808
1258925.4117941686 0.15848931924611137 0.12837276618233345
1258925.4117941686 0.12589254117941676 0.15561847100116485
1258925.4117941686 0.10000000000000002 0.18486199877554735
1258925.4117941686 0.07943282347242818 0.2159267000761174
1258925.4117941686 0.06309573444801933 0.2486459692993569
1258925.4117941686 0.05011872336272722 0.2828658775910607
1258925.4117941686 0.039810717055349734 0.31844619977430766
1258925.4117941686 0.03162277660168379 0.3552602342844639
1258925.4117941686 0.025118864315095808 0.39319413983325036
1258925.4117941686 0.0199526231496888 0.43214593015862174
1258925.4117941686 0.015848931924611134 0.47202423636654317
1258925.4117941686 0.012589254117941675 0.5127472354667805
1258925.4117941686 0.01 0.5542416224794935
1258925.4117941686 0.00794328234724282 0.5964417124900838
1258925.4117941686 0.006309573444801936 0.6392885162133916
1258925.4117941686 0.005011872336272725 0.6827290080425754
1258925.4117941686 0.003981071705534973 0.7267155756077103
1258925.4117941686 0.0031622776601683794 0.7712054745567124
1258925.4117941686 0.0025118864315095794 0.816160445132811
1258925.4117941686 0.0019952623149688807 0.86154613243566
1258925.4117941686 0.001584893192461114 0.9073320629723035
1258925.4117941686 0.0012589254117941675 0.9534912546561647
1258925.4117941686 0.001 1.0
1584893.1924611141 1.0 0.0
1584893.1924611141 0.7943282347242815 0.00603897001678038
1584893.1924611141 0.6309573444801932 0.015730820217510585
1584893.1924611141 0.5011872336272722 0.02801612811432054
1584893.1924611141 0.3981071705534972 0.04294212482139274
1584893.1924611141 0.31622776601683794 0.06054442827871041
1584893.1924611141 0.251188643150958 0.08077463354029325
1584893.1924611141 0.19952623149688797 0.10351695325586793
1584893.1924611141 0.15848931924611137 0.1286144053401655
1584893.1924611141 0.12589254117941676 0.1558902620467547
1584893.1924611141 0.10000000000000002 0.18516299063266078
1584893.1924611141 0.07943282347242818 0.2162556578978676
1584893.1924611141 0.06309573444801933 0.24900134104801747
1584893.1924611141 0.05011872336272722 0.28324581305216423
1584893.1924611141 0.039810717055349734 0.31884847751289797
1584893.1924611141 0.03162277660168379 0.35568223937905347
1584893.1924611141 0.025118864315095808 0.3936329053472997
1584893.1924611141 0.0199526231496888 0.4325979441560653
1584893.1924611141 0.015848931924611134 0.4724854474187661
1584893.1924611141 0.012589254117941675 0.513213029219025
1584893.1924611141 0.01 0.5547068169487999
1584893.1924611141 0.00794328234724282 0.5969004290914455
1584893.1924611141 0.006309573444801936 0.6397341231064382
1584893.1924611141 0.005011872336272725 0.6831541186758379
1584893.1924611141 0.003981071705534973 0.7271120100243201
1584893.1924611141 0.0031622776601683794 0.7715641786207712
1584893.1924611141 0.0025118864315095794 0.8164713887249984
1584893.1924611141 0.0019952623149688807 0.8617983839525799
1584893.1924611141 0.001584893192461114 0.9075136512043745
1584893.1924611141 0.0012589254117941675 0.953589119903813
1584893.1924611141 0.001 1.0
1995262.3149688828 1.0 0.0
1995262.3149688828 0.7943282347242815 0.006066460296543112
1995262.3149688828 0.6309573444801932 0.015785000757940457
1995262.3149688828 0.5011872336272722 0.028097178803307813
1995262.3149688828 0.3981071705534972 0.04305056082285611
1995262.3149688828 0.31622776601683794 0.06068059685131861
1995262.3149688828 0.251188643150958 0.08093860407696667
1995262.3149688828 0.19952623149688797 0.10370851562999772
1995262.3149688828 0.15848931924611137 0.12883310625232453
1995262.3149688828 0.12589254117941676 0.15613540853912294
1995262.3149688828 0.10000000000000002 0.18543368183880696
1995262.3149688828 0.07943282347242818 0.21655077328049868
1995262.3149688828 0.06309573444801933 0.24931952413402222
1995262.3149688828 0.05011872336272722 0.2835854521204128
1995262.3149688828 0.039810717055349734 0.31920765339502327
1995262.3149688828 0.03162277660168379 0.3560587286308531
1995262.3149688828 0.025118864315095808 0.3940240833988865
1995262.3149688828 0.0199526231496888 0.4330008182892899
1995262.3149688828 0.015848931924611134 0.4728965103691966
1995262.3149688828 0.012589254117941675 0.5136283101329584
1995262.3149688828 0.01 0.5551217489758737
1995262.3149688828 0.00794328234724282 0.5973098120173022
1995262.3149688828 0.006309573444801936 0.6401320946108661
1995262.3149688828 0.005011872336272725 0.6835341388917391
1995262.3149688828 0.003981071705534973 0.7274667528801629
1995262.3149688828 0.0031622776601683794 0.7718854901297441
1995262.3149688828 0.0025118864315095794 0.8167502417311129
1995262.3149688828 0.0019952623149688807 0.8620248803687055
1995262.3149688828 0.001584893192461114 0.9076768981194511
1995262.3149688828 0.0012589254117941675 0.9536772321914644
1995262.3149688828 0.001 1.0
2511886.4315095823 1.0 0.0
2511886.4315095823 0.7943282347242815 0.006092414224271242
2511886.4315095823 0.6309573444801932 0.015835566999237143
2511886.4315095823 0.5011872336272722 0.02817219758520408
2511886.4315095823 0.3981071705534972 0.043150231254622834
2511886.4315095823 0.31622776601683794 0.06080498810652843
2511886.4315095823 0.251188643150958 0.0810875585003908
2511886.4315095823 0.19952623149688797 0.10388165980006157
2511886.4315095823 0.15848931924611137 0.12902987772519584
2511886.4315095823 0.12589254117941676 0.15635510159697197
2511886.4315095823 0.10000000000000002 0.1856754364620368
2511886.4315095823 0.07943282347242818 0.21681357588543598
2511886.4315095823 0.06309573444801933 0.2496021884656271
2511886.4315095823 0.05011872336272722 0.2838865848178615
2511886.4315095823 0.039810717055349734 0.3195256513206181
2511886.4315095823 0.03162277660168379 0.35639174906824983
2511886.4315095823 0.025118864315095808 0.3943699146695733
2511886.4315095823 0.0199526231496888 0.4333568515105761
2511886.4315095823 0.015848931924611134 0.47325978908034655
2511886.4315095823 0.012589254117941675 0.5139953896827404
2511886.4315095823 0.01 0.5554886652230512
2511886.4315095823 0.00794328234724282 0.597672035432964
2511886.4315095823 0.006309573444801936 0.6404846115773222
2511886.4315095823 0.005011872336272725 0.6838712559781017
2511886.4315095823 0.003981071705534973 0.7277819415075012
2511886.4315095823 0.0031622776601683794 0.7721713742307511
2511886.4315095823 0.0025118864315095794 0.8169986895409654
2511886.4315095823 0.0019952623149688807 0.8622269423191179
2511886.4315095823 0.001584893192461114 0.9078227515798857
2511886.4315095823 0.0012589254117941675 0.9537560596409816
2511886.4315095823 0.001 1.0
3162277.6601683795 1.0 0.0
3162277.6601683795 0.7943282347242815 0.006116898732759686
3162277.6601683795 0.6309573444801932 0.0158826932944077
3162277.6601683795 0.5011872336272722 0.028241493613235885
3162277.6601683795 0.3981071705534972 0.04324160451154389
3162277.6601683795 0.31622776601683794 0.060918251885190365
3162277.6601683795 0.251188643150958 0.08122234364843725
3162277.6601683795 0.19952623149688797 0.10403744295873768
3162277.6601683795 0.15848931924611137 0.12920601308507143
3162277.6601683795 0.12589254117941676 0.156550864852602
3162277.6601683795 0.10000000000000002 0.1858900065929796
3162277.6601683795 0.07943282347242818 0.21704604284096166
3162277.6601683795 0.06309573444801933 0.24985152869274813
3162277.6601683795 0.05011872336272722 0.2841516384705217
3162277.6601683795 0.039810717055349734 0.3198051080512036
3162277.6601683795 0.03162277660168379 0.3566840497520618
3162277.6601683795 0.025118864315095808 0.3946732302257484
3162277.6601683795 0.0199526231496888 0.4336690433829617
3162277.6601683795 0.015848931924611134 0.4735783710447929
3162277.6601683795 0.012589254117941675 0.5143174118139775
3162277.6601683795 0.01 0.5558107472447336
3162277.6601683795 0.00794328234724282 0.5979903113680526
3162277.6601683795 0.006309573444801936 0.6407946590632059
3162277.6601683795 0.005011872336272725 0.6841678534754937
3162277.6601683795 0.003981071705534973 0.7280593478071481
3162277.6601683795 0.0031622776601683794 0.7724233061793186
3162277.6601683795 0.0025118864315095794 0.8172180192383336
3162277.6601683795 0.0019952623149688807 0.8624056617366878
3162277.6601683795 0.001584893192461114 0.9079519785491732
3162277.6601683795 0.0012589254117941675 0.9538260432296966
3162277.6601683795 0.001 1.0
3981071.7055349774 1.0 0.0
3981071.7055349774 0.7943282347242815 0.0061399666810553685
3981071.7055349774 0.6309573444801932 0.01592651760047239
3981071.7055349774 0.5011872336272722 0.02830530833948278
3981071.7055349774 0.3981071705534972 0.043325043028602864
3981071.7055349774 0.31622776601683794 0.061020881172599704
3981071.7055349774 0.251188643150958 0.08134359848148573
3981071.7055349774 0.19952623149688797 0.10417665904891181
3981071.7055349774 0.15848931924611137 0.12936246882099062
3981071.7055349774 0.12589254117941676 0.15672380818546908
3981071.7055349774 0.10000000000000002 0.18607865723088945
3981071.7055349774 0.07943282347242818 0.21724958684340046
3981071.7055349774 0.06309573444801933 0.2500690980296789
3981071.7055349774 0.05011872336272722 0.28438229587972264
3981071.7055349774 0.039810717055349734 0.32004777086224745
3981071.7055349774 0.03162277660168379 0.35693746104133445
3981071.7055349774 0.025118864315095808 0.39493591566881037
3981071.7055349774 0.0199526231496888 0.4339392633880563
3981071.7055349774 0.015848931924611134 0.47385407610661373
3981071.7055349774 0.012589254117941675 0.5145962426209453
3981071.7055349774 0.01 0.5560898492739921
3981071.7055349774 0.00794328234724282 0.5982664036058636
3981071.7055349774 0.006309573444801936 0.6410638915850548
3981071.7055349774 0.005011872336272725 0.684425860480796
3981071.7055349774 0.003981071705534973 0.7283012148463702
3981071.7055349774 0.0031622776601683794 0.7726433790836471
3981071.7055349774 0.0025118864315095794 0.8174099487428023
3981071.7055349774 0.0019952623149688807 0.8625623391646389
3981071.7055349774 0.001584893192461114 0.9080655005155273
3981071.7055349774 0.0012589254117941675 0.9538876235930499
3981071.7055349774 0.001 1.0
5011872.336272725 1.0 0.0
5011872.336272725 0.7943282347242815 0.006161680062431525
5011872.336272725 0.6309573444801932 0.015967201013910363
5011872.336272725 0.5011872336272722 0.028363924582035294
5011872.336272725 0.3981071705534972 0.04340096954476973
5011872.336272725 0.31622776601683794 0.061113458197547196
5011872.336272725 0.251188643150958 0.08145208046243024
5011872.336272725 0.19952623149688797 0.10430025335694622
5011872.336272725 0.15848931924611137 0.1295003805880931
5011872.336272725 0.12589254117941676 0.15687526837041565
5011872.336272725 0.10000000000000002 0.18624292375121948
5011872.336272725 0.07943282347242818 0.2174259395267571
5011872.336272725 0.06309573444801933 0.2502568247767727
5011872.336272725 0.05011872336272722 0.28458063443461323
5011872.336272725 0.039810717055349734 0.3202558764630178
5011872.336272725 0.03162277660168379 0.3571543647062291
5011872.336272725 0.025118864315095808 0.3951604774209487
5011872.336272725 0.0199526231496888 0.43417012390164295
5011872.336272725 0.015848931924611134 0.47408960742305706
5011872.336272725 0.012589254117941675 0.514834497096871
5011872.336272725 0.01 0.5563285714709888
5011872.336272725 0.00794328234724282 0.5985028647915546
5011872.336272725 0.006309573444801936 0.6412948270200752
5011872.336272725 0.005011872336272725 0.6846476193400537
5011872.336272725 0.003981071705534973 0.7285095222647053
5011872.336272725 0.0031622776601683794 0.7728333587877251
5011872.336272725 0.0025118864315095794 0.817576044656674
5011872.336272725 0.0019952623149688807 0.8626982122608486
5011872.336272725 0.001584893192461114 0.9081641022086641
5011872.336272725 0.0012589254117941675 0.9539412786124751
5011872.336272725 0.001 1.0
6309573.444801942 1.0 0.0
6309573.444801942 0.7943282347242815 0.006182093247263041
6309573.444801942 0.6309573444801932 0.016004883930048317
6309573.444801942 0.5011872336272722 0.02841758679384803
6309573.444801942 0.3981071705534972 0.04346974883861265
6309573.444801942 0.31622776601683794 0.06119648414228333
6309573.444801942 0.251188643150958 0.08154843900360055
