src/nupyprop/models/ixc_tau_pn_bdhm_water.ecsv
# %ECSV 1.0
# ---
# datatype:
# - {name: energy, datatype: float64}
# - {name: y, datatype: float64}
# - {name: cdf_pn_bdhm, datatype: float64}
# meta: !!omap
# - {Description: Tau-nucleon cross-section CDF values for PN_BDHM in water}
# - {energy: 'Tau energy, in GeV'}
# - {y: Inelasticity; y = (E_initial-E_final)/E_initial}
# - {cdf: Cross-section CDF values for PN_BDHM in water}
# - {Note: 'The integrated cross-section CDF values should be integrated from y = 1, 10^(-0.1),...,10^(-3). This is a convention we chose
#     to adopt'}
# schema: astropy-2.0
energy y cdf_pn_bdhm
[from data line 2133]
6309573.444801942 0.0031622776601683794 0.6931833288100226
6309573.444801942 0.0025118864315095794 0.7516825587354073
6309573.444801942 0.0019952623149688807 0.8117011483173583
6309573.444801942 0.001584893192461114 0.8731490400125244
6309573.444801942 0.0012589254117941675 0.9359416836785551
6309573.444801942 0.001 1.0
7943282.347242822 1.0 0.0
7943282.347242822 0.7943282347242815 0.00041203632067852444
7943282.347242822 0.6309573444801932 0.0016236595875188946
7943282.347242822 0.5011872336272722 0.003792896972684674
7943282.347242822 0.3981071705534972 0.0072329695240769005
7943282.347242822 0.31622776601683794 0.01233455801572975
7943282.347242822 0.251188643150958 0.019509835094184292
7943282.347242822 0.19952623149688797 0.029144150329296813
7943282.347242822 0.15848931924611137 0.04155869086370334
7943282.347242822 0.12589254117941676 0.05698962547993975
7943282.347242822 0.10000000000000002 0.07558388968469924
7943282.347242822 0.07943282347242818 0.09740727391838311
7943282.347242822 0.06309573444801933 0.12245865775336075
7943282.347242822 0.05011872336272722 0.15068586491160385
7943282.347242822 0.039810717055349734 0.18200032388937362
7943282.347242822 0.03162277660168379 0.21628924780667672
7943282.347242822 0.025118864315095808 0.2534251037229996
7943282.347242822 0.0199526231496888 0.2932726061802254
7943282.347242822 0.015848931924611134 0.3356937228859336
7943282.347242822 0.012589254117941675 0.3805510770643601
7943282.347242822 0.01 0.4277101896849966
7943282.347242822 0.00794328234724282 0.47704094553462995
7943282.347242822 0.006309573444801936 0.5284183447640072
7943282.347242822 0.005011872336272725 0.5817229928695774
7943282.347242822 0.003981071705534973 0.6368413619133604
7943282.347242822 0.0031622776601683794 0.693665666123245
7943282.347242822 0.0025118864315095794 0.7520938638715498
7943282.347242822 0.0019952623149688807 0.812029570089841
7943282.347242822 0.001584893192461114 0.8733819225945967
7943282.347242822 0.0012589254117941675 0.9360655958788685
7943282.347242822 0.001 1.0
10000000.0 1.0 0.0
10000000.0 0.7943282347242815 0.00041896387907557536
10000000.0 0.6309573444801932 0.0016463764635146574
10000000.0 0.5011872336272722 0.003839689759301866
10000000.0 0.3981071705534972 0.007312875227847157
10000000.0 0.31622776601683794 0.012456787096603415
10000000.0 0.251188643150958 0.019682643463062033
10000000.0 0.19952623149688797 0.02937374978795597
10000000.0 0.15848931924611137 0.04184858652646408
10000000.0 0.12589254117941676 0.05734047027321651
10000000.0 0.10000000000000002 0.07599376704809817
10000000.0 0.07943282347242818 0.0978721663735725
10000000.0 0.06309573444801933 0.12297298512443261
10000000.0 0.05011872336272722 0.15124298108076617
10000000.0 0.039810717055349734 0.1825929103491301
10000000.0 0.03162277660168379 0.2169095766874931
10000000.0 0.025118864315095808 0.2540652355567891
10000000.0 0.0199526231496888 0.2939245145538696
10000000.0 0.015848931924611134 0.3363493427336889
10000000.0 0.012589254117941675 0.3812023137234621
10000000.0 0.01 0.4283489044209
10000000.0 0.00794328234724282 0.4776588819055397
10000000.0 0.006309573444801936 0.5290070654529285
10000000.0 0.005011872336272725 0.5822738462943446
10000000.0 0.003981071705534973 0.6373452729652163
10000000.0 0.0031622776601683794 0.6941131080292634
10000000.0 0.0025118864315095794 0.7524747808757554
10000000.0 0.0019952623149688807 0.812333282255441
10000000.0 0.001584893192461114 0.8735971477068761
10000000.0 0.0012589254117941675 0.9361797821023001
10000000.0 0.001 1.0
12589254.117941687 1.0 0.0
12589254.117941687 0.7943282347242815 0.0004257129211428372
12589254.117941687 0.6309573444801932 0.0016684267479518623
12589254.117941687 0.5011872336272722 0.003885007590679731
12589254.117941687 0.3981071705534972 0.007390120242769467
12589254.117941687 0.31622776601683794 0.012574750931307357
12589254.117941687 0.251188643150958 0.019849153411256357
12589254.117941687 0.19952623149688797 0.029594618334910273
12589254.117941687 0.15848931924611137 0.04212698100811988
12589254.117941687 0.12589254117941676 0.057676788531003456
12589254.117941687 0.10000000000000002 0.07638592430559057
12589254.117941687 0.07943282347242818 0.098316067443664
12589254.117941687 0.06309573444801933 0.12346306087907116
12589254.117941687 0.05011872336272722 0.15177268356083914
12589254.117941687 0.039810717055349734 0.18315506868138276
12589254.117941687 0.03162277660168379 0.2174966965918814
12589254.117941687 0.025118864315095808 0.25466968131814904
12589254.117941687 0.0199526231496888 0.29453863174931344
12589254.117941687 0.015848931924611134 0.33696550358242794
12589254.117941687 0.012589254117941675 0.38181291985521554
12589254.117941687 0.01 0.42894641056201366
12589254.117941687 0.00794328234724282 0.47823565686107944
12589254.117941687 0.006309573444801936 0.5295554041660169
12589254.117941687 0.005011872336272725 0.582785811643241
12589254.117941687 0.003981071705534973 0.6378126517579594
12589254.117941687 0.0031622776601683794 0.6945273140439868
12589254.117941687 0.0025118864315095794 0.7528267962023154
12589254.117941687 0.0019952623149688807 0.8126136080823458
12589254.117941687 0.001584893192461114 0.8737953353045154
12589254.117941687 0.0012589254117941675 0.9362848237657628
12589254.117941687 0.001 1.0
15848931.924611142 1.0 0.0
15848931.924611142 0.7943282347242815 0.00043228534901921395
15848931.924611142 0.6309573444801932 0.001689822668987105
15848931.924611142 0.5011872336272722 0.003928882197124629
15848931.924611142 0.3981071705534972 0.007464769350202408
15848931.924611142 0.31622776601683794 0.012688563189398682
15848931.924611142 0.251188643150958 0.020009545364102408
15848931.924611142 0.19952623149688797 0.029807022133531227
15848931.924611142 0.15848931924611137 0.042394245142354375
15848931.924611142 0.12589254117941676 0.057999072491121344
15848931.924611142 0.10000000000000002 0.07676098971288908
15848931.924611142 0.07943282347242818 0.09873975675828468
15848931.924611142 0.06309573444801933 0.12392982913181246
15848931.924611142 0.05011872336272722 0.15227606250229284
15848931.924611142 0.039810717055349734 0.18368805043259123
15848931.924611142 0.03162277660168379 0.21805201485875791
15848931.924611142 0.025118864315095808 0.25523999951781784
15848931.924611142 0.0199526231496888 0.2951166499316724
15848931.924611142 0.015848931924611134 0.3375440124728423
15848931.924611142 0.012589254117941675 0.382384811340663
15848931.924611142 0.01 0.42950466962892814
15848931.924611142 0.00794328234724282 0.47877328049949625
15848931.924611142 0.006309573444801936 0.5300653246866202
15848931.924611142 0.005011872336272725 0.5832608312730274
15848931.924611142 0.003981071705534973 0.6382453554192234
15848931.924611142 0.0031622776601683794 0.6949100329966074
15848931.924611142 0.0025118864315095794 0.7531515350622969
15848931.924611142 0.0019952623149688807 0.8128716374603022
15848931.924611142 0.001584893192461114 0.873977450643575
15848931.924611142 0.0012589254117941675 0.9363812038610394
15848931.924611142 0.001 1.0
19952623.14968883 1.0 0.0
19952623.14968883 0.7943282347242815 0.0004386834165319782
19952623.14968883 0.6309573444801932 0.001710577640853608
19952623.14968883 0.5011872336272722 0.0039713467748136765
19952623.14968883 0.3981071705534972 0.007536889270252394
19952623.14968883 0.31622776601683794 0.012798339460257087
19952623.14968883 0.251188643150958 0.020164001148963242
19952623.14968883 0.19952623149688797 0.0300112275146412
19952623.14968883 0.15848931924611137 0.04265074729965786
19952623.14968883 0.12589254117941676 0.05830780930035867
19952623.14968883 0.10000000000000002 0.07711958481764727
19952623.14968883 0.07943282347242818 0.09914400240580899
19952623.14968883 0.06309573444801933 0.12437420064501271
19952623.14968883 0.05011872336272722 0.15275418184737574
19952623.14968883 0.039810717055349734 0.18419307326729548
19952623.14968883 0.03162277660168379 0.2185769000698732
19952623.14968883 0.025118864315095808 0.2557776958228438
19952623.14968883 0.0199526231496888 0.2956601996384021
19952623.14968883 0.015848931924611134 0.33808660989518646
19952623.14968883 0.012589254117941675 0.3829198356650928
19952623.14968883 0.01 0.4300255809249039
19952623.14968883 0.00794328234724282 0.4792736449798657
19952623.14968883 0.006309573444801936 0.5305387107845896
19952623.14968883 0.005011872336272725 0.5837007411140852
19952623.14968883 0.003981071705534973 0.6386452510284242
19952623.14968883 0.0031622776601683794 0.6952630116224943
19952623.14968883 0.0025118864315095794 0.7534502723818041
19952623.14968883 0.0019952623149688807 0.8131085009067814
19952623.14968883 0.001584893192461114 0.8741443482477211
19952623.14968883 0.0012589254117941675 0.9364693864820287
19952623.14968883 0.001 1.0
25118864.315095823 1.0 0.0
25118864.315095823 0.7943282347242815 0.0004449098080587965
25118864.315095823 0.6309573444801932 0.001730705589324891
25118864.315095823 0.5011872336272722 0.004012436759851495
25118864.315095823 0.3981071705534972 0.007606549999643534
25118864.315095823 0.31622776601683794 0.012904199764322243
25118864.315095823 0.251188643150958 0.0203127082148486
25118864.315095823 0.19952623149688797 0.030207507561319246
25118864.315095823 0.15848931924611137 0.042896864001634095
25118864.315095823 0.12589254117941676 0.0586034950427811
25118864.315095823 0.10000000000000002 0.07746234044388911
25118864.315095823 0.07943282347242818 0.09952957275911228
25118864.315095823 0.06309573444801933 0.12479708904885524
25118864.315095823 0.05011872336272722 0.15320811253627972
25118864.315095823 0.039810717055349734 0.18467136244103408
25118864.315095823 0.03162277660168379 0.21907272700139477
25118864.315095823 0.025118864315095808 0.25628428506032574
25118864.315095823 0.0199526231496888 0.296170925140044
25118864.315095823 0.015848931924611134 0.3385950681015065
25118864.315095823 0.012589254117941675 0.3834198157360365
25118864.315095823 0.01 0.4305110410805491
25118864.315095823 0.00794328234724282 0.479738690465922
25118864.315095823 0.006309573444801936 0.5309775193594353
25118864.315095823 0.005011872336272725 0.5841074962388809
25118864.315095823 0.003981071705534973 0.6390139475505581
25118864.315095823 0.0031622776601683794 0.6955875605218932
25118864.315095823 0.0025118864315095794 0.7537242973716958
25118864.315095823 0.0019952623149688807 0.813325317916505
25118864.315095823 0.001584893192461114 0.8742968034264682
25118864.315095823 0.0012589254117941675 0.9365497810323798
25118864.315095823 0.001 1.0
31622776.60168379 1.0 0.0
31622776.60168379 0.7943282347242815 0.00045096739675497987
31622776.60168379 0.6309573444801932 0.001750220626684064
31622776.60168379 0.5011872336272722 0.004052187787195947
31622776.60168379 0.3981071705534972 0.007673821100948143
31622776.60168379 0.31622776601683794 0.013006262423285238
31622776.60168379 0.251188643150958 0.02045585017427849
31622776.60168379 0.19952623149688797 0.030396128272361753
31622776.60168379 0.15848931924611137 0.043132960235822464
31622776.60168379 0.12589254117941676 0.058886610331014846
31622776.60168379 0.10000000000000002 0.07778986065461714
31622776.60168379 0.07943282347242818 0.09989720678027267
31622776.60168379 0.06309573444801933 0.1251993757776804
31622776.60168379 0.05011872336272722 0.15363887873751336
31622776.60168379 0.039810717055349734 0.1851240839624342
31622776.60168379 0.03162277660168379 0.2195407979407721
31622776.60168379 0.025118864315095808 0.25676119259627755
31622776.60168379 0.0199526231496888 0.29665037693130936
31622776.60168379 0.015848931924611134 0.3390710091905753
31622776.60168379 0.012589254117941675 0.38388644317433396
31622776.60168379 0.01 0.43096279461500503
31622776.60168379 0.00794328234724282 0.4801701611385863
31622776.60168379 0.006309573444801936 0.5313834345842114
31622776.60168379 0.005011872336272725 0.5844826302431262
31622776.60168379 0.003981071705534973 0.6393530411754629
31622776.60168379 0.0031622776601683794 0.6958852527255899
31622776.60168379 0.0025118864315095794 0.753975023037706
31622776.60168379 0.0019952623149688807 0.813523226932264
31622776.60168379 0.001584893192461114 0.874435656731331
31622776.60168379 0.0012589254117941675 0.9366228550226634
31622776.60168379 0.001 1.0
39810717.055349775 1.0 0.0
39810717.055349775 0.7943282347242815 0.00045685930735447634
39810717.055349775 0.6309573444801932 0.001769137470800384
39810717.055349775 0.5011872336272722 0.004090636336352068
39810717.055349775 0.3981071705534972 0.007738773091975896
39810717.055349775 0.31622776601683794 0.013104646590917887
39810717.055349775 0.251188643150958 0.020593610988699777
39810717.055349775 0.19952623149688797 0.03057735502869236
39810717.055349775 0.15848931924611137 0.0433593998151983
39810717.055349775 0.12589254117941676 0.05915762786406459
39810717.055349775 0.10000000000000002 0.07810274241134334
39810717.055349775 0.07943282347242818 0.10024763347024257
39810717.055349775 0.06309573444801933 0.1255819280055199
39810717.055349775 0.05011872336272722 0.1540474864647981
39810717.055349775 0.039810717055349734 0.1855523813509685
39810717.055349775 0.03162277660168379 0.21998238908044637
39810717.055349775 0.025118864315095808 0.2572098368061459
39810717.055349775 0.0199526231496888 0.2971000678106604
39810717.055349775 0.015848931924611134 0.3395160354621321
39810717.055349775 0.012589254117941675 0.38432139426391976
39810717.055349775 0.01 0.43138251883921247
39810717.055349775 0.00794328234724282 0.4805697612705212
39810717.055349775 0.006309573444801936 0.5317581707340117
39810717.055349775 0.005011872336272725 0.5848278597619155
39810717.055349775 0.003981071705534973 0.6396641405748282
39810717.055349775 0.0031622776601683794 0.6961575363581537
39810717.055349775 0.0025118864315095794 0.7542036981486009
39810717.055349775 0.0019952623149688807 0.8137032483807682
39810717.055349775 0.001584893192461114 0.8745616324166444
39810717.055349775 0.0012589254117941675 0.9366889832124635
39810717.055349775 0.001 1.0
50118723.36272725 1.0 0.0
50118723.36272725 0.7943282347242815 0.0004625888736930231
50118723.36272725 0.6309573444801932 0.001787471175792175
50118723.36272725 0.5011872336272722 0.004127819105998153
50118723.36272725 0.3981071705534972 0.007801476290028402
50118723.36272725 0.31622776601683794 0.013199470354545901
50118723.36272725 0.251188643150958 0.02072617208093853
50118723.36272725 0.19952623149688797 0.030751448444946247
50118723.36272725 0.15848931924611137 0.04357653629135847
50118723.36272725 0.12589254117941676 0.059417007418399295
50118723.36272725 0.10000000000000002 0.07840156218153028
50118723.36272725 0.07943282347242818 0.10058155549632583
50118723.36272725 0.06309573444801933 0.1259455792387987
50118723.36272725 0.05011872336272722 0.15443489980746028
50118723.36272725 0.039810717055349734 0.18595734894065596
50118723.36272725 0.03162277660168379 0.22039872402928784
50118723.36272725 0.025118864315095808 0.2576315329179697
50118723.36272725 0.0199526231496888 0.2975214152554617
50118723.36272725 0.015848931924611134 0.3399316511940571
50118723.36272725 0.012589254117941675 0.3847262357924305
50118723.36272725 0.01 0.43177186262304
50118723.36272725 0.00794328234724282 0.4809391563008333
50118723.36272725 0.006309573444801936 0.5321033792817887
50118723.36272725 0.005011872336272725 0.5851447881158065
50118723.36272725 0.003981071705534973 0.639948772234406
50118723.36272725 0.0031622776601683794 0.6964058578023206
50118723.36272725 0.0025118864315095794 0.7544115861349785
50118723.36272725 0.0019952623149688807 0.8138663931111989
50118723.36272725 0.001584893192461114 0.874675459660125
50118723.36272725 0.0012589254117941675 0.9367485755545543
50118723.36272725 0.001 1.0
63095734.44801943 1.0 0.0
63095734.44801943 0.7943282347242815 0.00046815947956991606
63095734.44801943 0.6309573444801932 0.0018052371087993366
63095734.44801943 0.5011872336272722 0.004163773112842628
