src/nupyprop/models/ixc_neutrino_bsm.ecsv
# %ECSV 1.0
# ---
# datatype:
# - {name: energy, datatype: float64}
# - {name: y, datatype: float64}
# - {name: cc_cdf_bsm, datatype: float64}
# - {name: nc_cdf_bsm, datatype: float64}
# meta: !!omap
# - {Description: Neutrino-nucleon cross-section CDF values for BSM}
# - {energy: 'Neutrino energy, in GeV'}
# - {y: Inelasticity; y = (E_initial-E_final)/E_initial}
# - {cdf_bsm: Cross-section CDF values for bsm}
# - {nc_cdf_bsm: Cross-section NC CDF values for bsm}
# - {Note: 'The integrated cross-section CDF values should be integrated from y = 1, 10^(-0.1),...,10^(-3). This is a convention we chose
#     to adopt'}
# schema: astropy-2.0
energy y cc_cdf_bsm nc_cdf_bsm
[from data line 7073]
50118723.36272725 0.29999999999999993 0.697015661786136 0.0
50118723.36272725 0.29000000000000004 0.7071444464222385 0.0
50118723.36272725 0.28 0.7172736183275721 0.0
50118723.36272725 0.27 0.7274031668457117 0.0
50118723.36272725 0.26 0.737533081754129 0.0
50118723.36272725 0.25 0.7476633532409517 0.0
50118723.36272725 0.24 0.7577939718832568 0.0
50118723.36272725 0.22999999999999998 0.7679249286267809 0.0
50118723.36272725 0.21999999999999997 0.7780562147669355 0.0
50118723.36272725 0.20999999999999996 0.7881878219310295 0.0
50118723.36272725 0.19999999999999996 0.7983197420616068 0.0
50118723.36272725 0.18999999999999995 0.808451967400817 0.0
50118723.36272725 0.17999999999999994 0.8185844904757429 0.0
50118723.36272725 0.16999999999999993 0.828717304084615 0.0
50118723.36272725 0.16000000000000003 0.8388504012838501 0.0
50118723.36272725 0.15000000000000002 0.8489837753758558 0.0
50118723.36272725 0.14 0.8591174198975449 0.0
50118723.36272725 0.13 0.8692513286095143 0.0
50118723.36272725 0.12 0.8793854954858404 0.0
50118723.36272725 0.10999999999999999 0.8895199147044496 0.0
50118723.36272725 0.09999999999999998 0.8996545806380254 0.0
50118723.36272725 0.08999999999999997 0.9097894878454181 0.0
50118723.36272725 0.07999999999999996 0.9199246310635218 0.0
50118723.36272725 0.06999999999999995 0.9300600051995904 0.0
50118723.36272725 0.05999999999999994 0.9401956053239632 0.0
50118723.36272725 0.04999999999999993 0.9503314266631748 0.0
50118723.36272725 0.040000000000000036 0.9604674645934257 0.0
50118723.36272725 0.030000000000000027 0.9706037146343898 0.0
50118723.36272725 0.020000000000000018 0.9807401724433391 0.0
50118723.36272725 0.01 0.9908768338095663 0.0
50118723.36272725 0.009540954763499945 0.9913421572555526 0.0
50118723.36272725 0.009102981779915217 0.9917861206418491 0.0
50118723.36272725 0.008685113737513529 0.9922097044563932 0.0
50118723.36272725 0.008286427728546842 0.9926138441815104 0.0
50118723.36272725 0.0079060432109077 0.9929994323595811 0.0
50118723.36272725 0.007543120063354615 0.9933673205639106 0.0
50118723.36272725 0.0071968567300115215 0.993718321279153 0.0
50118723.36272725 0.006866488450042998 0.9940532096954368 0.0
50118723.36272725 0.006551285568595509 0.9943727254201513 0.0
50118723.36272725 0.006250551925273976 0.9946775741111754 0.0
50118723.36272725 0.005963623316594642 0.9949684290351469 0.0
50118723.36272725 0.005689866029018299 0.9952459325542181 0.0
50118723.36272725 0.005428675439323859 0.995510697544575 0.0
50118723.36272725 0.005179474679231213 0.9957633087498529 0.0
50118723.36272725 0.004941713361323833 0.9960043240724351 0.0
50118723.36272725 0.004714866363457394 0.996234275805486 0.0
50118723.36272725 0.004498432668969444 0.9964536718084366 0.0
50118723.36272725 0.004291934260128779 0.9966629966285198 0.0
50118723.36272725 0.004094915062380427 0.9968627125708281 0.0
50118723.36272725 0.003906939937054617 0.99705326071926 0.0
50118723.36272725 0.0037275937203149418 0.9972350619106042 0.0
50118723.36272725 0.0035564803062231283 0.9974085176639161 0.0
50118723.36272725 0.00339322177189533 0.9975740110672379 0.0
50118723.36272725 0.0032374575428176433 0.997731907623616 0.0
50118723.36272725 0.0030888435964774815 0.9978825560582902 0.0
50118723.36272725 0.0029470517025518097 0.9980262890888306 0.0
50118723.36272725 0.002811768697974231 0.9981634241599266 0.0
50118723.36272725 0.002682695795279727 0.9982942641444484 0.0
50118723.36272725 0.002559547922699536 0.9984190980123302 0.0
50118723.36272725 0.0024420530945486523 0.9985382014687502 0.0
50118723.36272725 0.002329951810515372 0.9986518375630191 0.0
50118723.36272725 0.0022229964825261957 0.9987602572695194 0.0
50118723.36272725 0.0021209508879201904 0.9988637000419782 0.0
50118723.36272725 0.0020235896477251575 0.9989623943422999 0.0
50118723.36272725 0.0019306977288832496 0.999056558145123 0.0
50118723.36272725 0.0018420699693267163 0.9991463994192182 0.0
50118723.36272725 0.001757510624854793 0.9992321165867893 0.0
50118723.36272725 0.0016768329368110084 0.9993138989616909 0.0
50118723.36272725 0.001599858719606059 0.9993919271675309 0.0
50118723.36272725 0.0015264179671752333 0.9994663735365829 0.0
50118723.36272725 0.0014563484775012444 0.999537402490385 0.0
50118723.36272725 0.0013894954943731374 0.9996051709028709 0.0
50118723.36272725 0.0013257113655901094 0.9996698284468306 0.0
50118723.36272725 0.0012648552168552957 0.9997315179244682 0.0
50118723.36272725 0.0012067926406393288 0.9997903755827869 0.0
50118723.36272725 0.0011513953993264481 0.9998465314144958 0.0
50118723.36272725 0.0010985411419875584 0.9999001094451054 0.0
50118723.36272725 0.0010481131341546852 0.9999512280068439 0.0
50118723.36272725 0.001 1.0 0.0
63095734.44801943 1.0 0.0 0.0
63095734.44801943 0.99 0.004468720245772939 0.0
63095734.44801943 0.98 0.013569551435547833 0.0
63095734.44801943 0.97 0.02309881356376653 0.0
63095734.44801943 0.96 0.03280200657655585 0.0
63095734.44801943 0.95 0.042600937848650045 0.0
63095734.44801943 0.94 0.05246074452489158 0.0
63095734.44801943 0.9299999999999999 0.06236275554061477 0.0
63095734.44801943 0.92 0.07229577724448699 0.0
63095734.44801943 0.91 0.0822525603305112 0.0
63095734.44801943 0.9 0.09222813733966961 0.0
63095734.44801943 0.89 0.10221895413239745 0.0
63095734.44801943 0.88 0.11222237932299095 0.0
63095734.44801943 0.87 0.12223640984995388 0.0
63095734.44801943 0.86 0.13225948544110677 0.0
63095734.44801943 0.85 0.14229036692386487 0.0
63095734.44801943 0.84 0.15232805369061386 0.0
63095734.44801943 0.83 0.1623717261027774 0.0
63095734.44801943 0.8200000000000001 0.1724207042997763 0.0
63095734.44801943 0.81 0.18247441810433873 0.0
63095734.44801943 0.8 0.19253238461835076 0.0
63095734.44801943 0.79 0.20259419126431233 0.0
63095734.44801943 0.78 0.21265948275689905 0.0
63095734.44801943 0.77 0.2227279509595963 0.0
63095734.44801943 0.76 0.23279932689193827 0.0
63095734.44801943 0.75 0.24287337436223277 0.0
63095734.44801943 0.74 0.25294988484444314 0.0
63095734.44801943 0.73 0.2630286733183743 0.0
63095734.44801943 0.72 0.27310957486361653 0.0
63095734.44801943 0.71 0.2831924418490339 0.0
63095734.44801943 0.7 0.29327714159702956 0.0
63095734.44801943 0.69 0.3033635544294645 0.0
63095734.44801943 0.6799999999999999 0.3134515720227462 0.0
63095734.44801943 0.6699999999999999 0.3235410960151759 0.0
63095734.44801943 0.6599999999999999 0.33363203682150233 0.0
63095734.44801943 0.6499999999999999 0.3437243126187495 0.0
63095734.44801943 0.64 0.3538178484744505 0.0
63095734.44801943 0.63 0.36391257559394563 0.0
63095734.44801943 0.62 0.3740084306677428 0.0
63095734.44801943 0.61 0.3841053553033923 0.0
63095734.44801943 0.6 0.3942032955290701 0.0
63095734.44801943 0.59 0.4043022013582749 0.0
63095734.44801943 0.5800000000000001 0.414402026406826 0.0
63095734.44801943 0.5700000000000001 0.42450272755479845 0.0
63095734.44801943 0.56 0.43460426464721025 0.0
63095734.44801943 0.55 0.4447066002282527 0.0
63095734.44801943 0.54 0.4548096993046499 0.0
63095734.44801943 0.53 0.46491352913439776 0.0
63095734.44801943 0.52 0.4750180590376857 0.0
63095734.44801943 0.51 0.48512326022726127 0.0
63095734.44801943 0.5 0.49522910565588907 0.0
63095734.44801943 0.49 0.505335569878875 0.0
63095734.44801943 0.48 0.5154426289299063 0.0
63095734.44801943 0.47 0.5255502602086892 0.0
63095734.44801943 0.45999999999999996 0.5356584423790622 0.0
63095734.44801943 0.44999999999999996 0.5457671552764368 0.0
63095734.44801943 0.43999999999999995 0.5558763798235566 0.0
63095734.44801943 0.42999999999999994 0.5659860979536964 0.0
63095734.44801943 0.42000000000000004 0.5760962925405231 0.0
63095734.44801943 0.41000000000000003 0.5862069473339411 0.0
63095734.44801943 0.4 0.5963180469013145 0.0
63095734.44801943 0.39 0.6064295765735381 0.0
63095734.44801943 0.38 0.6165415223954844 0.0
63095734.44801943 0.37 0.6266538710804053 0.0
63095734.44801943 0.36 0.6367666099679176 0.0
63095734.44801943 0.35 0.6468797269852395 0.0
63095734.44801943 0.33999999999999997 0.6569932106113792 0.0
63095734.44801943 0.32999999999999996 0.6671070498440114 0.0
63095734.44801943 0.31999999999999995 0.6772212341688028 0.0
63095734.44801943 0.30999999999999994 0.687335753530972 0.0
63095734.44801943 0.29999999999999993 0.6974505983088919 0.0
63095734.44801943 0.29000000000000004 0.7075657592895601 0.0
63095734.44801943 0.28 0.7176812276457835 0.0
63095734.44801943 0.27 0.7277969949149299 0.0
63095734.44801943 0.26 0.7379130529791262 0.0
63095734.44801943 0.25 0.7480293940467815 0.0
63095734.44801943 0.24 0.7581460106353308 0.0
63095734.44801943 0.22999999999999998 0.768262895555107 0.0
63095734.44801943 0.21999999999999997 0.778380041894249 0.0
63095734.44801943 0.20999999999999996 0.7884974430045718 0.0
63095734.44801943 0.19999999999999996 0.7986150924883217 0.0
63095734.44801943 0.18999999999999995 0.8087329841857545 0.0
63095734.44801943 0.17999999999999994 0.8188511121634731 0.0
63095734.44801943 0.16999999999999993 0.8289694707034718 0.0
63095734.44801943 0.16000000000000003 0.8390880542928352 0.0
63095734.44801943 0.15000000000000002 0.8492068576140459 0.0
63095734.44801943 0.14 0.8593258755358573 0.0
63095734.44801943 0.13 0.8694451031046936 0.0
63095734.44801943 0.12 0.8795645355365416 0.0
63095734.44801943 0.10999999999999999 0.8896841682092979 0.0
63095734.44801943 0.09999999999999998 0.8998039966555441 0.0
63095734.44801943 0.08999999999999997 0.9099240165557211 0.0
63095734.44801943 0.07999999999999996 0.9200442237316742 0.0
63095734.44801943 0.06999999999999995 0.930164614140548 0.0
63095734.44801943 0.05999999999999994 0.940285183869007 0.0
63095734.44801943 0.04999999999999993 0.9504059291277609 0.0
63095734.44801943 0.040000000000000036 0.9605268462463773 0.0
63095734.44801943 0.030000000000000027 0.9706479316683614 0.0
63095734.44801943 0.020000000000000018 0.9807691819464888 0.0
63095734.44801943 0.01 0.990890593738374 0.0
63095734.44801943 0.009540954763499945 0.9913552161613468 0.0
63095734.44801943 0.009102981779915217 0.9917985106239049 0.0
63095734.44801943 0.008685113737513529 0.9922214561478011 0.0
63095734.44801943 0.008286427728546842 0.9926249868158162 0.0
63095734.44801943 0.0079060432109077 0.9930099938344266 0.0
63095734.44801943 0.007543120063354615 0.9933773275018092 0.0
63095734.44801943 0.0071968567300115215 0.9937277990855247 0.0
63095734.44801943 0.006866488450042998 0.9940621826140245 0.0
63095734.44801943 0.006551285568595509 0.9943812165859359 0.0
63095734.44801943 0.006250551925273976 0.9946856056008974 0.0
63095734.44801943 0.005963623316594642 0.9949760219155445 0.0
63095734.44801943 0.005689866029018299 0.9952531069280811 0.0
63095734.44801943 0.005428675439323859 0.9955174725947135 0.0
63095734.44801943 0.005179474679231213 0.995769702781072 0.0
63095734.44801943 0.004941713361323833 0.9960103545516072 0.0
63095734.44801943 0.004714866363457394 0.9962399593998038 0.0
63095734.44801943 0.004498432668969444 0.9964590244219302 0.0
63095734.44801943 0.004291934260128779 0.9966680334369139 0.0
63095734.44801943 0.004094915062380427 0.9968674480548161 0.0
63095734.44801943 0.003906939937054617 0.9970577086962634 0.0
63095734.44801943 0.0037275937203149418 0.9972392355650891 0.0
63095734.44801943 0.0035564803062231283 0.997412429576329 0.0
63095734.44801943 0.00339322177189533 0.9975776732416235 0.0
63095734.44801943 0.0032374575428176433 0.9977353315139785 0.0
63095734.44801943 0.0030888435964774815 0.9978857525937519 0.0
63095734.44801943 0.0029470517025518097 0.9980292686976449 0.0
63095734.44801943 0.002811768697974231 0.998166196792395 0.0
63095734.44801943 0.002682695795279727 0.9982968392947937 0.0
63095734.44801943 0.002559547922699536 0.9984214847395703 0.0
63095734.44801943 0.0024420530945486523 0.9985404084166202 0.0
63095734.44801943 0.002329951810515372 0.9986538729789834 0.0
63095734.44801943 0.0022229964825261957 0.998762129022916 0.0
63095734.44801943 0.0021209508879201904 0.998865415641334 0.0
63095734.44801943 0.0020235896477251575 0.9989639609518554 0.0
63095734.44801943 0.0019306977288832496 0.9990579826006013 0.0
63095734.44801943 0.0018420699693267163 0.9991476882428739 0.0
63095734.44801943 0.001757510624854793 0.999233276001769 0.0
63095734.44801943 0.0016768329368110084 0.9993149349057371 0.0
63095734.44801943 0.001599858719606059 0.9993928453060598 0.0
63095734.44801943 0.0015264179671752333 0.999467179275163 0.0
63095734.44801943 0.0014563484775012444 0.9995381009866462 0.0
63095734.44801943 0.0013894954943731374 0.9996057670778672 0.0
63095734.44801943 0.0013257113655901094 0.9996703269958839 0.0
63095734.44801943 0.0012648552168552957 0.9997319233275154 0.0
63095734.44801943 0.0012067926406393288 0.9997906921142533 0.0
63095734.44801943 0.0011513953993264481 0.999846763152717 0.0
63095734.44801943 0.0010985411419875584 0.9999002602813172 0.0
63095734.44801943 0.0010481131341546852 0.9999513016537604 0.0
63095734.44801943 0.001 1.0 0.0
79432823.47242822 1.0 0.0 0.0
79432823.47242822 0.99 0.004596338508861542 0.0
79432823.47242822 0.98 0.013876442604183525 0.0
79432823.47242822 0.97 0.02350962120925948 0.0
79432823.47242822 0.96 0.03328386324648003 0.0
79432823.47242822 0.95 0.043135276314941295 0.0
79432823.47242822 0.94 0.05303559051396711 0.0
79432823.47242822 0.9299999999999999 0.06296973271389095 0.0
79432823.47242822 0.92 0.07292869251691814 0.0
79432823.47242822 0.91 0.08290664659926017 0.0
79432823.47242822 0.9 0.09289961081465192 0.0
79432823.47242822 0.89 0.10290473801321476 0.0
79432823.47242822 0.88 0.11291992228940617 0.0
79432823.47242822 0.87 0.1229435618642184 0.0
79432823.47242822 0.86 0.13297440987310605 0.0
79432823.47242822 0.85 0.14301147661282487 0.0
79432823.47242822 0.84 0.15305396330608256 0.0
79432823.47242822 0.83 0.1631012159184263 0.0
79432823.47242822 0.8200000000000001 0.17315269215319273 0.0
79432823.47242822 0.81 0.18320793735284047 0.0
79432823.47242822 0.8 0.19326656656857333 0.0
79432823.47242822 0.79 0.20332825099489227 0.0
79432823.47242822 0.78 0.21339270755253603 0.0
79432823.47242822 0.77 0.22345969078146033 0.0
79432823.47242822 0.76 0.2335289864549872 0.0
79432823.47242822 0.75 0.24360040649431658 0.0
79432823.47242822 0.74 0.2536737848779671 0.0
79432823.47242822 0.73 0.2637489743212854 0.0
79432823.47242822 0.72 0.27382584355831674 0.0
79432823.47242822 0.71 0.28390427509946525 0.0
79432823.47242822 0.7 0.29398416336835476 0.0
79432823.47242822 0.69 0.3040654131434374 0.0
79432823.47242822 0.6799999999999999 0.31414793824641374 0.0
79432823.47242822 0.6699999999999999 0.32423166043198837 0.0
79432823.47242822 0.6599999999999999 0.33431650844296923 0.0
79432823.47242822 0.6499999999999999 0.34440241720201126 0.0
79432823.47242822 0.64 0.3544893271169536 0.0
79432823.47242822 0.63 0.3645771834811141 0.0
79432823.47242822 0.62 0.3746659359533746 0.0
79432823.47242822 0.61 0.3847555381056481 0.0
79432823.47242822 0.6 0.3948459470275103 0.0
79432823.47242822 0.59 0.4049371229795422 0.0
79432823.47242822 0.5800000000000001 0.4150290290883555 0.0
79432823.47242822 0.5700000000000001 0.42512163107742595 0.0
79432823.47242822 0.56 0.435214897028804 0.0
79432823.47242822 0.55 0.4453087971715489 0.0
79432823.47242822 0.54 0.45540330369336623 0.0
79432823.47242822 0.53 0.46549839057246223 0.0
79432823.47242822 0.52 0.47559403342706397 0.0
79432823.47242822 0.51 0.48569020938042473 0.0
79432823.47242822 0.5 0.4957868969394401 0.0
79432823.47242822 0.49 0.5058840758852614 0.0
79432823.47242822 0.48 0.5159817271745091 0.0
79432823.47242822 0.47 0.5260798328498799 0.0
79432823.47242822 0.45999999999999996 0.536178375959092 0.0
79432823.47242822 0.44999999999999996 0.5462773404812546 0.0
79432823.47242822 0.43999999999999995 0.5563767112598605 0.0
79432823.47242822 0.42999999999999994 0.566476473941697 0.0
79432823.47242822 0.42000000000000004 0.5765766149210612 0.0
79432823.47242822 0.41000000000000003 0.5866771212887361 0.0
79432823.47242822 0.4 0.5967779807852454 0.0
