src/nupyprop/models/ixc_tau_pn_ckmt_rock.ecsv
# %ECSV 1.0
# ---
# datatype:
# - {name: energy, datatype: float64}
# - {name: y, datatype: float64}
# - {name: cdf_pn_ckmt, datatype: float64}
# meta: !!omap
# - {Description: Tau-nucleon cross-section CDF values for PN_CKMT in rock}
# - {energy: 'Tau energy, in GeV'}
# - {y: Inelasticity; y = (E_initial-E_final)/E_initial}
# - {cdf: Cross-section CDF values for PN_CKMT in rock}
# - {Note: 'The integrated cross-section CDF values should be integrated from y = 1, 10^(-0.1),...,10^(-3). This is a convention we chose
#     to adopt'}
# schema: astropy-2.0
energy y cdf_pn_ckmt
[from data line 2421]
63095734.44801943 0.5011872336272722 0.0038273338592356952
63095734.44801943 0.3981071705534972 0.007768564546173851
63095734.44801943 0.31622776601683794 0.013671702496775228
63095734.44801943 0.251188643150958 0.021861284126510883
63095734.44801943 0.19952623149688797 0.03258754187255427
63095734.44801943 0.15848931924611137 0.0460353911294954
63095734.44801943 0.12589254117941676 0.062335554372656116
63095734.44801943 0.10000000000000002 0.08157083628920282
63095734.44801943 0.07943282347242818 0.10378010457482581
63095734.44801943 0.06309573444801933 0.1289630029576438
63095734.44801943 0.05011872336272722 0.15708626622055524
63095734.44801943 0.039810717055349734 0.1880908826185987
63095734.44801943 0.03162277660168379 0.22189911310501417
63095734.44801943 0.025118864315095808 0.25842065535608094
63095734.44801943 0.0199526231496888 0.29755763784890377
63095734.44801943 0.015848931924611134 0.33920842025297504
63095734.44801943 0.012589254117941675 0.38327033723211446
63095734.44801943 0.01 0.4296415837483293
63095734.44801943 0.00794328234724282 0.47822244260855085
63095734.44801943 0.006309573444801936 0.5289160310926523
63095734.44801943 0.005011872336272725 0.5816287094800893
63095734.44801943 0.003981071705534973 0.6362702621398484
63095734.44801943 0.0031622776601683794 0.692753946483893
63095734.44801943 0.0025118864315095794 0.7509964204017235
63095734.44801943 0.0019952623149688807 0.8109176420964054
63095734.44801943 0.001584893192461114 0.8724407181171662
63095734.44801943 0.0012589254117941675 0.9354918140318035
63095734.44801943 0.001 1.0
79432823.47242822 1.0 0.0
79432823.47242822 0.7943282347242815 0.0003099224792273599
79432823.47242822 0.6309573444801932 0.0015050610687269749
79432823.47242822 0.5011872336272722 0.003923892563567315
79432823.47242822 0.3981071705534972 0.007950569743258671
79432823.47242822 0.31622776601683794 0.013966550544303433
79432823.47242822 0.251188643150958 0.022291820179769224
79432823.47242822 0.19952623149688797 0.03316955513975214
79432823.47242822 0.15848931924611137 0.046776681612389175
79432823.47242822 0.12589254117941676 0.06323622319268522
79432823.47242822 0.10000000000000002 0.08262428931499106
79432823.47242822 0.07943282347242818 0.10497435838822985
79432823.47242822 0.06309573444801933 0.1302820009947762
79432823.47242822 0.05011872336272722 0.1585110638637686
79432823.47242822 0.039810717055349734 0.18960062637509337
79432823.47242822 0.03162277660168379 0.22347180936680866
79432823.47242822 0.025118864315095808 0.2600337491524784
79432823.47242822 0.0199526231496888 0.2991884330819565
79432823.47242822 0.015848931924611134 0.34083437553765156
79432823.47242822 0.012589254117941675 0.38486926703198104
79432823.47242822 0.01 0.43119178939619296
79432823.47242822 0.00794328234724282 0.4797027921871964
79432823.47242822 0.006309573444801936 0.5303060024639499
79432823.47242822 0.005011872336272725 0.5829084075095018
79432823.47242822 0.003981071705534973 0.6374204261464385
79432823.47242822 0.0031622776601683794 0.6937559183195559
79432823.47242822 0.0025118864315095794 0.7518321185128639
79432823.47242822 0.0019952623149688807 0.811569523978696
79432823.47242822 0.001584893192461114 0.8728917534877532
79432823.47242822 0.0012589254117941675 0.935725422418147
79432823.47242822 0.001 1.0
100000000.0 1.0 0.0
100000000.0 0.7943282347242815 0.0003187103232513939
100000000.0 0.6309573444801932 0.0015454435266486833
100000000.0 0.5011872336272722 0.004022561475785764
100000000.0 0.3981071705534972 0.00813625332197735
100000000.0 0.31622776601683794 0.014266896670419556
100000000.0 0.251188643150958 0.022729766286732834
100000000.0 0.19952623149688797 0.03376084035551335
100000000.0 0.15848931924611137 0.047528952607005785
100000000.0 0.12589254117941676 0.06414936427193843
100000000.0 0.10000000000000002 0.0836914567677548
100000000.0 0.07943282347242818 0.10618330775810739
100000000.0 0.06309573444801933 0.13161641537573918
100000000.0 0.05011872336272722 0.15995174486500544
100000000.0 0.039810717055349734 0.19112647792408738
100000000.0 0.03162277660168379 0.22506060859999508
100000000.0 0.025118864315095808 0.26166272585923167
100000000.0 0.0199526231496888 0.3008346905234719
100000000.0 0.015848931924611134 0.3424751867546349
100000000.0 0.012589254117941675 0.3864822765484252
100000000.0 0.01 0.4327551449221638
100000000.0 0.00794328234724282 0.48119522540186543
100000000.0 0.006309573444801936 0.5317068735499342
100000000.0 0.005011872336272725 0.5841977292825221
100000000.0 0.003981071705534973 0.6385788538121421
100000000.0 0.0031622776601683794 0.6947647356695066
100000000.0 0.0025118864315095794 0.752673215859952
100000000.0 0.0019952623149688807 0.812225366458445
100000000.0 0.001584893192461114 0.8733453486033708
100000000.0 0.0012589254117941675 0.9359602526272394
100000000.0 0.001 1.0
125892541.17941661 1.0 0.0
125892541.17941661 0.7943282347242815 0.00032771813900334086
125892541.17941661 0.6309573444801932 0.0015867715959977798
125892541.17941661 0.5011872336272722 0.004123376937442409
125892541.17941661 0.3981071705534972 0.008325672952756363
125892541.17941661 0.31622776601683794 0.014572819744247373
125892541.17941661 0.251188643150958 0.02317522104417657
125892541.17941661 0.19952623149688797 0.034361514087247816
125892541.17941661 0.15848931924611137 0.04829233744114819
125892541.17941661 0.12589254117941676 0.06507512736185903
125892541.17941661 0.10000000000000002 0.0847725135409802
125892541.17941661 0.07943282347242818 0.10740714586616429
125892541.17941661 0.06309573444801933 0.13296645843450128
125892541.17941661 0.05011872336272722 0.16140854247469952
125892541.17941661 0.039810717055349734 0.19266869330715422
125892541.17941661 0.03162277660168379 0.22666579091862496
125892541.17941661 0.025118864315095808 0.2633078904534833
125892541.17941661 0.0199526231496888 0.30249674016410677
125892541.17941661 0.015848931924611134 0.3441312082956157
125892541.17941661 0.012589254117941675 0.3881097429964425
125892541.17941661 0.01 0.43433204764270716
125892541.17941661 0.00794328234724282 0.4827001558335448
125892541.17941661 0.006309573444801936 0.533119072029813
125892541.17941661 0.005011872336272725 0.5854970983906175
125892541.17941661 0.003981071705534973 0.6397459592865166
125892541.17941661 0.0031622776601683794 0.6957807952871126
125892541.17941661 0.0025118864315095794 0.7535200771003849
125892541.17941661 0.0019952623149688807 0.8128854767891865
125892541.17941661 0.001584893192461114 0.8738017206423437
125892541.17941661 0.0012589254117941675 0.9361964341869373
125892541.17941661 0.001 1.0
158489319.24611175 1.0 0.0
158489319.24611175 0.7943282347242815 0.00033695037774517436
158489319.24611175 0.6309573444801932 0.0016290628126754986
158489319.24611175 0.5011872336272722 0.004226375055374504
158489319.24611175 0.3981071705534972 0.008518885585158703
158489319.24611175 0.31622776601683794 0.014884397172879702
158489319.24611175 0.251188643150958 0.02362828036927171
158489319.24611175 0.19952623149688797 0.03497168863007501
158489319.24611175 0.15848931924611137 0.04906696322970045
158489319.24611175 0.12589254117941676 0.06601365372880823
158489319.24611175 0.10000000000000002 0.08586760101689604
158489319.24611175 0.07943282347242818 0.10864602908082326
158489319.24611175 0.06309573444801933 0.13433230276116329
158489319.24611175 0.05011872336272722 0.16288164718492149
158489319.24611175 0.039810717055349734 0.1942274823108182
158489319.24611175 0.03162277660168379 0.22828758659106424
158489319.24611175 0.025118864315095808 0.26496949449339163
158489319.24611175 0.0199526231496888 0.3041748551469244
158489319.24611175 0.015848931924611134 0.345802734480709
158489319.24611175 0.012589254117941675 0.3897519806675395
158489319.24611175 0.01 0.4359228297767943
158489319.24611175 0.00794328234724282 0.48421793244561484
158489319.24611175 0.006309573444801936 0.5345429523834888
158489319.24611175 0.005011872336272725 0.5868068711509208
158489319.24611175 0.003981071705534973 0.6409220952652174
158489319.24611175 0.0031622776601683794 0.6968044362686754
158489319.24611175 0.0025118864315095794 0.7543730152936556
158489319.24611175 0.0019952623149688807 0.8135501272816582
158489319.24611175 0.001584893192461114 0.8742610883665776
158489319.24611175 0.0012589254117941675 0.9364340815129952
158489319.24611175 0.001 1.0
199526231.49688828 1.0 0.0
199526231.49688828 0.7943282347242815 0.00034641153586947496
199526231.49688828 0.6309573444801932 0.0016723348169750067
199526231.49688828 0.5011872336272722 0.004331592003231106
199526231.49688828 0.3981071705534972 0.008715947995413606
199526231.49688828 0.31622776601683794 0.015201705702847484
199526231.49688828 0.251188643150958 0.02408903896420641
199526231.49688828 0.19952623149688797 0.03559147518727587
199526231.49688828 0.15848931924611137 0.04985295519886036
199526231.49688828 0.12589254117941676 0.06696508193665908
199526231.49688828 0.10000000000000002 0.08697686610674422
199526231.49688828 0.07943282347242818 0.10990011837199722
199526231.49688828 0.06309573444801933 0.13571412480920164
199526231.49688828 0.05011872336272722 0.1643712524239098
199526231.49688828 0.039810717055349734 0.195803056816404
199526231.49688828 0.03162277660168379 0.22992622728460935
199526231.49688828 0.025118864315095808 0.26664779041537207
199526231.49688828 0.0199526231496888 0.3058693092219865
199526231.49688828 0.015848931924611134 0.3474899393280412
199526231.49688828 0.012589254117941675 0.39140918425919946
199526231.49688828 0.01 0.43752770649187056
199526231.49688828 0.00794328234724282 0.48574878433333385
199526231.49688828 0.006309573444801936 0.535978755469576
199526231.49688828 0.005011872336272725 0.5881272967846412
199526231.49688828 0.003981071705534973 0.6421075128781789
199526231.49688828 0.0031622776601683794 0.6978359033898831
199526231.49688828 0.0025118864315095794 0.7552322584863034
199526231.49688828 0.0019952623149688807 0.8142195164070963
199526231.49688828 0.001584893192461114 0.8747236057377225
199526231.49688828 0.0012589254117941675 0.9366732868602843
199526231.49688828 0.001 1.0
251188643.1509582 1.0 0.0
251188643.1509582 0.7943282347242815 0.0003561059406069074
251188643.1509582 0.6309573444801932 0.0017166043161947384
251188643.1509582 0.5011872336272722 0.004439061346068356
251188643.1509582 0.3981071705534972 0.00891691141901182
251188643.1509582 0.31622776601683794 0.015524812223319206
251188643.1509582 0.251188643150958 0.024557575690865134
251188643.1509582 0.19952623149688797 0.03622095913924257
251188643.1509582 0.15848931924611137 0.05065040332697406
251188643.1509582 0.12589254117941676 0.06792950400812975
251188643.1509582 0.10000000000000002 0.08810043518501594
251188643.1509582 0.07943282347242818 0.11116953957019371
251188643.1509582 0.06309573444801933 0.13711204939631755
251188643.1509582 0.05011872336272722 0.1658774818113742
251188643.1509582 0.039810717055349734 0.19739553913677008
251188643.1509582 0.03162277660168379 0.23158183379614486
251188643.1509582 0.025118864315095808 0.2683428971869261
251188643.1509582 0.0199526231496888 0.30758021889503573
251188643.1509582 0.015848931924611134 0.34919329891019935
251188643.1509582 0.012589254117941675 0.3930818254554326
251188643.1509582 0.01 0.4391471403277548
251188643.1509582 0.00794328234724282 0.4872931626812315
251188643.1509582 0.006309573444801936 0.5374269181106897
251188643.1509582 0.005011872336272725 0.5894587927020556
251188643.1509582 0.003981071705534973 0.643302603795346
251188643.1509582 0.0031622776601683794 0.6988755547497556
251188643.1509582 0.0025118864315095794 0.7560981216076508
251188643.1509582 0.0019952623149688807 0.814893904255389
251188643.1509582 0.001584893192461114 0.8751894638982601
251188643.1509582 0.0012589254117941675 0.9369141607025053
251188643.1509582 0.001 1.0
316227766.01683795 1.0 0.0
316227766.01683795 0.7943282347242815 0.00036603820681290286
316227766.01683795 0.6309573444801932 0.001761889294495568
316227766.01683795 0.5011872336272722 0.004548819761209206
316227766.01683795 0.3981071705534972 0.009121833121239428
316227766.01683795 0.31622776601683794 0.01585379388198425
316227766.01683795 0.251188643150958 0.025033985507566033
316227766.01683795 0.19952623149688797 0.036860251769021565
316227766.01683795 0.15848931924611137 0.05145943305667668
316227766.01683795 0.12589254117941676 0.06890705895683052
316227766.01683795 0.10000000000000002 0.08923841516314515
316227766.01683795 0.07943282347242818 0.11245441489562892
316227766.01683795 0.06309573444801933 0.13852621573292792
316227766.01683795 0.05011872336272722 0.16740049345974833
316227766.01683795 0.039810717055349734 0.19900510834555823
316227766.01683795 0.03162277660168379 0.23325460813450885
316227766.01683795 0.025118864315095808 0.27005504145830134
316227766.01683795 0.0199526231496888 0.30930783682571317
316227766.01683795 0.015848931924611134 0.3509127303287833
316227766.01683795 0.012589254117941675 0.3947698478554697
316227766.01683795 0.01 0.4407811016869477
316227766.01683795 0.00794328234724282 0.48885106441003484
316227766.01683795 0.006309573444801936 0.5388874619795982
316227766.01683795 0.005011872336272725 0.590801402590335
316227766.01683795 0.003981071705534973 0.6445074297927702
316227766.01683795 0.0031622776601683794 0.6999234649487941
316227766.01683795 0.0025118864315095794 0.7569706852455055
316227766.01683795 0.0019952623149688807 0.8155733687339614
316227766.01683795 0.001584893192461114 0.8756587272702441
316227766.01683795 0.0012589254117941675 0.9371567406706696
316227766.01683795 0.001 1.0
398107170.5534969 1.0 0.0
398107170.5534969 0.7943282347242815 0.0003762127591335428
398107170.5534969 0.6309573444801932 0.0018082067149165577
398107170.5534969 0.5011872336272722 0.004660901082550768
398107170.5534969 0.3981071705534972 0.00933076447890437
398107170.5534969 0.31622776601683794 0.016188717433564707
398107170.5534969 0.251188643150958 0.025518346692573263
398107170.5534969 0.19952623149688797 0.03750943789056602
398107170.5534969 0.15848931924611137 0.052280133446882246
398107170.5534969 0.12589254117941676 0.0698978378428107
398107170.5534969 0.10000000000000002 0.09039093662871947
398107170.5534969 0.07943282347242818 0.11375487497311296
398107170.5534969 0.06309573444801933 0.13995675438947616
398107170.5534969 0.05011872336272722 0.1689404181729991
398107170.5534969 0.039810717055349734 0.20063189583795327
398107170.5534969 0.03162277660168379 0.2349446826854452
398107170.5534969 0.025118864315095808 0.2717843569057732
398107170.5534969 0.0199526231496888 0.3110522983910326
398107170.5534969 0.015848931924611134 0.3526484905230058
398107170.5534969 0.012589254117941675 0.396473508609861
398107170.5534969 0.01 0.4424298472244015
398107170.5534969 0.00794328234724282 0.49042274399260655
398107170.5534969 0.006309573444801936 0.540360637004926
398107170.5534969 0.005011872336272725 0.5921553686415538
398107170.5534969 0.003981071705534973 0.6457222212070737
398107170.5534969 0.0031622776601683794 0.700979847221803
398107170.5534969 0.0025118864315095794 0.7578501389923256
398107170.5534969 0.0019952623149688807 0.8162580677167535
398107170.5534969 0.001584893192461114 0.876131512142448
398107170.5534969 0.0012589254117941675 0.9374010895047962
398107170.5534969 0.001 1.0
501187233.6272735 1.0 0.0
501187233.6272735 0.7943282347242815 0.00038663413402452955
501187233.6272735 0.6309573444801932 0.0018555739750056237
501187233.6272735 0.5011872336272722 0.004775340082316574
501187233.6272735 0.3981071705534972 0.009543758522204827
501187233.6272735 0.31622776601683794 0.016529652178187935
501187233.6272735 0.251188643150958 0.026010741528355794
501187233.6272735 0.19952623149688797 0.038168612389004083
501187233.6272735 0.15848931924611137 0.05311260623800901
501187233.6272735 0.12589254117941676 0.07090194764080861
501187233.6272735 0.10000000000000002 0.0915581013595737
501187233.6272735 0.07943282347242818 0.11507101442881955
