src/nupyprop/models/xc_anti_neutrino_ctw.ecsv
# %ECSV 1.0
# ---
# datatype:
# - {name: energy, datatype: float64}
# - {name: sigma_cc_ctw, datatype: float64}
# - {name: sigma_nc_ctw, datatype: float64}
# meta: !!omap
# - {Description: Anti_neutrino-nucleon cross-section values for CTW}
# - {energy: 'Anti_neutrino energy, in GeV'}
# - {sigma_cc: 'Charged current cross-section for CTW, in cm^2'}
# - {sigma_nc: 'Neutral current cross-section for CTW, in cm^2'}
# schema: astropy-2.0
energy sigma_cc_ctw sigma_nc_ctw
1000.0 1.941715198530368e-36 6.3670456943663565e-37
1258.9254117941675 2.742445921717763e-36 9.117365585442911e-37
1584.893192461114 3.794370458783253e-36 1.2778264947105142e-36
1995.2623149688789 5.153086818464354e-36 1.7565338616816748e-36
2511.88643150958 6.881611647117567e-36 2.372587648151715e-36
3162.2776601683795 9.050748979592565e-36 3.154078298974409e-36
3981.0717055349733 1.1739461522108034e-35 4.1326490203171535e-36
5011.872336272725 1.5035252167359047e-35 5.343689425307524e-36
6309.57344480193 1.9034562773747727e-35 6.826534424766305e-36
7943.282347242814 2.3843196482566622e-35 8.624671102484724e-36
10000.0 2.957676907889837e-35 1.0785956103324118e-35
12589.254117941662 3.636119417769834e-35 1.3362845833533987e-35
15848.93192461114 4.4333206368860203e-35 1.6412641546444746e-35
19952.62314968879 5.364092590115694e-35 1.9997751176730797e-35
25118.864315095823 6.444446803051687e-35 2.418596960105125e-35
31622.776601683792 7.691659980122215e-35 2.905077884630977e-35
39810.71705534969 9.1243446762791e-35 3.4671669640411904e-35
50118.72336272725 1.0762525194114662e-34 4.1134485603633937e-35
63095.7344480193 1.2627718927011924e-34 4.853179130972567e-35
79432.82347242821 1.4743023363777023e-34 5.696326540213214e-35
100000.0 1.7133208970194763e-34 6.653611992942173e-35
125892.54117941661 1.9824818167186483e-34 7.73655470622496e-35
158489.3192461114 2.284627063297719e-34 8.957519436932986e-35
199526.2314968883 2.6227975167220266e-34 1.0329766985926476e-34
251188.6431509582 3.0002448367868944e-34 1.1867507803677654e-34
316227.7660168379 3.4204440386227387e-34 1.358595882736422e-34
398107.1705534969 3.887106804177289e-34 1.5501403685510236e-34
501187.2336272725 4.404195559566492e-34 1.7631256413036732e-34
630957.3444801943 4.9759383500200785e-34 1.999412882697254e-34
794328.2347242822 5.606844546062472e-34 2.260990172103038e-34
1000000.0 6.301721416560713e-34 2.5499800045652103e-34
1258925.411794166 7.065691606322272e-34 2.8686472248972317e-34
1584893.1924611141 7.904211558041572e-34 3.2194073963365996e-34
1995262.3149688828 8.823090920565442e-34 3.6048356231852197e-34
2511886.4315095823 9.828512987677246e-34 4.027675847852984e-34
3162277.6601683795 1.0927056213892577e-33 4.4908506437549824e-34
3981071.7055349695 1.2125716856104551e-33 4.997471526570923e-34
5011872.336272725 1.3431932792339773e-33 5.550849807477069e-34
6309573.444801942 1.485360857136033e-33 6.154508013088014e-34
7943282.347242822 1.6399141749411757e-33 6.8121918980235845e-34
10000000.0 1.8077450573045676e-33 7.527883077215565e-34
12589254.117941687 1.9898003069656304e-33 8.305812306323645e-34
15848931.924611142 2.187084761017735e-33 9.150473439915924e-34
19952623.149688788 2.400664501127294e-33 1.0066638098405112e-33
25118864.315095823 2.631670224734106e-33 1.1059371076107523e-33
31622776.60168379 2.8813007845751702e-33 1.2134046524225365e-33
39810717.055349775 3.150826904191286e-33 1.3296364944018644e-33
50118723.36272725 3.441595077410252e-33 1.4552371026978467e-33
63095734.44801943 3.755031660138802e-33 1.590847238037972e-33
79432823.47242822 4.0926471631546405e-33 1.737145917824743e-33
100000000.0 4.456040754954622e-33 1.894852477946354e-33
125892541.17941713 4.846904984097873e-33 2.0647287356504e-33
158489319.2461111 5.267030730877456e-33 2.2475812580127605e-33
199526231.49688828 5.7183123985636896e-33 2.4442637407226986e-33
251188643.1509582 6.202753354887947e-33 2.6556795021021053e-33
316227766.01683795 6.722471634875276e-33 2.8827840974798654e-33
398107170.55349857 7.279705916591595e-33 3.126588059254621e-33
501187233.6272715 7.876821781846568e-33 3.388159768196711e-33
630957344.4801943 8.516318274381578e-33 3.668628461768412e-33
794328234.7242821 9.200834768585443e-33 3.969187385476592e-33
1000000000.0 9.93315816230587e-33 4.291097093516352e-33
1258925411.7941713 1.0716230407878845e-32 4.635688905216838e-33
1584893192.4611108 1.1553156396057079e-32 5.0043685240648744e-33
1995262314.9688828 1.2447212208118298e-32 5.398619826350618e-33
2511886431.509582 1.3401853752039452e-32 5.820008826766528e-33
3162277660.1683793 1.4420725799259198e-32 6.270187828580886e-33
3981071705.5349855 1.5507671439206963e-32 6.750899766308955e-33
5011872336.272715 1.666674196946053e-32 7.26398274912425e-33
6309573444.801943 1.7902207240097108e-32 7.811374813573679e-33
7943282347.242822 1.9218566471540553e-32 8.395118894500966e-33
10000000000.0 2.0620559565956677e-32 9.017368023432086e-33
12589254117.941713 2.2113178933048815e-32 9.680390764039963e-33
15848931924.611109 2.3701681851906885e-32 1.0386576894679862e-32
19952623149.688828 2.539160339141791e-32 1.1138443348381343e-32
25118864315.09582 2.7188769912617646e-32 1.1938640421079914e-32
31622776601.683792 2.909931317726581e-32 1.27899582592958e-32
39810717055.34985 3.112968508787368e-32 1.3695333638894314e-32
50118723362.72715 3.328667308538461e-32 1.4657857047021462e-32
63095734448.019424 3.557741623170422e-32 1.568078007975769e-32
79432823472.42822 3.8009422005345054e-32 1.6767523168531292e-32
100000000000.0 4.059058383949629e-32 1.792168364881573e-32
125892541179.41661 4.332919943299184e-32 1.9147044185167138e-32
158489319246.11172 4.623398986577166e-32 2.0447581567176043e-32
199526231496.88828 4.931411955164018e-32 2.1827475891472913e-32
251188643150.95822 5.257921706238729e-32 2.3291120145499518e-32
316227766016.83795 5.60393968586051e-32 2.4843130209336144e-32
398107170553.49695 5.970528196385705e-32 2.6488355292516023e-32
501187233627.2735 6.35880276202589e-32 2.823188882336146e-32
630957344480.1943 6.76993459649377e-32 3.007907980905658e-32
794328234724.2821 7.205153176831291e-32 3.2035544685346764e-32
1000000000000.0 7.665748927667459e-32 3.4107179675445826e-32
