src/nupyprop/models/xc_muon_pn_ckmt_water.ecsv
# %ECSV 1.0
# ---
# datatype:
# - {name: energy, datatype: float64}
# - {name: sigma_pn_ckmt, datatype: float64}
# meta: !!omap
# - {Description: Muon-nucleon cross-section values for PN_CKMT in water}
# - {energy: 'Muon energy, in GeV'}
# - {sigma_ckmt: 'N_A/A * cross-section for PN_CKMT in water, in cm^2/g'}
# schema: astropy-2.0
energy sigma_pn_ckmt
1.0 1.3442945329707521e-06
1.2589254117941673 1.7078030967918928e-06
1.5848931924611136 2.0989690404498804e-06
1.9952623149688797 2.512876276501005e-06
2.51188643150958 2.948343181335428e-06
3.1622776601683795 3.402468427046774e-06
3.981071705534973 3.873211774905821e-06
5.011872336272724 4.359080823764158e-06
6.309573444801933 4.8585867881937625e-06
7.943282347242816 5.370751102727365e-06
10.0 5.894770437677122e-06
12.589254117941675 6.430068299098139e-06
15.848931924611142 6.976240822514415e-06
19.952623149688797 7.533065609689825e-06
25.11886431509581 8.100417936474869e-06
31.622776601683793 8.678354314284886e-06
39.810717055349734 9.266885810999171e-06
50.11872336272725 9.865364590431394e-06
63.09573444801933 1.0475681067843946e-05
79.43282347242817 1.109779532434742e-05
100.0 1.1731245053615238e-05
125.89254117941675 1.2376459277940657e-05
158.48931924611142 1.2733770889589798e-05
199.52623149688807 1.200967974771822e-05
251.18864315095823 1.133218833762527e-05
316.22776601683796 1.0733768082913214e-05
398.1071705534973 1.021307463109017e-05
501.18723362727246 9.763970396680657e-06
630.9573444801937 9.379610690168437e-06
794.3282347242822 9.053431368085975e-06
1000.0 8.779413447557937e-06
1258.9254117941675 8.552116090081272e-06
1584.893192461114 8.366684018255996e-06
1995.262314968881 8.218794661861039e-06
2511.886431509582 8.104601436041326e-06
3162.2776601683795 8.020688395169923e-06
3981.0717055349733 7.963894640777677e-06
5011.872336272725 7.931623319388864e-06
6309.573444801937 7.921448690256068e-06
7943.282347242822 7.93122950464285e-06
10000.0 7.959103766428497e-06
12589.254117941688 8.003355549915984e-06
15848.93192461114 8.06253824246843e-06
19952.62314968879 8.135340793446715e-06
25118.864315095823 8.220673664314463e-06
31622.776601683792 8.317457372454685e-06
39810.71705534977 8.424854665988812e-06
50118.72336272725 8.542071291277097e-06
63095.73444801943 8.668443322341743e-06
79432.82347242821 8.803380410391012e-06
100000.0 8.9463780541358e-06
125892.54117941688 9.097000588904338e-06
158489.3192461114 9.254880464008432e-06
199526.2314968883 9.41970448791329e-06
251188.6431509582 9.591210111175725e-06
316227.7660168379 9.769178957141177e-06
398107.17055349774 9.953436260134711e-06
501187.2336272725 1.014384402990977e-05
630957.3444801943 1.0340291974919342e-05
794328.2347242822 1.0542709823263559e-05
1000000.0 1.0751047781258645e-05
1258925.4117941686 1.0965284318762369e-05
1584893.1924611141 1.1185413196964532e-05
1995262.3149688828 1.141145245821195e-05
2511886.4315095823 1.1643439341017648e-05
3162277.6601683795 1.1881428296888906e-05
3981071.7055349774 1.2125478918036784e-05
5011872.336272725 1.237568061149168e-05
6309573.444801942 1.2632129413545911e-05
7943282.347242822 1.2894921721229838e-05
10000000.0 1.3164181237237335e-05
12589254.117941687 1.3440034487448165e-05
15848931.924611142 1.3722619420990335e-05
19952623.14968883 1.4012087712676956e-05
25118864.315095823 1.4308588078768656e-05
31622776.60168379 1.461229765949385e-05
39810717.055349775 1.4923384798709663e-05
50118723.36272725 1.5242034979867145e-05
63095734.44801943 1.556845036559864e-05
79432823.47242822 1.5902815958068583e-05
100000000.0 1.624534757887819e-05
125892541.17941661 1.65962661893039e-05
158489319.24611175 1.6955792060370677e-05
199526231.49688828 1.7324188567662772e-05
251188643.1509582 1.7701673720014522e-05
316227766.01683795 1.8088508178338735e-05
398107170.5534969 1.8484943581295768e-05
501187233.6272735 1.8891302548058762e-05
630957344.4801943 1.9307807499627884e-05
794328234.7242821 1.973480836374147e-05
1000000000.0 2.0172581307369387e-05
1258925411.794166 2.0621444581157907e-05
1584893192.4611173 2.1081731060269284e-05
1995262314.9688828 2.1553779336357928e-05
2511886431.509582 2.2037949278534095e-05
3162277660.1683793 2.2534599280584465e-05
3981071705.5349855 2.3044110789218438e-05
5011872336.272736 2.356687653205988e-05
6309573444.801943 2.410330298922064e-05
7943282347.242822 2.4653791955111207e-05
10000000000.0 2.521884471395823e-05
12589254117.941713 2.579884962198965e-05
15848931924.611174 2.639429863331925e-05
19952623149.688828 2.7005679163005162e-05
25118864315.09582 2.7633496937841088e-05
31622776601.683792 2.8278276155012597e-05
39810717055.34985 2.8940560794251396e-05
50118723362.72735 2.9620915226672634e-05
63095734448.019424 3.031990127224953e-05
79432823472.42822 3.103819785097596e-05
100000000000.0 3.17763645060774e-05
125892541179.41713 3.2535079004130575e-05
158489319246.11172 3.33150218764113e-05
199526231496.88828 3.4116897891349606e-05
251188643150.95822 3.4941438577676126e-05
316227766016.83795 3.5789409965301696e-05
398107170553.49854 3.6661598495280794e-05
501187233627.2735 3.755877981739662e-05
630957344480.1943 3.848192317767393e-05
794328234724.2821 3.943184401034035e-05
1000000000000.0 4.0409442899456665e-05
