src/nupyprop/models/xc_muon_pn_bdhm_water.ecsv
# %ECSV 1.0
# ---
# datatype:
# - {name: energy, datatype: float64}
# - {name: sigma_pn_bdhm, datatype: float64}
# meta: !!omap
# - {Description: Muon-nucleon cross-section values for PN_BDHM in water}
# - {energy: 'Muon energy, in GeV'}
# - {sigma_bdhm: 'N_A/A * cross-section for PN_BDHM in water, in cm^2/g'}
# schema: astropy-2.0
energy sigma_pn_bdhm
1.0 2.5043619139433826e-07
1.2589254117941673 3.473457278284351e-07
1.5848931924611136 4.6053211197403494e-07
1.9952623149688797 5.895866386753171e-07
2.51188643150958 7.34492131365171e-07
3.1622776601683795 8.949451611775477e-07
3.981071705534973 1.0707448941995878e-06
5.011872336272724 1.2615140316000634e-06
6.309573444801933 1.4670324110809844e-06
7.943282347242816 1.6871275698007524e-06
10.0 1.921440234715006e-06
12.589254117941675 2.1698691432076304e-06
15.848931924611142 2.4322002315852492e-06
19.952623149688797 2.7083006354903294e-06
25.11886431509581 2.99812170619293e-06
31.622776601683793 3.3015615453240105e-06
39.810717055349734 3.6186307240252742e-06
50.11872336272725 3.949297426476579e-06
63.09573444801933 4.293612034860244e-06
79.43282347242817 4.651703621947493e-06
100.0 5.0236768768896966e-06
125.89254117941675 5.4096317109967146e-06
158.48931924611142 5.739258043483372e-06
199.52623149688807 5.825344837353104e-06
251.18864315095823 5.911438034562156e-06
316.22776601683796 5.998470574400749e-06
398.1071705534973 6.086419556036517e-06
501.18723362727246 6.175460670533653e-06
630.9573444801937 6.266056077285421e-06
794.3282347242822 6.35821650637778e-06
1000.0 6.452276802348079e-06
1258.9254117941675 6.548489448502838e-06
1584.893192461114 6.647027861654391e-06
1995.262314968881 6.74835698780401e-06
2511.886431509582 6.852665638535252e-06
3162.2776601683795 6.960378861830584e-06
3981.0717055349733 7.071813205792567e-06
5011.872336272725 7.187282711506521e-06
6309.573444801937 7.307088270617455e-06
7943.282347242822 7.431646625888513e-06
10000.0 7.561236449960868e-06
12589.254117941688 7.696127368998737e-06
15848.93192461114 7.836595926911505e-06
19952.62314968879 7.982886585013625e-06
25118.864315095823 8.135205926342934e-06
31622.776601683792 8.293730379544073e-06
39810.71705534977 8.458616095718829e-06
50118.72336272725 8.629993346027451e-06
63095.73444801943 8.80798319562609e-06
79432.82347242821 8.992662735658308e-06
100000.0 9.184107618598629e-06
125892.54117941688 9.382382546929417e-06
158489.3192461114 9.587524759437867e-06
199526.2314968883 9.799567772053843e-06
251188.6431509582 1.0018551688809737e-05
316227.7660168379 1.0244495580276773e-05
398107.17055349774 1.0477419197759277e-05
501187.2336272725 1.071733543177315e-05
630957.3444801943 1.0964257997129969e-05
794328.2347242822 1.1218209937626612e-05
1000000.0 1.1479169705816848e-05
1258925.4117941686 1.1747173984824314e-05
1584893.1924611141 1.2022219821997584e-05
1995262.3149688828 1.2304312581570226e-05
2511886.4315095823 1.2593466678136235e-05
3162277.6601683795 1.2889670137147542e-05
3981071.7055349774 1.3192939345992605e-05
5011872.336272725 1.3503268626504539e-05
6309573.444801942 1.3820666129400154e-05
7943282.347242822 1.4145130925547426e-05
10000000.0 1.4476665950573554e-05
12589254.117941687 1.4815271715064312e-05
15848931.924611142 1.5160952746399848e-05
19952623.14968883 1.551370908755626e-05
25118864.315095823 1.5873541996618297e-05
31622776.60168379 1.624045112170453e-05
39810717.055349775 1.6614437148294113e-05
50118723.36272725 1.69955014002878e-05
63095734.44801943 1.738364400886939e-05
79432823.47242822 1.77788660213113e-05
100000000.0 1.8181166586880823e-05
125892541.17941661 1.8590549072569173e-05
158489319.24611175 1.9007011019982933e-05
199526231.49688828 1.9430553753367022e-05
251188643.1509582 1.9861178098531042e-05
316227766.01683795 2.0298883506252853e-05
398107170.5534969 2.0743669732905586e-05
501187233.6272735 2.1195539055229473e-05
630957344.4801943 2.165448990475875e-05
794328234.7242821 2.212052301996958e-05
1000000000.0 2.2593637741464434e-05
1258925411.794166 2.3073835627933667e-05
1584893192.4611173 2.356111481147162e-05
1995262314.9688828 2.405547674959223e-05
2511886431.509582 2.4556922451788115e-05
3162277660.1683793 2.506545044936727e-05
3981071705.5349855 2.558106063980995e-05
5011872336.272736 2.6103749260028428e-05
6309573444.801943 2.6633527564225908e-05
7943282347.242822 2.7170388088881126e-05
10000000000.0 2.771432952476107e-05
12589254117.941713 2.8265351364783055e-05
15848931924.611174 2.882346152689314e-05
19952623149.688828 2.9388651659431143e-05
25118864315.09582 2.996092140933143e-05
31622776601.683792 3.054027988524943e-05
39810717055.34985 3.11267187779844e-05
50118723362.72735 3.1720240189949155e-05
63095734448.019424 3.2320845269018694e-05
79432823472.42822 3.292853318320795e-05
100000000000.0 3.354330368583207e-05
125892541179.41713 3.416515496019796e-05
158489319246.11172 3.479409312899908e-05
199526231496.88828 3.543011255693447e-05
251188643150.95822 3.607321483217174e-05
316227766016.83795 3.6723400491661665e-05
398107170553.49854 3.738065977168637e-05
501187233627.2735 3.804502050417311e-05
630957344480.1943 3.871645254324653e-05
794328234724.2821 3.939497361015566e-05
1000000000000.0 4.0080578124214444e-05
