src/nupyprop/models/xc_muon_pn_ckmt_rock.ecsv
# %ECSV 1.0
# ---
# datatype:
# - {name: energy, datatype: float64}
# - {name: sigma_pn_ckmt, datatype: float64}
# meta: !!omap
# - {Description: Muon-nucleon cross-section values for PN_CKMT in rock}
# - {energy: 'Muon energy, in GeV'}
# - {sigma_ckmt: 'N_A/A * cross-section for PN_CKMT in rock, in cm^2/g'}
# schema: astropy-2.0
energy sigma_pn_ckmt
1.0 1.320146041776813e-06
1.2589254117941673 1.6731472239075225e-06
1.5848931924611136 2.0513743405709502e-06
1.9952623149688797 2.450127547628661e-06
2.51188643150958 2.868270754451197e-06
3.1622776601683795 3.3031135911543837e-06
3.981071705534973 3.7528109670477154e-06
5.011872336272724 4.2160224072649346e-06
6.309573444801933 4.691396544945198e-06
7.943282347242816 5.178079769439192e-06
10.0 5.675369276323365e-06
12.589254117941675 6.1827794702106365e-06
15.848931924611142 6.699980927876072e-06
19.952623149688797 7.226799085440966e-06
25.11886431509581 7.763165145813976e-06
31.622776601683793 8.309124096642546e-06
39.810717055349734 8.864792406147096e-06
50.11872336272725 9.429526085847153e-06
63.09573444801933 1.0005167977491337e-05
79.43282347242817 1.0591203118026822e-05
100.0 1.1188492861491804e-05
125.89254117941675 1.1796544736740914e-05
158.48931924611142 1.2131716592662341e-05
199.52623149688807 1.1435828356781204e-05
251.18864315095823 1.0783429482089087e-05
316.22776601683796 1.0206765441538568e-05
398.1071705534973 9.704626201430093e-06
501.18723362727246 9.271114332923217e-06
630.9573444801937 8.89964791718088e-06
794.3282347242822 8.58393606524421e-06
1000.0 8.318202939427913e-06
1258.9254117941675 8.097232320041157e-06
1584.893192461114 7.916383619541281e-06
1995.262314968881 7.771495060559044e-06
2511.886431509582 7.658894213564086e-06
3162.2776601683795 7.575311132947705e-06
3981.0717055349733 7.517723543651899e-06
5011.872336272725 7.4836502931961695e-06
6309.573444801937 7.470757686921322e-06
7943.282347242822 7.4770006138386365e-06
10000.0 7.500598242343049e-06
12589.254117941688 7.539906680042521e-06
15848.93192461114 7.593525645655285e-06
19952.62314968879 7.660236603970731e-06
25118.864315095823 7.738904809826624e-06
31622.776601683792 7.8285596651399e-06
39810.71705534977 7.928359922230955e-06
50118.72336272725 8.037582066421476e-06
63095.73444801943 8.155546591324095e-06
79432.82347242821 8.281696722424488e-06
100000.0 8.415532628939633e-06
125892.54117941688 8.556635456149668e-06
158489.3192461114 8.704644280080434e-06
199526.2314968883 8.859257873362337e-06
251188.6431509582 9.02021474858354e-06
316227.7660168379 9.187302020956638e-06
398107.17055349774 9.360348618162502e-06
501187.2336272725 9.539212740314483e-06
630957.3444801943 9.72379430724452e-06
794328.2347242822 9.914013562080677e-06
1000000.0 1.0109821644354672e-05
1258925.4117941686 1.0311198175331089e-05
1584893.1924611141 1.0518123100885573e-05
1995262.3149688828 1.073062379710729e-05
2511886.4315095823 1.0948727416092324e-05
3162277.6601683795 1.117247473602838e-05
3981071.7055349774 1.1401937559115653e-05
5011872.336272725 1.1637188627883968e-05
6309573.444801942 1.1878313076609785e-05
7943282.347242822 1.2125409497523996e-05
10000000.0 1.237858937019685e-05
12589254.117941687 1.2637971346187186e-05
15848931.924611142 1.2903685386623963e-05
19952623.14968883 1.3175873191509721e-05
25118864.315095823 1.345467444713444e-05
31622776.60168379 1.37402555498311e-05
39810717.055349775 1.4032774650487073e-05
50118723.36272725 1.4332405934603519e-05
63095734.44801943 1.4639339448438576e-05
79432823.47242822 1.4953749002295942e-05
100000000.0 1.527583753183088e-05
125892541.17941661 1.5605812719808387e-05
158489319.24611175 1.594388165065472e-05
199526231.49688828 1.6290291961024535e-05
251188643.1509582 1.6645248609808373e-05
316227766.01683795 1.700899668639979e-05
398107170.5534969 1.738177216940223e-05
501187233.6272735 1.776388026934454e-05
630957344.4801943 1.8155528274812036e-05
794328234.7242821 1.8557045842331262e-05
1000000000.0 1.8968692629406468e-05
1258925411.794166 1.9390767913461805e-05
1584893192.4611173 1.982358466729208e-05
1995262314.9688828 2.026746132392068e-05
2511886431.509582 2.0722736209892083e-05
3162277660.1683793 2.1189746387898536e-05
3981071705.5349855 2.166883852257566e-05
5011872336.272736 2.2160417835563676e-05
6309573444.801943 2.2664830642847445e-05
7943282347.242822 2.3182466706560818e-05
10000000000.0 2.3713797410323503e-05
12589254117.941713 2.4259187926187452e-05
15848931924.611174 2.4819100772555615e-05
19952623149.688828 2.539399450972671e-05
25118864315.09582 2.5984344415826585e-05
31622776601.683792 2.6590643515892464e-05
39810717055.34985 2.7213403420716922e-05
50118723362.72735 2.7853154658777636e-05
63095734448.019424 2.8510425585486594e-05
79432823472.42822 2.918585458143863e-05
100000000000.0 2.987996786171064e-05
125892541179.41713 3.059340267897429e-05
158489319246.11172 3.132679897241016e-05
199526231496.88828 3.2080819450218284e-05
251188643150.95822 3.28561519838423e-05
316227766016.83795 3.365351688691616e-05
398107170553.49854 3.4473532882520025e-05
501187233627.2735 3.531729168095519e-05
630957344480.1943 3.618534233316413e-05
794328234724.2821 3.70785723923829e-05
1000000000000.0 3.7997828393593694e-05
