src/nupyprop/models/xc_muon_pn_bdhm_rock.ecsv
# %ECSV 1.0
# ---
# datatype:
# - {name: energy, datatype: float64}
# - {name: sigma_pn_bdhm, datatype: float64}
# meta: !!omap
# - {Description: Muon-nucleon cross-section values for PN_BDHM in rock}
# - {energy: 'Muon energy, in GeV'}
# - {sigma_bdhm: 'N_A/A * cross-section for PN_BDHM in rock, in cm^2/g'}
# schema: astropy-2.0
energy sigma_pn_bdhm
1.0 2.4559878296333375e-07
1.2589254117941673 3.395745675704746e-07
1.5848931924611136 4.489073114954783e-07
1.9952623149688797 5.731280907031385e-07
2.51188643150958 7.12188305231404e-07
3.1622776601683795 8.658284447430816e-07
3.981071705534973 1.0337431264071214e-06
5.011872336272724 1.2156606018525513e-06
6.309573444801933 1.4113241942191408e-06
7.943282347242816 1.6205326143429864e-06
10.0 1.8430129579925325e-06
12.589254117941675 2.0786026218499255e-06
15.848931924611142 2.32716591304162e-06
19.952623149688797 2.5885130586733798e-06
25.11886431509581 2.8626492659099245e-06
31.622776601683793 3.1494514275077024e-06
39.810717055349734 3.4489616481532682e-06
50.11872336272725 3.761148138664758e-06
63.09573444801933 4.0860262247720025e-06
79.43282347242817 4.4237555864475065e-06
100.0 4.7744427751871615e-06
125.89254117941675 5.138168685225337e-06
158.48931924611142 5.448446680704064e-06
199.52623149688807 5.527383051530828e-06
251.18864315095823 5.6060703387235594e-06
316.22776601683796 5.685523065096161e-06
398.1071705534973 5.76588467564276e-06
501.18723362727246 5.847383857947351e-06
630.9573444801937 5.930185348511694e-06
794.3282347242822 6.014535673807136e-06
1000.0 6.100653537229385e-06
1258.9254117941675 6.188802923161067e-06
1584.893192461114 6.279192599085632e-06
1995.262314968881 6.37221582793667e-06
2511.886431509582 6.468128763034806e-06
3162.2776601683795 6.567266511880849e-06
3981.0717055349733 6.670000025345178e-06
5011.872336272725 6.776613661268964e-06
6309.573444801937 6.8873909380800745e-06
7943.282347242822 7.002748434479291e-06
10000.0 7.122965836053024e-06
12589.254117941688 7.248294829041378e-06
15848.93192461114 7.3789764224630215e-06
19952.62314968879 7.515239527418283e-06
25118.864315095823 7.657300292115782e-06
31622.776601683792 7.805348121261246e-06
39810.71705534977 7.959465055391914e-06
50118.72336272725 8.119797061483735e-06
63095.73444801943 8.286446442960847e-06
79432.82347242821 8.45948835848101e-06
100000.0 8.638976572926142e-06
125892.54117941688 8.824951794976825e-06
158489.3192461114 9.017454972773268e-06
199526.2314968883 9.21650830431701e-06
251188.6431509582 9.422138438395524e-06
316227.7660168379 9.63435599268648e-06
398107.17055349774 9.853173236006552e-06
501187.2336272725 1.007860132597024e-05
630957.3444801943 1.0310641671652138e-05
794328.2347242822 1.0549312602002096e-05
1000000.0 1.079460084177133e-05
1258925.4117941686 1.10465240956536e-05
1584893.1924611141 1.1305083804556047e-05
1995262.3149688828 1.1570281567054673e-05
2511886.4315095823 1.1842129217534546e-05
3162277.6601683795 1.2120612929146512e-05
3981071.7055349774 1.240574891817034e-05
5011872.336272725 1.2697532899231726e-05
6309573.444801942 1.2995960982249776e-05
7943282.347242822 1.3301043309753267e-05
10000000.0 1.3612776745210848e-05
12589254.117941687 1.3931163404144361e-05
15848931.924611142 1.4256202509602312e-05
19952623.14968883 1.4587896785453627e-05
25118864.315095823 1.49262477294905e-05
31622776.60168379 1.5271254033443088e-05
39810717.055349775 1.5622916217533395e-05
50118723.36272725 1.5981234829318475e-05
63095734.44801943 1.6346210185528927e-05
79432823.47242822 1.671784307153036e-05
100000000.0 1.7096132523994417e-05
125892541.17941661 1.7481081654082155e-05
158489319.24611175 1.787268797222329e-05
199526231.49688828 1.827095280526667e-05
251188643.1509582 1.8675876843299968e-05
316227766.01683795 1.9087459532202013e-05
398107170.5534969 1.9505700567217407e-05
501187233.6272735 1.9930602113903303e-05
630957344.4801943 2.0362162625685653e-05
794328234.7242821 2.080038289639903e-05
1000000000.0 2.1245262185205794e-05
1258925411.794166 2.1696801931606705e-05
1584893192.4611173 2.2155000448009414e-05
1995262314.9688828 2.2619858949667074e-05
2511886431.509582 2.3091378596877474e-05
3162277660.1683793 2.3569557844079165e-05
3981071705.5349855 2.4054396641573515e-05
5011872336.272736 2.4545891446612386e-05
6309573444.801943 2.5044052829398404e-05
7943282347.242822 2.5548873776869747e-05
10000000000.0 2.6060353054673554e-05
12589254117.941713 2.657849018399952e-05
15848931924.611174 2.710329204100848e-05
19952623149.688828 2.763475248775035e-05
25118864315.09582 2.8172869472308547e-05
31622776601.683792 2.8717652143045935e-05
39810717055.34985 2.9269092698835238e-05
50118723362.72735 2.98271930230968e-05
63095734448.019424 3.039195430623443e-05
79432823472.42822 3.096337572448602e-05
100000000000.0 3.154145699328752e-05
125892541179.41713 3.2126196563975976e-05
158489319246.11172 3.2717600034267314e-05
199526231496.88828 3.331566215861498e-05
251188643150.95822 3.392038442931241e-05
316227766016.83795 3.453176735197017e-05
398107170553.49854 3.514980174512245e-05
501187233627.2735 3.577450295392274e-05
630957344480.1943 3.640587511081998e-05
794328234724.2821 3.704390239911714e-05
1000000000000.0 3.768858806965637e-05
