src/nupyprop/models/xc_neutrino_bsm.ecsv
# %ECSV 1.0
# ---
# datatype:
# - {name: energy, datatype: float64}
# - {name: sigma_cc_bsm, datatype: float64}
# - {name: sigma_nc_bsm, datatype: float64}
# meta: !!omap
# - {Description: Neutrino-nucleon cross-section values for BSM}
# - {energy: 'Neutrino energy, in GeV'}
# - {sigma: 'Cross-section for BSM, in cm^2'}
# - {sigma_nc: 'Cross-section for BSM NC interactions, in cm^2'}
# schema: astropy-2.0
energy sigma_cc_bsm sigma_nc_bsm
1000.0 0.0 0.0
1258.9254117941675 0.0 0.0
1584.893192461114 0.0 0.0
1995.2623149688789 0.0 0.0
2511.88643150958 0.0 0.0
3162.2776601683795 0.0 0.0
3981.0717055349733 0.0 0.0
5011.872336272725 0.0 0.0
6309.57344480193 0.0 0.0
7943.282347242814 0.0 0.0
10000.0 0.0 0.0
12589.254117941662 0.0 0.0
15848.93192461114 0.0 0.0
19952.62314968879 0.0 0.0
25118.864315095823 0.0 0.0
31622.776601683792 0.0 0.0
39810.71705534969 0.0 0.0
50118.72336272725 0.0 0.0
63095.7344480193 0.0 0.0
79432.82347242821 0.0 0.0
100000.0 0.0 0.0
125892.54117941661 0.0 0.0
158489.3192461114 3.0653597326702974e-33 0.0
199526.2314968883 5.672328223560171e-33 0.0
251188.6431509582 7.201765448498265e-33 0.0
316227.7660168379 7.860172765547095e-33 0.0
398107.1705534969 7.873509431168587e-33 0.0
501187.2336272725 7.459920766564721e-33 0.0
630957.3444801943 6.798502068654763e-33 0.0
794328.2347242822 6.021773988057714e-33 0.0
1000000.0 5.2201089459868465e-33 0.0
1258925.411794166 4.450311718813997e-33 0.0
1584893.1924611141 3.74451074712505e-33 0.0
1995262.3149688828 3.117788608307264e-33 0.0
2511886.4315095823 2.5741248106619542e-33 0.0
3162277.6601683795 2.110738523436706e-33 0.0
3981071.7055349695 1.7211077099251795e-33 0.0
5011872.336272725 1.3969742996516592e-33 0.0
6309573.444801942 1.1296122664798211e-33 0.0
7943282.347242822 9.105815967442316e-34 0.0
10000000.0 7.321367874868806e-34 0.0
12589254.117941687 5.874118930928173e-34 0.0
15848931.924611142 4.704673504905323e-34 0.0
19952623.149688788 3.762562800528528e-34 0.0
25118864.315095823 3.0054812509483392e-34 0.0
31622776.60168379 2.3983363554101016e-34 0.0
39810717.055349775 1.9122577723720146e-34 0.0
50118723.36272725 1.52364903392034e-34 0.0
63095734.44801943 1.2133249825543922e-34 0.0
79432823.47242822 9.657528923125642e-35 0.0
100000000.0 7.684001901301441e-35 0.0
125892541.17941713 6.11183242835896e-35 0.0
158489319.2461111 4.860074342409038e-35 0.0
199526231.49688828 3.86387118786048e-35 0.0
251188643.1509582 3.071339345769443e-35 0.0
316227766.01683795 2.4410269191710896e-35 0.0
398107170.55349857 1.9398518291946522e-35 0.0
501187233.6272715 1.5414351798828728e-35 0.0
630957344.4801943 1.2247583625737342e-35 0.0
794328234.7242821 9.730838272064434e-36 0.0
1000000000.0 7.730896168021076e-36 0.0
1258925411.7941713 6.141765588492144e-36 0.0
1584893192.4611108 4.8791448212975646e-36 0.0
1995262314.9688828 3.876000937112176e-36 0.0
2511886431.509582 3.079043493599699e-36 0.0
3162277660.1683793 2.4459142777516483e-36 0.0
3981071705.5349855 1.9429491458491486e-36 0.0
5011872336.272715 1.5433964327324894e-36 0.0
6309573444.801943 1.2259993935022603e-36 0.0
7943282347.242822 9.738686784276037e-37 0.0
10000000000.0 7.735857446025645e-37 0.0
12589254117.941713 6.144900600438578e-37 0.0
15848931924.611109 4.8811252325994174e-37 0.0
19952623149.688828 3.877251678620209e-37 0.0
25118864315.09582 3.0798332557576697e-37 0.0
31622776601.683792 2.446412884700956e-37 0.0
39810717055.34985 1.9432638967602565e-37 0.0
50118723362.72715 1.5435951031005384e-37 0.0
63095734448.019424 1.226124784181341e-37 0.0
79432823472.42822 9.739478137490202e-38 0.0
100000000000.0 7.736356852257008e-38 0.0
125892541179.41661 6.14521575268427e-38 0.0
158489319246.11172 4.881324104409368e-38 0.0
199526231496.88828 3.877377170377723e-38 0.0
251188643150.95822 3.07991244178638e-38 0.0
316227766016.83795 2.4464628507553513e-38 0.0
398107170553.49695 1.9432954247401577e-38 0.0
501187233627.2735 1.5436149966769473e-38 0.0
630957344480.1943 1.2261373365620027e-38 0.0
794328234724.2821 9.739557339596052e-39 0.0
1000000000000.0 7.736406826368084e-39 0.0
