src/nupyprop/models/xc_neutrino_ctw.ecsv
# %ECSV 1.0
# ---
# datatype:
# - {name: energy, datatype: float64}
# - {name: sigma_cc_ctw, datatype: float64}
# - {name: sigma_nc_ctw, datatype: float64}
# meta: !!omap
# - {Description: Neutrino-nucleon cross-section values for CTW}
# - {energy: 'Neutrino energy, in GeV'}
# - {sigma_cc: 'Charged current cross-section for CTW, in cm^2'}
# - {sigma_nc: 'Neutral current cross-section for CTW, in cm^2'}
# schema: astropy-2.0
energy sigma_cc_ctw sigma_nc_ctw
1000.0 5.938363384193696e-36 1.8316238118834595e-36
1258.9254117941675 7.614325777036462e-36 2.374978759723747e-36
1584.893192461114 9.66022781835215e-36 3.045340038994374e-36
1995.2623149688789 1.213644724945214e-35 3.864903710066387e-36
2511.88643150958 1.511003553575395e-35 4.858535110351242e-36
3162.2776601683795 1.8655167865678622e-35 6.053965738164019e-36
3981.0717055349733 2.2853618117243375e-35 7.48200045403269e-36
5011.872336272725 2.7795261130116825e-35 9.176735977666657e-36
6309.57344480193 3.3578604576872297e-35 1.1175791664654339e-35
7943.282347242814 4.031135269118463e-35 1.3520553551236002e-35
10000.0 4.81110040858006e-35 1.6256432660114796e-35
12589.254117941662 5.710548588108845e-35 1.9433138566680487e-35
15848.93192461114 6.743382636651924e-35 2.3104969234205353e-35
19952.62314968879 7.924686843295658e-35 2.7331118139237616e-35
25118.864315095823 9.270802604264169e-35 3.217599972494629e-35
31622.776601683792 1.0799408604587326e-34 3.7709594240821094e-35
39810.71705534969 1.2529605770780855e-34 4.4007813051974706e-35
50118.72336272725 1.448200723748439e-34 5.11528855303242e-35
63095.7344480193 1.6678833578683934e-34 5.923376867308428e-35
79432.82347242821 1.9144013562836835e-34 6.834658063119877e-35
100000.0 2.190329070084188e-34 7.85950593713614e-35
125892.54117941661 2.498433586631615e-34 9.00910477401865e-35
158489.3192461114 2.8416866278968437e-34 1.0295500624751933e-34
199526.2314968883 3.2232771153995217e-34 1.1731655493792069e-34
251188.6431509582 3.6466244333291804e-34 1.3331504577485454e-34
316227.7660168379 4.115392422789401e-34 1.5110016702091026e-34
398107.1705534969 4.6335041415362515e-34 1.7083258115956206e-34
501187.2336272725 5.205157425082983e-34 1.926845979693963e-34
630957.3444801943 5.8348412866140825e-34 2.1684088443035334e-34
794328.2347242822 6.527353194787759e-34 2.4349921321350325e-34
1000000.0 7.287817270214071e-34 2.7287125158107087e-34
1258925.411794166 8.121703443172274e-34 3.0518339260175516e-34
1584893.1924611141 9.034847616979532e-34 3.406776306683631e-34
1995262.3149688828 1.0033472883339493e-33 3.796124833898324e-34
2511886.4315095823 1.112421183799608e-33 4.222639620183704e-34
3162277.6601683795 1.2314130047085346e-33 4.689265926646711e-34
3981071.7055349695 1.3610750716724008e-33 5.1991449064980625e-34
5011872.336272725 1.5022080620601807e-33 5.755624904420858e-34
6309573.444801942 1.6556637342652867e-33 6.36227333730311e-34
7943282.347242822 1.8223477894279046e-33 7.022889182921743e-34
10000000.0 2.0032228768076705e-33 7.741516104278706e-34
12589254.117941687 2.1993117492595414e-33 8.522456238444536e-34
15848931.924611142 2.4117005755330267e-33 9.370284679962401e-34
19952623.149688788 2.6415424163898572e-33 1.0289864690108536e-33
25118864.315095823 2.890060871824589e-33 1.128636366459386e-33
31622776.60168379 3.158553906966257e-33 1.2365269893625243e-33
39810717.055349775 3.4483978645507395e-33 1.3532410149635035e-33
50118723.36272725 3.761051672169069e-33 1.4793968139416846e-33
63095734.44801943 4.0980612528300545e-33 1.6156503858900245e-33
79432823.47242822 4.461064147716602e-33 1.7626973890335237e-33
100000000.0 4.8517943603703196e-33 1.9212752683256378e-33
125892541.17941713 5.272087431906762e-33 2.0921654862257054e-33
158489319.2461111 5.7238857572438644e-33 2.276195860631593e-33
199526231.49688828 6.209244152721065e-33 2.474243014619466e-33
251188643.1509582 6.73033568589394e-33 2.6872349428278975e-33
316227766.01683795 7.289457778714285e-33 2.916153699512405e-33
398107170.55349857 7.889038595740326e-33 3.162038213495956e-33
501187233.6272715 8.531643729479238e-33 3.425987235445218e-33
630957344.4801943 9.219983195427674e-33 3.7091624231123864e-33
794328234.7242821 9.956918749873037e-33 4.012791570405689e-33
1000000000.0 1.0745471544003249e-32 4.338171986374693e-33
1258925411.7941713 1.1588830128418318e-32 4.686674030434486e-33
1584893192.4611108 1.249035882264974e-32 5.0597448103949545e-33
1995262314.9688828 1.345360646487118e-32 5.4589120501152255e-33
2511886431.509582 1.448231555755522e-32 5.885788133860753e-33
3162277660.1683793 1.558043182542245e-32 6.342074334713094e-33
3981071705.5349855 1.6752114202655728e-32 6.82956523466367e-33
5011872336.272715 1.8001745266988505e-32 7.350153344303896e-33
6309573444.801943 1.9333942138934405e-32 7.905833930333638e-33
7943282347.242822 2.075356786511763e-32 8.498710059411173e-33
10000000000.0 2.2265743305358466e-32 9.130997867190015e-33
12589254117.941713 2.3875859543915284e-32 9.805032061722114e-33
15848931924.611109 2.558959084602627e-32 1.052327167074201e-32
19952623149.688828 2.7412908181691916e-32 1.1288306042709202e-32
25118864315.09582 2.9352093339431257e-32 1.210286111184414e-32
31622776601.683792 3.1413753653593146e-32 1.29698059377765e-32
39810717055.34985 3.360483736967063e-32 1.3892159530813542e-32
50118723362.72715 3.593264967294316e-32 1.4873097974238487e-32
63095734448.019424 3.840486940671884e-32 1.5915961855474934e-32
79432823472.42822 4.1029566507374675e-32 1.702426401837066e-32
100000000000.0 4.3815220184418325e-32 1.8201697649322106e-32
125892541179.41661 4.6770737874766515e-32 1.9452144710392732e-32
158489319246.11172 4.990547500152461e-32 2.0779684733089096e-32
199526231496.88828 5.322925556862953e-32 2.218860398691908e-32
251188643150.95822 5.675239362383308e-32 2.3683405037390206e-32
316227766016.83795 6.048571562367676e-32 2.5268816708616125e-32
398107170553.49695 6.444058373528905e-32 2.6949804466246125e-32
501187233627.2735 6.862892011110667e-32 2.873158123700285e-32
630957344480.1943 7.306323217385836e-32 3.061961868167135e-32
794328234724.2821 7.77566389505062e-32 3.261965893900751e-32
1000000000000.0 8.272289849518137e-32 3.4737726858621617e-32
