src/nupyprop/models/xc_tau_pn_ckmt_rock.ecsv
# %ECSV 1.0
# ---
# datatype:
# - {name: energy, datatype: float64}
# - {name: sigma_pn_ckmt, datatype: float64}
# meta: !!omap
# - {Description: Tau-nucleon cross-section values for PN_CKMT in rock}
# - {energy: 'Tau energy, in GeV'}
# - {sigma_ckmt: 'N_A/A * cross-section for PN_CKMT in rock, in cm^2/g'}
# schema: astropy-2.0
energy sigma_pn_ckmt
1.0 0.0
1.2589254117941673 0.0
1.5848931924611136 0.0
1.9952623149688797 0.0
2.51188643150958 0.0
3.1622776601683795 0.0
3.981071705534973 0.0
5.011872336272724 0.0
6.309573444801933 0.0
7.943282347242816 1.1238591708245858e-06
10.0 1.4649772249738718e-06
12.589254117941675 1.8251642978382637e-06
15.848931924611142 2.1997134932607083e-06
19.952623149688797 2.5854009789080945e-06
25.11886431509581 2.98116001121982e-06
31.622776601683793 3.3848265118993464e-06
39.810717055349734 3.7978827705169735e-06
50.11872336272725 4.219958362757274e-06
63.09573444801933 4.651279407839377e-06
79.43282347242817 5.092126783411985e-06
100.0 5.542757672713429e-06
125.89254117941675 6.003440512560763e-06
158.48931924611142 6.318289389483666e-06
199.52623149688807 5.971145689907984e-06
251.18864315095823 5.615916727467341e-06
316.22776601683796 5.291312877098074e-06
398.1071705534973 5.001700571431126e-06
501.18723362727246 4.746114806904623e-06
630.9573444801937 4.522232511854961e-06
794.3282347242822 4.327476123070574e-06
1000.0 4.159299625479955e-06
1258.9254117941675 4.015334354212057e-06
1584.893192461114 3.893377763677127e-06
1995.262314968881 3.791422383631088e-06
2511.886431509582 3.7076382156003114e-06
3162.2776601683795 3.6403611285184552e-06
3981.0717055349733 3.5880826844921044e-06
5011.872336272725 3.5494407094963533e-06
6309.573444801937 3.5232028316568586e-06
7943.282347242822 3.508264282511209e-06
10000.0 3.5036119778613685e-06
12589.254117941688 3.508367103509194e-06
15848.93192461114 3.5217090931901457e-06
19952.62314968879 3.542923485020474e-06
25118.864315095823 3.5713643445544585e-06
31622.776601683792 3.606456420606143e-06
39810.71705534977 3.6477030628354766e-06
50118.72336272725 3.6946363795456244e-06
63095.73444801943 3.7468544277382867e-06
79432.82347242821 3.8040334307263607e-06
100000.0 3.865847178777251e-06
125892.54117941688 3.932024843633393e-06
158489.3192461114 4.002349822094019e-06
199526.2314968883 4.076628517411656e-06
251188.6431509582 4.154682681650574e-06
316227.7660168379 4.236393068385057e-06
398107.17055349774 4.321633641446257e-06
501187.2336272725 4.410322775914882e-06
630957.3444801943 4.502386647323977e-06
794328.2347242822 4.597784492961599e-06
1000000.0 4.696476653110777e-06
1258925.4117941686 4.798447445917448e-06
1584893.1924611141 4.903695744205562e-06
1995262.3149688828 5.012231545658137e-06
2511886.4315095823 5.12407754939554e-06
3162277.6601683795 5.239267627987146e-06
3981071.7055349774 5.357842338639113e-06
5011872.336272725 5.4798557649782145e-06
6309573.444801942 5.605368824305162e-06
7943282.347242822 5.7344504481873905e-06
10000000.0 5.867176949005725e-06
12589254.117941687 6.003632461085082e-06
15848931.924611142 6.143906929078716e-06
19952623.14968883 6.288097389936059e-06
25118864.315095823 6.43630831381632e-06
31622776.60168379 6.588648825813801e-06
39810717.055349775 6.745234964373654e-06
50118723.36272725 6.906188517131587e-06
63095734.44801943 7.07164080699545e-06
79432823.47242822 7.241723119029346e-06
100000000.0 7.416577243344417e-06
125892541.17941661 7.596350239673665e-06
158489319.24611175 7.781195363930503e-06
199526231.49688828 7.971271660101595e-06
251188643.1509582 8.166749060086586e-06
316227766.01683795 8.367798010962393e-06
398107170.5534969 8.574600599456282e-06
501187233.6272735 8.787343825319955e-06
630957344.4801943 9.006223820512791e-06
794328234.7242821 9.231445350569147e-06
1000000000.0 9.463215556043139e-06
1258925411.794166 9.701769271365419e-06
1584893192.4611173 9.947316785051334e-06
1995262314.9688828 1.0200100153026474e-05
2511886431.509582 1.0460374800467634e-05
3162277660.1683793 1.0728389436622766e-05
3981071705.5349855 1.100441403739313e-05
5011872336.272736 1.1288724689809224e-05
6309573444.801943 1.1581614114067644e-05
7943282347.242822 1.1883378579199244e-05
10000000000.0 1.2194331509133794e-05
12589254117.941713 1.2514797489827911e-05
15848931924.611174 1.284511403720805e-05
19952623149.688828 1.3185631994732297e-05
25118864315.09582 1.353671737910395e-05
31622776601.683792 1.3898749216443464e-05
39810717055.34985 1.4272123161938882e-05
50118723362.72735 1.4657244048751394e-05
63095734448.019424 1.5054532685032967e-05
79432823472.42822 1.546449365212771e-05
100000000000.0 1.588751849847759e-05
125892541179.41713 1.6324116323368948e-05
158489319246.11172 1.6774774436583115e-05
199526231496.88828 1.7240059318045438e-05
251188643150.95822 1.7720472241386854e-05
316227766016.83795 1.821659456727709e-05
398107170553.49854 1.8729017033975572e-05
501187233627.2735 1.925835477867848e-05
630957344480.1943 1.9805248294614372e-05
794328234724.2821 2.037036565366939e-05
1000000000000.0 2.095440188059153e-05
