src/nupyprop/models/xc_tau_pn_bdhm_rock.ecsv
# %ECSV 1.0
# ---
# datatype:
# - {name: energy, datatype: float64}
# - {name: sigma_pn_bdhm, datatype: float64}
# meta: !!omap
# - {Description: Tau-nucleon cross-section values for PN_BDHM in rock}
# - {energy: 'Tau energy, in GeV'}
# - {sigma_bdhm: 'N_A/A * cross-section for PN_BDHM in rock, in cm^2/g'}
# schema: astropy-2.0
energy sigma_pn_bdhm
1.0 0.0
1.2589254117941673 0.0
1.5848931924611136 0.0
1.9952623149688797 2.6985897166976794e-08
2.51188643150958 9.494858261104111e-09
3.1622776601683795 5.204457020430764e-09
3.981071705534973 1.599173552497231e-08
5.011872336272724 4.426293439203797e-08
6.309573444801933 9.088330868310227e-08
7.943282347242816 1.5581707679418898e-07
10.0 2.3841819478652473e-07
12.589254117941675 3.378788015469038e-07
15.848931924611142 4.530321651384114e-07
19.952623149688797 5.829186690136683e-07
25.11886431509581 7.266382748356269e-07
31.622776601683793 8.833541733778757e-07
39.810717055349734 1.0528700406630886e-06
50.11872336272725 1.2346429457196953e-06
63.09573444801933 1.428364745969867e-06
79.43282347242817 1.6337662932218152e-06
100.0 1.850661452670105e-06
125.89254117941675 2.0789739107621945e-06
158.48931924611142 2.282747170272953e-06
199.52623149688807 2.349238629617165e-06
251.18864315095823 2.412594154574166e-06
316.22776601683796 2.4735590733697117e-06
398.1071705534973 2.5323398736241472e-06
501.18723362727246 2.5891270600307543e-06
630.9573444801937 2.64418802016904e-06
794.3282347242822 2.697723679858868e-06
1000.0 2.7500168053889688e-06
1258.9254117941675 2.8013395819753556e-06
1584.893192461114 2.851984043125148e-06
1995.262314968881 2.902248589504661e-06
2511.886431509582 2.9524739272640003e-06
3162.2776601683795 3.0029660362585203e-06
3981.0717055349733 3.054085309004141e-06
5011.872336272725 3.106125890877043e-06
6309.573444801937 3.1594853428835684e-06
7943.282347242822 3.2144129202536355e-06
10000.0 3.27122410371348e-06
12589.254117941688 3.3302187938171532e-06
15848.93192461114 3.3916084907786638e-06
19952.62314968879 3.455668147810891e-06
25118.864315095823 3.522559753647091e-06
31622.776601683792 3.5924416528331323e-06
39810.71705534977 3.665481562919706e-06
50118.72336272725 3.74177621255851e-06
63095.73444801943 3.8214399100925965e-06
79432.82347242821 3.9045259722379725e-06
100000.0 3.991086579111151e-06
125892.54117941688 4.08119976270896e-06
158489.3192461114 4.174880680593484e-06
199526.2314968883 4.272154515252701e-06
251188.6431509582 4.373042202455897e-06
316227.7660168379 4.477560553102441e-06
398107.17055349774 4.585713599844954e-06
501187.2336272725 4.6975245585890105e-06
630957.3444801943 4.812987780052486e-06
794328.2347242822 4.932111971887001e-06
1000000.0 5.054906940627953e-06
1258925.4117941686 5.181376205161259e-06
1584893.1924611141 5.31151870079696e-06
1995262.3149688828 5.445340728289668e-06
2511886.4315095823 5.582845872418405e-06
3162277.6601683795 5.724035324403323e-06
3981071.7055349774 5.868911405148441e-06
5011872.336272725 6.017475359891637e-06
6309573.444801942 6.169729910008779e-06
7943282.347242822 6.325674624420234e-06
10000000.0 6.485311157402544e-06
12589254.117941687 6.648640529202875e-06
15848931.924611142 6.815663578346735e-06
19952623.14968883 6.986381363132584e-06
25118864.315095823 7.160794018965728e-06
31622776.60168379 7.338902337946059e-06
39810717.055349775 7.520706183413491e-06
50118723.36272725 7.706206831355039e-06
63095734.44801943 7.895404420981312e-06
79432823.47242822 8.088299426900337e-06
100000000.0 8.284891837392523e-06
125892541.17941661 8.485182713728093e-06
158489319.24611175 8.689172171628302e-06
199526231.49688828 8.896860286189156e-06
251188643.1509582 9.108246239908468e-06
316227766.01683795 9.323331020387123e-06
398107170.5534969 9.54211505421034e-06
501187233.6272735 9.764598177249558e-06
630957344.4801943 9.990780612927667e-06
794328234.7242821 1.0220662559673679e-05
1000000000.0 1.0454244285261499e-05
1258925411.794166 1.0691525649140116e-05
1584893192.4611173 1.0932506807479038e-05
1995262314.9688828 1.1177187674192293e-05
2511886431.509582 1.1425568539851455e-05
3162277660.1683793 1.1677649162054432e-05
3981071705.5349855 1.1933429856593335e-05
5011872336.272736 1.2192910628883124e-05
6309573444.801943 1.2456091258922039e-05
7943282347.242822 1.2722972046754413e-05
10000000000.0 1.299355297647137e-05
12589254117.941713 1.3267833948102317e-05
15848931924.611174 1.354581342478372e-05
19952623149.688828 1.3827495795687366e-05
25118864315.09582 1.4112877954054463e-05
31622776601.683792 1.4401959594728387e-05
39810717055.34985 1.469474091859222e-05
50118723362.72735 1.4991223589173015e-05
63095734448.019424 1.529140589397763e-05
79432823472.42822 1.55952885077042e-05
100000000000.0 1.590287087260891e-05
125892541179.41713 1.621415428694061e-05
158489319246.11172 1.6529137487545173e-05
199526231496.88828 1.6847820998859903e-05
251188643150.95822 1.717020440682951e-05
316227766016.83795 1.7496286843685787e-05
398107170553.49854 1.7826071919276126e-05
501187233627.2735 1.8159557339644647e-05
630957344480.1943 1.849674213923322e-05
794328234724.2821 1.8837627117900062e-05
1000000000000.0 1.9182210104599395e-05
