src/nupyprop/models/xc_tau_pn_ckmt_water.ecsv
# %ECSV 1.0
# ---
# datatype:
# - {name: energy, datatype: float64}
# - {name: sigma_pn_ckmt, datatype: float64}
# meta: !!omap
# - {Description: Tau-nucleon cross-section values for PN_CKMT in water}
# - {energy: 'Tau energy, in GeV'}
# - {sigma_ckmt: 'N_A/A * cross-section for PN_CKMT in water, in cm^2/g'}
# schema: astropy-2.0
energy sigma_pn_ckmt
1.0 0.0
1.2589254117941673 0.0
1.5848931924611136 0.0
1.9952623149688797 0.0
2.51188643150958 0.0
3.1622776601683795 0.0
3.981071705534973 0.0
5.011872336272724 0.0
6.309573444801933 0.0
7.943282347242816 1.1388986099185642e-06
10.0 1.4859916364862092e-06
12.589254117941675 1.8540473395945958e-06
15.848931924611142 2.238612759367256e-06
19.952623149688797 2.6366025929028905e-06
25.11886431509581 3.0469714804270534e-06
31.622776601683793 3.4672733196876566e-06
39.810717055349734 3.898977192749844e-06
50.11872336272725 4.341478893709611e-06
63.09573444801933 4.794859622324128e-06
79.43282347242817 5.259263879223314e-06
100.0 5.7348162246881746e-06
125.89254117941675 6.221690291060233e-06
158.48931924611142 6.5559607617443716e-06
199.52623149688807 6.201608663686864e-06
251.18864315095823 5.839268906994995e-06
316.22776601683796 5.508225918573892e-06
398.1071705534973 5.213047749431978e-06
501.18723362727246 4.952780516588522e-06
630.9573444801937 4.725075960006549e-06
794.3282347242822 4.527319590661236e-06
1000.0 4.356899978648978e-06
1258.9254117941675 4.211384081593619e-06
1584.893192461114 4.088516538139732e-06
1995.262314968881 3.9862348110775774e-06
2511.886431509582 3.902645551907221e-06
3162.2776601683795 3.8360529431247075e-06
3981.0717055349733 3.784883816413099e-06
5011.872336272725 3.747750588671088e-06
6309.573444801937 3.7233669501663056e-06
7943.282347242822 3.7106132811298547e-06
10000.0 3.7084407881031145e-06
12589.254117941688 3.715952597386028e-06
15848.93192461114 3.7323024919178996e-06
19952.62314968879 3.7567441559034218e-06
25118.864315095823 3.788641367122448e-06
31622.776601683792 3.827401036948697e-06
39810.71705534977 3.872503665010257e-06
50118.72336272725 3.923487213766593e-06
63095.73444801943 3.9799374709005845e-06
79432.82347242821 4.0415339932621865e-06
100000.0 4.107933185096388e-06
125892.54117941688 4.178879320987139e-06
158489.3192461114 4.254146702964414e-06
199526.2314968883 4.333533394744551e-06
251188.6431509582 4.416877441945376e-06
316227.7660168379 4.50404789928158e-06
398107.17055349774 4.594929598233589e-06
501187.2336272725 4.689433058537121e-06
630957.3444801943 4.787498688203212e-06
794328.2347242822 4.889074669790839e-06
1000000.0 4.994132309780529e-06
1258925.4117941686 5.102658283279328e-06
1584893.1924611141 5.214653698833455e-06
1995262.3149688828 5.330132361661451e-06
2511886.4315095823 5.449119469335066e-06
3162277.6601683795 5.571654253547347e-06
3981071.7055349774 5.697782450231646e-06
5011872.336272725 5.827561919090256e-06
6309573.444801942 5.9610583572767265e-06
7943282.347242822 6.098346543138822e-06
10000000.0 6.239507810072059e-06
12589254.117941687 6.384632916275363e-06
15848931.924611142 6.533816957017818e-06
19952623.14968883 6.6871640667197756e-06
25118864.315095823 6.8447860243003335e-06
31622776.60168379 7.006798651965767e-06
39810717.055349775 7.173325637286861e-06
50118723.36272725 7.344496634771993e-06
63095734.44801943 7.520451458898529e-06
79432823.47242822 7.701329761255818e-06
100000000.0 7.887282416507846e-06
125892541.17941661 8.078465879369047e-06
158489319.24611175 8.275043232507328e-06
199526231.49688828 8.477183649885393e-06
251188643.1509582 8.685067875635314e-06
316227766.01683795 8.898877176115915e-06
398107170.5534969 9.118805177207799e-06
501187233.6272735 9.345050837755193e-06
630957344.4801943 9.577822691000874e-06
794328234.7242821 9.817338528286957e-06
1000000000.0 1.0063818623673814e-05
1258925411.794166 1.0317512739452294e-05
1584893192.4611173 1.0578644511011087e-05
1995262314.9688828 1.0847471364016937e-05
2511886431.509582 1.1124264939436913e-05
3162277660.1683793 1.140928972745555e-05
3981071705.5349855 1.1702832846782402e-05
5011872336.272736 1.2005187905634455e-05
6309573444.801943 1.2316666201716726e-05
7943282347.242822 1.2637582810078089e-05
10000000000.0 1.2968271047691726e-05
12589254117.941713 1.330907609951683e-05
15848931924.611174 1.3660356904790642e-05
19952623149.688828 1.4022486574112943e-05
25118864315.09582 1.4395854352531494e-05
31622776601.683792 1.4780863324870905e-05
39810717055.34985 1.5177934254894102e-05
50118723362.72735 1.558749767148375e-05
63095734448.019424 1.6010027249309496e-05
79432823472.42822 1.6445981117631083e-05
100000000000.0 1.68958541464754e-05
125892541179.41713 1.736016159495298e-05
158489319246.11172 1.7839421698628683e-05
199526231496.88828 1.8334236889102133e-05
251188643150.95822 1.8845140255368165e-05
316227766016.83795 1.9372750055448544e-05
398107170553.49854 1.991769451997185e-05
501187233627.2735 2.048062782709578e-05
630957344480.1943 2.1062231121832494e-05
794328234724.2821 2.16632148721702e-05
1000000000000.0 2.2284318218685484e-05
