src/nupyprop/models/xc_tau_pn_bdhm_water.ecsv
# %ECSV 1.0
# ---
# datatype:
# - {name: energy, datatype: float64}
# - {name: sigma_pn_bdhm, datatype: float64}
# meta: !!omap
# - {Description: Tau-nucleon cross-section values for PN_BDHM in water}
# - {energy: 'Tau energy, in GeV'}
# - {sigma_bdhm: 'N_A/A * cross-section for PN_BDHM in water, in cm^2/g'}
# schema: astropy-2.0
energy sigma_pn_bdhm
1.0 0.0
1.2589254117941673 0.0
1.5848931924611136 0.0
1.9952623149688797 2.794749582128612e-08
2.51188643150958 9.992498838064737e-09
3.1622776601683795 5.4517358587270615e-09
3.981071705534973 1.6206818387168314e-08
5.011872336272724 4.4630461692271115e-08
6.309573444801933 9.169630691627689e-08
7.943282347242816 1.5750409943329552e-07
10.0 2.415483311039556e-07
12.589254117941675 3.4316774677931907e-07
15.848931924611142 4.6132019632628935e-07
19.952623149688797 5.951728679268237e-07
25.11886431509581 7.438902903565767e-07
31.622776601683793 9.066578868333782e-07
39.810717055349734 1.0833044794296836e-06
50.11872336272725 1.2733143592941037e-06
63.09573444801933 1.476335841957931e-06
79.43282347242817 1.6920952871411504e-06
100.0 1.9203876927289795e-06
125.89254117941675 2.161125410049105e-06
158.48931924611142 2.3764426492777203e-06
199.52623149688807 2.4485944936009906e-06
251.18864315095823 2.517658515618526e-06
316.22776601683796 2.5843487197114507e-06
398.1071705534973 2.6488708436779147e-06
501.18723362727246 2.711388661252188e-06
630.9573444801937 2.7721613381133716e-06
794.3282347242822 2.8313903860719196e-06
1000.0 2.8893349475346856e-06
1258.9254117941675 2.9462815338238034e-06
1584.893192461114 3.0024833852398457e-06
1995.262314968881 3.0582770202825626e-06
2511.886431509582 3.1139822346895033e-06
3162.2776601683795 3.1699170646048374e-06
3981.0717055349733 3.226408257802158e-06
5011.872336272725 3.283937274287328e-06
6309.573444801937 3.3426196073356432e-06
7943.282347242822 3.4028618600919922e-06
10000.0 3.4650401391399856e-06
12589.254117941688 3.5293906303885934e-06
15848.93192461114 3.59617868330959e-06
19952.62314968879 3.665656130879267e-06
25118.864315095823 3.7380284225358204e-06
31622.776601683792 3.8134476276948646e-06
39810.71705534977 3.892103824214579e-06
50118.72336272725 3.974110823482805e-06
63095.73444801943 4.059587938576425e-06
79432.82347242821 4.148604193845554e-06
100000.0 4.241233482441092e-06
125892.54117941688 4.337551664313366e-06
158489.3192461114 4.437600025027172e-06
199526.2314968883 4.5414090764300045e-06
251188.6431509582 4.6490028394242954e-06
316227.7660168379 4.7604110604047234e-06
398107.17055349774 4.875651333504991e-06
501187.2336272725 4.9947367252612215e-06
630957.3444801943 5.11768340649283e-06
794328.2347242822 5.2445002186297445e-06
1000000.0 5.375196711220755e-06
1258925.4117941686 5.509781037034106e-06
1584893.1924611141 5.648260197090514e-06
1995262.3149688828 5.790639755810214e-06
2511886.4315095823 5.936924143853827e-06
3162277.6601683795 6.0871193712277364e-06
3981071.7055349774 6.241226587658697e-06
5011872.336272725 6.3992500679768044e-06
6309573.444801942 6.561192856331569e-06
7943282.347242822 6.727055348086255e-06
10000000.0 6.89684074373193e-06
12589254.117941687 7.070550181219249e-06
15848931.924611142 7.248185170052877e-06
19952623.14968883 7.4297474816151255e-06
25118864.315095823 7.615237121155063e-06
31622776.60168379 7.804655384812579e-06
39810717.055349775 7.998002995936839e-06
50118723.36272725 8.195280934499146e-06
63095734.44801943 8.396489697170538e-06
79432823.47242822 8.601629802613227e-06
100000000.0 8.810701732840652e-06
125892541.17941661 9.02370626531364e-06
158489319.24611175 9.240644009969425e-06
199526231.49688828 9.461514135179588e-06
251188643.1509582 9.686317083535901e-06
316227766.01683795 9.915053438056276e-06
398107170.5534969 1.0147723701063144e-05
501187233.6272735 1.0384327687887493e-05
630957344.4801943 1.062486560416323e-05
794328234.7242821 1.0869337894922271e-05
1000000000.0 1.1117744643088016e-05
1258925411.794166 1.1370085754681044e-05
1584893192.4611173 1.1626361435512477e-05
1995262314.9688828 1.1886571578889024e-05
2511886431.509582 1.2150716560118814e-05
3162277660.1683793 1.2418796108881074e-05
3981071705.5349855 1.2690810529560582e-05
5011872336.272736 1.2966759847847253e-05
6309573444.801943 1.324664384193188e-05
7943282347.242822 1.3530462822452232e-05
10000000000.0 1.38182167771914e-05
12589254117.941713 1.4109905600637098e-05
15848931924.611174 1.440552764560425e-05
19952623149.688828 1.4705087621405981e-05
25118864315.09582 1.5008582183917532e-05
31622776601.683792 1.531601100326734e-05
39810717055.34985 1.5627374335830784e-05
50118723362.72735 1.594267393796167e-05
63095734448.019424 1.6261907964188263e-05
79432823472.42822 1.6585077145748666e-05
100000000000.0 1.6912181322443957e-05
125892541179.41713 1.7243220579499782e-05
158489319246.11172 1.7578194868432612e-05
199526231496.88828 1.7917104317730667e-05
251188643150.95822 1.8259948485356058e-05
316227766016.83795 1.8606726447605884e-05
398107170553.49854 1.8957442044858374e-05
501187233627.2735 1.931209283328592e-05
630957344480.1943 1.9670677797851915e-05
794328234724.2821 2.003319777599273e-05
1000000000000.0 2.039965046707519e-05
